IfCS,Phrase,Correct,Probablity,Attention,Distance
1,ridge regression,,0.5239943265914917,"0.2500, 0.2500, 0.1667, 0.1667, 0.1667",0.933069258928299
1,neural information processing workshop,,0.5239900946617126,"0.2500, 0.2500, 0.2500, 0.2500, 0.0000",0.5319007933139801
1,neuron clusters,,0.5190582275390625,"0.2500, 0.2445, 0.1685, 0.1685, 0.1685",0.7891392111778259
1,physical memory,,0.5235157608985901,"0.2495, 0.2500, 0.1668, 0.1668, 0.1668",0.688784271478653
1,recurrent neural networks,,0.524028480052948,"0.2500, 0.2500, 0.2500, 0.1250, 0.1250",0.720106691122055
1,distributed artificial intelligence systems,,0.5243349075317383,"0.2497, 0.2500, 0.2500, 0.2500, 0.0003",0.6410609185695648
1,uniform binary search,,0.5243324041366577,"0.1259, 0.2500, 0.2499, 0.1871, 0.1871",0.762798935174942
1,probabilistic models,,0.523985743522644,"0.2500, 0.2500, 0.1667, 0.1667, 0.1667",0.7979218065738678
1,linear bayesian svm,,0.5239856243133545,"0.2500, 0.2500, 0.2500, 0.1250, 0.1250",0.8521299213171005
1,search algorithms,,0.5244614481925964,"0.2497, 0.2500, 0.1668, 0.1668, 0.1668",0.7651630640029907
1,bayesian svm,,0.5239878296852112,"0.2500, 0.2500, 0.1667, 0.1667, 0.1667",0.8309928476810455
1,random binary tree,,0.5268236398696899,"0.2486, 0.2500, 0.2500, 0.1257, 0.1257",0.7574417144060135
1,database columns,,0.5222472548484802,"0.2500, 0.2404, 0.1699, 0.1699, 0.1699",0.8794713765382767
1,iterative algorithms,,0.5239855647087097,"0.2500, 0.2500, 0.1667, 0.1667, 0.1667",0.7616605311632156
1,maximum entropy probability distribution,,0.8459084033966064,"0.0009, 0.2500, 0.2500, 0.2500, 0.2491",0.8340714275836945
1,register allocation,,0.5241607427597046,"0.2498, 0.2500, 0.1667, 0.1667, 0.1667",0.9003751128911972
1,database dumps,,0.5240738987922668,"0.2500, 0.2499, 0.1667, 0.1667, 0.1667",0.832543283700943
1,mobile computing devices,,0.520003616809845,"0.2490, 0.2500, 0.2455, 0.1277, 0.1277",0.6265271306037903
1,meldable heap implementation,,0.5016783475875854,"0.2423, 0.2500, 0.2500, 0.1289, 0.1289",0.806744709610939
1,bonferroni testing,,0.5039549469947815,"0.2375, 0.1950, 0.1892, 0.1892, 0.1892",0.7537525743246078
1,organizational network,,0.5149495601654053,"0.2484, 0.2060, 0.1819, 0.1819, 0.1819",0.6508494019508362
1,bit manipulation,,0.5239171385765076,"0.2498, 0.2498, 0.1668, 0.1668, 0.1668",0.7591112852096558
1,structural analysis,,0.5239806175231934,"0.2500, 0.2499, 0.1667, 0.1667, 0.1667",0.6998788714408875
1,unrolled linked lists,,0.5238674283027649,"0.2497, 0.2500, 0.2500, 0.1251, 0.1251",0.9788346439599991
1,categorical distribution,,0.5241692066192627,"0.2486, 0.2500, 0.1671, 0.1671, 0.1671",0.896779902279377
1,min-conflicts algorithm,,0.5330432653427124,"0.2407, 0.2500, 0.1698, 0.1698, 0.1698",0.7672157436609268
1,evolutionary computation,,0.5240904092788696,"0.2499, 0.2500, 0.1667, 0.1667, 0.1667",0.6178157329559326
1,network processors,,0.5240310430526733,"0.2500, 0.2500, 0.1667, 0.1667, 0.1667",0.5904957950115204
1,case gradient descent,,0.5316518545150757,"0.1297, 0.2500, 0.2500, 0.1851, 0.1851",0.8750094473361969
1,information science,,0.5135008096694946,"0.2418, 0.2500, 0.1694, 0.1694, 0.1694",0.31508147716522217
1,path trees,,0.5239998698234558,"0.2500, 0.2500, 0.1667, 0.1667, 0.1667",0.9101908206939697
1,3d core graphics system,,0.5239882469177246,"0.2500, 0.2500, 0.2500, 0.2500, 0.0000",0.714015394449234
1,information theory,,0.5239171385765076,"0.2498, 0.2500, 0.1667, 0.1667, 0.1667",0.5151455998420715
1,turing machine,,0.5239850878715515,"0.2500, 0.2500, 0.1667, 0.1667, 0.1667",0.5805822908878326
1,compound algorithm,,0.523650586605072,"0.2492, 0.2500, 0.1669, 0.1669, 0.1669",0.7052076458930969
1,buffer overflows,,0.5242099761962891,"0.2498, 0.2499, 0.1668, 0.1668, 0.1668",0.8373187035322189
1,digital picture processing,,0.5240538120269775,"0.2499, 0.2500, 0.2500, 0.1251, 0.1251",0.6420237421989441
1,nm matrix,,0.5380170345306396,"0.2293, 0.2500, 0.1736, 0.1736, 0.1736",0.9108942151069641
1,negative transfer learning,,0.5190767049789429,"0.2481, 0.2459, 0.2500, 0.1280, 0.1280",0.8090358972549438
1,undirected graph,,0.5295072793960571,"0.2475, 0.2500, 0.1675, 0.1675, 0.1675",0.870538666844368
1,numerical optimization,,0.5242504477500916,"0.2451, 0.2498, 0.1684, 0.1684, 0.1684",0.8515121340751648
1,data storage,,0.5239915251731873,"0.2500, 0.2500, 0.1667, 0.1667, 0.1667",0.610968679189682
1,kargerstein algorithm,,0.5356804728507996,"0.2393, 0.2500, 0.1702, 0.1702, 0.1702",0.8430434763431549
1,kolmogorov complexity,,0.5252759456634521,"0.2472, 0.2500, 0.1676, 0.1676, 0.1676",0.8091328740119934
1,distance metric learning,,0.5240222215652466,"0.2500, 0.2500, 0.2500, 0.1250, 0.1250",0.8117695599794388
1,fuzzy propositional function,,0.5239976644515991,"0.2500, 0.2500, 0.2500, 0.1250, 0.1250",0.8882859349250793
1,string kernels,,0.5278162360191345,"0.2462, 0.2500, 0.1679, 0.1679, 0.1679",0.8336014151573181
1,normalized entropy,,0.5309336185455322,"0.2355, 0.2500, 0.1715, 0.1715, 0.1715",0.8518246412277222
1,statistical model,,0.5245878100395203,"0.2494, 0.2500, 0.1669, 0.1669, 0.1669",0.7490324676036835
1,deterministic encryption,,0.5239871740341187,"0.2500, 0.2500, 0.1667, 0.1667, 0.1667",0.8033159077167511
1,higher-order logic,,0.5239509344100952,"0.2499, 0.2500, 0.1667, 0.1667, 0.1667",0.7645618468523026
1,query optimization,,0.5377852320671082,"0.2182, 0.2500, 0.1773, 0.1773, 0.1773",0.9040393903851509
1,rotation data,,0.5239487290382385,"0.2500, 0.2498, 0.1667, 0.1667, 0.1667",0.8260536193847656
1,raw data,,0.5239861011505127,"0.2500, 0.2500, 0.1667, 0.1667, 0.1667",0.7922726571559906
1,binary file,,0.5244612693786621,"0.2500, 0.2491, 0.1670, 0.1670, 0.1670",0.8211095482110977
1,computer algebra systems,,0.5240839719772339,"0.2498, 0.2500, 0.2500, 0.1251, 0.1251",0.5437768399715424
1,computing resources,,0.5120745897293091,"0.2500, 0.2364, 0.1712, 0.1712, 0.1712",0.4133228063583374
1,data modeling,,0.5239894986152649,"0.2500, 0.2500, 0.1667, 0.1667, 0.1667",0.7044897377490997
1,function abstraction,,0.5239802598953247,"0.2500, 0.2500, 0.1667, 0.1667, 0.1667",0.8648595213890076
1,unlabeled data,,0.5239858031272888,"0.2500, 0.2500, 0.1667, 0.1667, 0.1667",0.8489990681409836
1,streaming data,,0.5417497158050537,"0.2353, 0.2500, 0.1716, 0.1716, 0.1716",0.7522254884243011
1,advanced computing environment,,0.523888349533081,"0.2499, 0.2500, 0.2500, 0.1251, 0.1251",0.41381555795669556
1,propositional logic,,0.5105020999908447,"0.2378, 0.2500, 0.1707, 0.1707, 0.1707",0.8868763670325279
1,cross-correlation matrix,,0.5239855647087097,"0.2500, 0.2500, 0.1667, 0.1667, 0.1667",0.8784430921077728
1,cluster analysis algorithms,,0.5239872336387634,"0.2500, 0.2500, 0.2500, 0.1250, 0.1250",0.7580730468034744
1,algorithmic mechanism design,,0.5239818692207336,"0.2500, 0.2500, 0.2500, 0.1250, 0.1250",0.6907841861248016
1,hilbert space,,0.523984968662262,"0.2500, 0.2500, 0.1667, 0.1667, 0.1667",0.9172873347997665
1,runtime environment,,0.5166625380516052,"0.2496, 0.2452, 0.1684, 0.1684, 0.1684",0.7851662486791611
1,computer learning,,0.5239859819412231,"0.2500, 0.2500, 0.1667, 0.1667, 0.1667",0.32777857780456543
1,sparse graph,,0.5239864587783813,"0.2500, 0.2500, 0.1667, 0.1667, 0.1667",0.8137024343013763
1,automatic memory management,,0.5221003890037537,"0.2472, 0.2500, 0.2499, 0.1264, 0.1264",0.7045445740222931
1,compiler correctness,,0.5223928689956665,"0.2500, 0.2492, 0.1669, 0.1669, 0.1669",0.7580536901950836
1,object code,,0.5239860415458679,"0.2500, 0.2500, 0.1667, 0.1667, 0.1667",0.7727648913860321
1,classical statistical databases,,0.5563856363296509,"0.2476, 0.2047, 0.2499, 0.1489, 0.1489",0.6957366466522217
1,hidden layer,,0.5273802280426025,"0.2379, 0.2500, 0.1707, 0.1707, 0.1707",0.8891206830739975
1,mathematical model,,0.5239915251731873,"0.2500, 0.2500, 0.1667, 0.1667, 0.1667",0.7746909409761429
1,statistical density functions,,0.5251515507698059,"0.2495, 0.2495, 0.2493, 0.1258, 0.1258",0.8371147960424423
1,system usability scale,,0.5202832221984863,"0.2494, 0.2496, 0.2434, 0.1288, 0.1288",0.5359116196632385
1,computational morality,,0.5240712761878967,"0.2500, 0.2499, 0.1667, 0.1667, 0.1667",0.6948114931583405
1,evolutionary programming,,0.5245934128761292,"0.2488, 0.2500, 0.1671, 0.1671, 0.1671",0.6171271204948425
1,heterogeneous environment,,0.5239182710647583,"0.2500, 0.2499, 0.1667, 0.1667, 0.1667",0.8822070509195328
1,template method pattern,,0.5248804688453674,"0.2489, 0.2500, 0.2500, 0.1256, 0.1256",0.9340474233031273
1,computer memory,,0.5239867568016052,"0.2500, 0.2500, 0.1667, 0.1667, 0.1667",0.46208250522613525
1,labeled data,,0.5160085558891296,"0.2282, 0.2499, 0.1740, 0.1740, 0.1740",0.7574167102575302
1,quantum data,,0.5239894390106201,"0.2500, 0.2500, 0.1667, 0.1667, 0.1667",0.6962906122207642
1,computational cognitive science,,0.5239855647087097,"0.2500, 0.2500, 0.2500, 0.1250, 0.1250",0.47081637382507324
1,gaussian processes,,0.5239876508712769,"0.2500, 0.2500, 0.1667, 0.1667, 0.1667",0.8350126892328262
1,decision network,,0.5239600539207458,"0.2492, 0.2499, 0.1670, 0.1670, 0.1670",0.6775503754615784
1,bsp tree,,0.5239881277084351,"0.2500, 0.2500, 0.1667, 0.1667, 0.1667",0.6862722933292389
1,explicit regression gradient boosting algorithms,,0.889600396156311,"0.0000, 0.2500, 0.2500, 0.2500, 0.2500",0.8887329995632172
1,undirected graphical model,,0.5408310890197754,"0.2429, 0.2500, 0.2500, 0.1286, 0.1286",0.753698393702507
1,approximation algorithm,,0.5239858031272888,"0.2500, 0.2500, 0.1667, 0.1667, 0.1667",0.8340542167425156
1,programming environments,,0.5214523673057556,"0.2500, 0.2459, 0.1680, 0.1680, 0.1680",0.6206164062023163
1,biased estimation,,0.5240283608436584,"0.2500, 0.2500, 0.1667, 0.1667, 0.1667",0.8543728590011597
1,boltzmann learning rule,,0.5239386558532715,"0.2500, 0.2500, 0.2498, 0.1251, 0.1251",0.8038485795259476
1,User interface design,,0.5199378728866577,"0.1834, 0.2500, 0.2500, 0.1583, 0.1583",0.6930996477603912
1,design patterns,,0.5231906771659851,"0.2491, 0.2500, 0.1670, 0.1670, 0.1670",0.676330953836441
1,tensor product,,0.5231345891952515,"0.2500, 0.2497, 0.1668, 0.1668, 0.1668",0.763838917016983
1,binary lexicographic code,,0.5239864587783813,"0.2500, 0.2500, 0.2500, 0.1250, 0.1250",0.7599815130233765
1,informatics techniques,,0.5240593552589417,"0.2500, 0.2500, 0.1667, 0.1667, 0.1667",0.5077413320541382
1,quantum mechanics,,0.5238296389579773,"0.2499, 0.2499, 0.1667, 0.1667, 0.1667",0.7883282005786896
1,numeric computation,,0.5239958167076111,"0.2500, 0.2500, 0.1667, 0.1667, 0.1667",0.6660452783107758
1,business analysis,,0.515895664691925,"0.2408, 0.2500, 0.1697, 0.1697, 0.1697",0.6603339314460754
1,quantum computer,,0.5239936113357544,"0.2500, 0.2500, 0.1667, 0.1667, 0.1667",0.4671756625175476
1,digital signal processing,,0.5239877104759216,"0.2500, 0.2500, 0.2500, 0.1250, 0.1250",0.6302083432674408
1,computable function,,0.5239855647087097,"0.2500, 0.2500, 0.1667, 0.1667, 0.1667",0.6542010009288788
1,analytic hierarchy process,,0.5239906311035156,"0.2500, 0.2500, 0.2500, 0.1250, 0.1250",0.7329360842704773
1,comparison sort,,0.5225637555122375,"0.2474, 0.2498, 0.1676, 0.1676, 0.1676",0.7995222955942154
1,parity function,,0.5239864587783813,"0.2500, 0.2500, 0.1667, 0.1667, 0.1667",0.8555658012628555
1,feature maps,,0.5239880084991455,"0.2500, 0.2500, 0.1667, 0.1667, 0.1667",0.8851295709609985
1,swarm intelligence algorithms,,0.5284906625747681,"0.2481, 0.2500, 0.2500, 0.1260, 0.1260",0.7655568867921829
1,cut theorem,,0.5236798524856567,"0.2496, 0.2500, 0.1668, 0.1668, 0.1668",0.9560708962380886
1,statistical classification,,0.5246232151985168,"0.2496, 0.2500, 0.1668, 0.1668, 0.1668",0.7054136097431183
1,prototype-based supervised classification algorithm,,0.5247427225112915,"0.2500, 0.2497, 0.2500, 0.2500, 0.0003",0.7591925263404846
1,classification problem,,0.5234845876693726,"0.2500, 0.2489, 0.1670, 0.1670, 0.1670",0.7417080104351044
1,relational database models,,0.5274104475975037,"0.2453, 0.2500, 0.2500, 0.1274, 0.1274",0.7890091985464096
1,sequential algorithms,,0.5251955389976501,"0.2487, 0.2500, 0.1671, 0.1671, 0.1671",0.7911627143621445
1,bit string,,0.5242053270339966,"0.2500, 0.2484, 0.1672, 0.1672, 0.1672",0.8936329334974289
1,reactive programming,,0.5552947521209717,"0.0825, 0.2500, 0.2225, 0.2225, 0.2225",0.737991064786911
1,sort keys,,0.5025160908699036,"0.2493, 0.2178, 0.1777, 0.1777, 0.1777",0.886773057281971
1,3d user interaction,,0.5239914059638977,"0.2500, 0.2500, 0.2500, 0.1250, 0.1250",0.6824816465377808
1,disk hardware encryption,,0.5239661931991577,"0.2498, 0.2500, 0.2500, 0.1251, 0.1251",0.7187012135982513
1,conventional dynamic memory allocation libraries,,0.607466459274292,"0.0000, 0.2500, 0.2500, 0.2500, 0.2500",0.7442850172519684
1,static arrays,,0.524107813835144,"0.2499, 0.2500, 0.1667, 0.1667, 0.1667",0.901757501065731
1,binary lexicographic codes,,0.5239874720573425,"0.2500, 0.2500, 0.2500, 0.1250, 0.1250",0.7836819291114807
1,standard sigmoid functions,,0.5338931083679199,"0.1936, 0.2500, 0.2500, 0.1532, 0.1532",0.886421374976635
1,exponential convergence,,0.52398681640625,"0.2500, 0.2500, 0.1667, 0.1667, 0.1667",0.8830647245049477
1,logspace reductions,,0.5247759819030762,"0.2489, 0.2497, 0.1671, 0.1671, 0.1671",0.885790728032589
1,computing power,,0.5231992602348328,"0.2500, 0.2487, 0.1671, 0.1671, 0.1671",0.43523913621902466
1,static hashing,,0.5243759751319885,"0.2500, 0.2487, 0.1671, 0.1671, 0.1671",0.9048333466053009
1,stochastic diffusion search,,0.5239884257316589,"0.2500, 0.2500, 0.2500, 0.1250, 0.1250",0.7768457680940628
1,polynomial decomposition theorem,,0.5239864587783813,"0.2500, 0.2500, 0.2500, 0.1250, 0.1250",0.9080438241362572
1,quantum programming environment,,0.5238884687423706,"0.2500, 0.2500, 0.2499, 0.1251, 0.1251",0.6715670526027679
1,weight-balanced tree,,0.5247859954833984,"0.2448, 0.2500, 0.1684, 0.1684, 0.1684",0.8590530753135681
1,yield intelligent behavior,,0.5163701772689819,"0.2500, 0.2497, 0.2339, 0.1332, 0.1332",0.7345687448978424
1,gaussseidel method algorithm,,0.5248135924339294,"0.2497, 0.2499, 0.2500, 0.1252, 0.1252",0.8984703421592712
1,text analysis,,0.5232466459274292,"0.2489, 0.2498, 0.1671, 0.1671, 0.1671",0.6939219832420349
1,vector clustering algorithm,,0.5239855647087097,"0.2500, 0.2500, 0.2500, 0.1250, 0.1250",0.8557373583316803
1,vigenre cipher,,0.516245424747467,"0.2319, 0.2500, 0.1727, 0.1727, 0.1727",0.8630024641752243
1,fuzzy description logics,,0.5239855647087097,"0.2500, 0.2500, 0.2500, 0.1250, 0.1250",0.8227017372846603
1,euclidean cubes,,0.5239935517311096,"0.2500, 0.2500, 0.1667, 0.1667, 0.1667",0.8793757185339928
1,linear approach,,0.5240235328674316,"0.2500, 0.2496, 0.1668, 0.1668, 0.1668",0.8333801031112671
1,output layer,,0.5250062942504883,"0.2491, 0.2500, 0.1670, 0.1670, 0.1670",0.7910722941160202
1,random vectors,,0.562483549118042,"0.2076, 0.2500, 0.1808, 0.1808, 0.1808",0.88471370190382
1,data center,,0.5238904356956482,"0.2500, 0.2499, 0.1667, 0.1667, 0.1667",0.645858883857727
1,stack machine,,0.5239856243133545,"0.2500, 0.2500, 0.1667, 0.1667, 0.1667",0.6784951686859131
1,polymorphic association,,0.5239966511726379,"0.2500, 0.2498, 0.1667, 0.1667, 0.1667",0.8495725393295288
1,bayesian kernel support vector machine,,0.8347330093383789,"0.2500, 0.2500, 0.0000, 0.2500, 0.2500",0.7815665304660797
1,process optimization software,,0.524673581123352,"0.2494, 0.2500, 0.2500, 0.1253, 0.1253",0.6368032693862915
1,certificate-based encryption,,0.523987352848053,"0.2500, 0.2500, 0.1667, 0.1667, 0.1667",0.8645384460687637
1,shuffling algorithm,,0.5246289372444153,"0.2497, 0.2500, 0.1668, 0.1668, 0.1668",0.7880881130695343
1,correlation matrix,,0.5239863395690918,"0.2500, 0.2500, 0.1667, 0.1667, 0.1667",0.927961677312851
1,resizable array,,0.5239653587341309,"0.2497, 0.2500, 0.1668, 0.1668, 0.1668",0.9587380066514015
1,polynomial time algorithm,,0.5240565538406372,"0.2500, 0.2498, 0.2500, 0.1251, 0.1251",0.8219974935054779
1,quadratic probing,,0.5239934921264648,"0.2500, 0.2500, 0.1667, 0.1667, 0.1667",0.8072507828474045
1,concurrent pattern calculus,,0.5238436460494995,"0.2491, 0.2500, 0.2500, 0.1255, 0.1255",0.9098328426480293
1,proxy pattern,,0.6475964784622192,"0.0017, 0.2496, 0.2496, 0.2496, 0.2496",0.9115257114171982
1,control theory,,0.5238385796546936,"0.2494, 0.2500, 0.1669, 0.1669, 0.1669",0.7809354066848755
1,sequential algorithm,,0.5247050523757935,"0.2493, 0.2500, 0.1669, 0.1669, 0.1669",0.8012018352746964
1,hopfield learning rule,,0.5239361524581909,"0.2500, 0.2500, 0.2498, 0.1251, 0.1251",0.8093263506889343
1,compute arithmetic operations,,0.523869514465332,"0.2500, 0.2500, 0.2498, 0.1251, 0.1251",0.7825499176979065
1,learning automaton,,0.5239607095718384,"0.2500, 0.2500, 0.1667, 0.1667, 0.1667",0.6990512013435364
1,site tracing,,0.5256146788597107,"0.2470, 0.2499, 0.1677, 0.1677, 0.1677",0.727069765329361
1,numerical computing programs,,0.5239909887313843,"0.2498, 0.2500, 0.2494, 0.1254, 0.1254",0.5128557980060577
1,programming language,,0.5239846706390381,"0.2500, 0.2500, 0.1667, 0.1667, 0.1667",0.5577075779438019
1,data sparsity,,0.5240302085876465,"0.2499, 0.2499, 0.1667, 0.1667, 0.1667",0.750560075044632
1,order logic,,0.5006898045539856,"0.2308, 0.2500, 0.1731, 0.1731, 0.1731",0.8254072368144989
1,characteristic polynomial,,0.5236496925354004,"0.2488, 0.2500, 0.1671, 0.1671, 0.1671",0.8102921396493912
1,deterministic encryption scheme,,0.5239867568016052,"0.2500, 0.2500, 0.2500, 0.1250, 0.1250",0.7939490675926208
1,boolean operators,,0.5240440964698792,"0.2500, 0.2499, 0.1667, 0.1667, 0.1667",0.9608536958694458
1,hilbert spaces,,0.5226978659629822,"0.2500, 0.2480, 0.1673, 0.1673, 0.1673",0.9864815613254905
1,text mining,,0.5238370895385742,"0.2469, 0.2304, 0.1742, 0.1742, 0.1742",0.7665350437164307
1,shannon sampling theorem,,0.5260024070739746,"0.1377, 0.2496, 0.2500, 0.1814, 0.1814",0.8910722136497498
1,Node Link,,0.5220648646354675,"0.2500, 0.2373, 0.1709, 0.1709, 0.1709",0.9805170968174934
1,artificial neural networks,,0.5239862203598022,"0.2500, 0.2500, 0.2500, 0.1250, 0.1250",0.6891476511955261
1,multivariate linear regression,,0.5239856839179993,"0.2500, 0.2500, 0.2500, 0.1250, 0.1250",0.9940470894798636
1,prediction algorithms,,0.5239856839179993,"0.2500, 0.2500, 0.1667, 0.1667, 0.1667",0.7761448174715042
1,network architecture,,0.5262864828109741,"0.2473, 0.2498, 0.1676, 0.1676, 0.1676",0.6177000999450684
1,computational system,,0.5239860415458679,"0.2500, 0.2500, 0.1667, 0.1667, 0.1667",0.4767459034919739
1,mit scheme,,0.523635983467102,"0.2499, 0.2487, 0.1671, 0.1671, 0.1671",0.8489300757646561
1,compiler design,,0.5239849090576172,"0.2500, 0.2500, 0.1667, 0.1667, 0.1667",0.6752983927726746
1,abstract algorithms,,0.524286687374115,"0.2497, 0.2500, 0.1668, 0.1668, 0.1668",0.8198685497045517
1,binary inputs,,0.5239914059638977,"0.2500, 0.2500, 0.1667, 0.1667, 0.1667",0.8004889190196991
1,computer programming tasks,,0.5239897966384888,"0.2500, 0.2500, 0.2500, 0.1250, 0.1250",0.4026647210121155
1,flexible cluster extraction,,0.5243133306503296,"0.2496, 0.2500, 0.2500, 0.1252, 0.1252",0.7778312563896179
1,numerical analysis,,0.5192432999610901,"0.2494, 0.2438, 0.1690, 0.1690, 0.1690",0.7559485733509064
1,computable functions,,0.5239856243133545,"0.2500, 0.2500, 0.1667, 0.1667, 0.1667",0.657628059387207
1,streaming algorithm,,0.5376412868499756,"0.2427, 0.2500, 0.1691, 0.1691, 0.1691",0.7852398157119751
1,adjacency list,,0.5239273309707642,"0.2500, 0.2500, 0.1667, 0.1667, 0.1667",0.8822083249688148
1,clustering algorithms,,0.5239856839179993,"0.2500, 0.2500, 0.1667, 0.1667, 0.1667",0.777249276638031
1,model predictive control,,0.5239024758338928,"0.2500, 0.2499, 0.2497, 0.1252, 0.1252",0.8141402155160904
1,variational inference,,0.5239855647087097,"0.2500, 0.2500, 0.1667, 0.1667, 0.1667",0.8547191470861435
1,inverse direction,,0.5237296223640442,"0.2500, 0.2490, 0.1670, 0.1670, 0.1670",0.9709144253283739
1,visual objects,,0.5239542722702026,"0.2499, 0.2500, 0.1667, 0.1667, 0.1667",0.6785833537578583
1,artificial systems,,0.5229397416114807,"0.2462, 0.2500, 0.1679, 0.1679, 0.1679",0.5958646833896637
1,multimodal architecture,,0.5241779088973999,"0.2496, 0.2500, 0.1668, 0.1668, 0.1668",0.6869646310806274
1,intelligent agent,,0.5254915356636047,"0.2500, 0.2459, 0.1680, 0.1680, 0.1680",0.777938187122345
1,multivariate normal distribution,,0.5246313810348511,"0.2500, 0.2495, 0.2500, 0.1253, 0.1253",0.9934649951756
1,algorithm theory,,0.5239855647087097,"0.2500, 0.2500, 0.1667, 0.1667, 0.1667",0.7077654004096985
1,memory search,,0.5239880681037903,"0.2500, 0.2500, 0.1667, 0.1667, 0.1667",0.649963766336441
1,ocaml languages,,0.519988477230072,"0.2496, 0.2438, 0.1689, 0.1689, 0.1689",0.7901014983654022
1,collision resolution schemes,,0.5253320932388306,"0.2488, 0.2500, 0.2497, 0.1258, 0.1258",0.8065034002065659
1,k-means clustering,,0.5403308272361755,"0.1675, 0.2500, 0.1942, 0.1942, 0.1942",0.8562512397766113
1,logistic regression,,0.5240049958229065,"0.2500, 0.2500, 0.1667, 0.1667, 0.1667",0.8763585463166237
1,joint probability distribution,,0.5182653069496155,"0.1859, 0.2494, 0.2499, 0.1574, 0.1574",0.8485342562198639
1,binary search tree,,0.5239856839179993,"0.2500, 0.2500, 0.2500, 0.1250, 0.1250",0.7198639810085297
1,digital filters,,0.5240182876586914,"0.2500, 0.2500, 0.1667, 0.1667, 0.1667",0.7946631908416748
1,temporal patterning,,0.5227002501487732,"0.2484, 0.2500, 0.1672, 0.1672, 0.1672",0.8512964695692062
1,code page,,0.5241419076919556,"0.2500, 0.2472, 0.1676, 0.1676, 0.1676",0.8893514648079872
1,Singleton pattern,,0.5163652896881104,"0.2398, 0.2500, 0.1701, 0.1701, 0.1701",0.9980960543034598
1,composition filters,,0.5206680297851562,"0.2443, 0.2499, 0.1686, 0.1686, 0.1686",0.8366928994655609
1,parallel computing,,0.5239872932434082,"0.2500, 0.2500, 0.1667, 0.1667, 0.1667",0.5392701029777527
1,general-purpose language,,0.5164457559585571,"0.2479, 0.2458, 0.1688, 0.1688, 0.1688",0.705463320016861
1,software solution,,0.5239195227622986,"0.2500, 0.2498, 0.1667, 0.1667, 0.1667",0.5556636154651642
1,temporal database,,0.5239153504371643,"0.2496, 0.2500, 0.1668, 0.1668, 0.1668",0.7386875152587891
1,data visualization,,0.5239872932434082,"0.2500, 0.2500, 0.1667, 0.1667, 0.1667",0.6210358738899231
1,markup language,,0.5239609479904175,"0.2500, 0.2500, 0.1667, 0.1667, 0.1667",0.7531756162643433
1,symbolic artificial intelligence,,0.5257153511047363,"0.2382, 0.2500, 0.2500, 0.1309, 0.1309",0.632782906293869
1,abstract data structures,,0.5254225134849548,"0.2457, 0.2500, 0.2500, 0.1272, 0.1272",0.7780912518501282
1,computer science,,0.5239882469177246,"0.2500, 0.2500, 0.1667, 0.1667, 0.1667",5.960464477539063e-08
1,distributed application architecture,,0.5151515007019043,"0.2344, 0.2499, 0.2500, 0.1328, 0.1328",0.6465520560741425
1,random indexing,,0.5426865220069885,"0.2355, 0.2462, 0.1727, 0.1727, 0.1727",0.7830530405044556
1,accurate identification method,,0.5170853734016418,"0.2056, 0.2487, 0.2499, 0.1479, 0.1479",0.7875840663909912
1,compilation errors,,0.5240163803100586,"0.2500, 0.2499, 0.1667, 0.1667, 0.1667",0.8194868415594101
1,data encryption standard,,0.5240353345870972,"0.2500, 0.2500, 0.2497, 0.1252, 0.1252",0.8213157802820206
1,principal component analysis,,0.5565890073776245,"0.0827, 0.2500, 0.2500, 0.2086, 0.2086",0.7405823171138763
1,balanced binary search trees,,0.5277326703071594,"0.2455, 0.2500, 0.2500, 0.2500, 0.0045",0.7667247205972672
1,directed networks,,0.52494877576828,"0.2481, 0.2496, 0.1675, 0.1675, 0.1675",0.704090416431427
1,statistical modeling,,0.527560293674469,"0.2462, 0.2498, 0.1680, 0.1680, 0.1680",0.7606099992990494
1,row vectors,,0.542241096496582,"0.2312, 0.2500, 0.1729, 0.1729, 0.1729",0.9560557082295418
1,lexicalist hypothesis,,0.5239583849906921,"0.2499, 0.2500, 0.1667, 0.1667, 0.1667",0.7951600700616837
1,computability theory,,0.5239855647087097,"0.2500, 0.2500, 0.1667, 0.1667, 0.1667",0.5169910788536072
1,bit twiddling,,0.523905336856842,"0.2498, 0.2500, 0.1667, 0.1667, 0.1667",0.7285497784614563
1,dimensional complexity theory,,0.523985743522644,"0.2500, 0.2500, 0.2500, 0.1250, 0.1250",0.810402438044548
1,interpolative decomposition,,0.5239934325218201,"0.2500, 0.2500, 0.1667, 0.1667, 0.1667",0.8935478329658508
1,sorted binary tree,,0.5239862203598022,"0.2500, 0.2500, 0.2500, 0.1250, 0.1250",0.8029219210147858
1,accelerated processing unit,,0.5239861607551575,"0.2500, 0.2500, 0.2500, 0.1250, 0.1250",0.592353492975235
1,output classification,,0.5252373218536377,"0.2488, 0.2500, 0.1671, 0.1671, 0.1671",0.6644095778465271
1,web design,,0.5239876508712769,"0.2500, 0.2500, 0.1667, 0.1667, 0.1667",0.5948061347007751
1,polynomial expression,,0.5238529443740845,"0.2500, 0.2497, 0.1668, 0.1668, 0.1668",0.8920264765620232
1,semi-structured model,,0.523986279964447,"0.2500, 0.2500, 0.1667, 0.1667, 0.1667",0.7937335520982742
1,weighted graph,,0.5320192575454712,"0.2393, 0.2500, 0.1702, 0.1702, 0.1702",0.8787119314074516
1,process pixel data,,0.5240851044654846,"0.2500, 0.2500, 0.2499, 0.1251, 0.1251",0.6871035695075989
1,typed programming languages,,0.524655282497406,"0.2490, 0.2500, 0.2500, 0.1255, 0.1255",0.624322772026062
1,application programming interface,,0.5240164399147034,"0.2500, 0.2500, 0.2500, 0.1250, 0.1250",0.634410947561264
1,hidden layers,,0.5195581316947937,"0.1927, 0.2490, 0.1861, 0.1861, 0.1861",0.8702973574399948
1,cache coherence,,0.5239861607551575,"0.2500, 0.2500, 0.1667, 0.1667, 0.1667",0.8284520953893661
1,delay-tolerant networking,,0.5240230560302734,"0.2500, 0.2500, 0.1667, 0.1667, 0.1667",0.7487810850143433
1,natural language,,0.5202382206916809,"0.2497, 0.2465, 0.1679, 0.1679, 0.1679",0.749484121799469
1,partitioning design pattern,,0.5239841341972351,"0.2500, 0.2500, 0.2500, 0.1250, 0.1250",0.8170642256736755
1,error detection,,0.5240331292152405,"0.2500, 0.2500, 0.1667, 0.1667, 0.1667",0.7396421432495117
1,statistical language model,,0.5240347385406494,"0.2500, 0.2500, 0.2499, 0.1251, 0.1251",0.6506920158863068
1,encrypted data,,0.5243645906448364,"0.2498, 0.2500, 0.1667, 0.1667, 0.1667",0.8790778666734695
1,processing data streams,,0.5068524479866028,"0.2500, 0.2500, 0.1389, 0.1806, 0.1806",0.6739491522312164
1,adaptive equalizers,,0.5239574909210205,"0.2500, 0.2497, 0.1668, 0.1668, 0.1668",0.844571590423584
1,memory management,,0.5233482122421265,"0.2500, 0.2484, 0.1672, 0.1672, 0.1672",0.6569816470146179
1,generative adversarial networks,,0.5239989161491394,"0.2500, 0.2500, 0.2500, 0.1250, 0.1250",0.7588644027709961
1,software pipelining,,0.5241125226020813,"0.2500, 0.2498, 0.1667, 0.1667, 0.1667",0.6564265191555023
1,structural pattern recognition,,0.5239039659500122,"0.2500, 0.2500, 0.2499, 0.1250, 0.1250",0.7862794548273087
1,sequence labeling,,0.523960530757904,"0.2500, 0.2499, 0.1667, 0.1667, 0.1667",0.8882548287510872
1,microbial intelligence,,0.5248658061027527,"0.2485, 0.2500, 0.1672, 0.1672, 0.1672",0.7246740758419037
1,statistical learning theory,,0.5239986777305603,"0.2500, 0.2500, 0.2500, 0.1250, 0.1250",0.7020694315433502
1,distributed algorithms,,0.5243996381759644,"0.2497, 0.2500, 0.1668, 0.1668, 0.1668",0.8020112365484238
1,software frameworks,,0.5239869356155396,"0.2500, 0.2500, 0.1667, 0.1667, 0.1667",0.5859002768993378
1,homotopy invariant,,0.523993968963623,"0.2500, 0.2500, 0.1667, 0.1667, 0.1667",0.8846137747168541
1,quantum graph states,,0.5221219658851624,"0.2500, 0.2500, 0.2456, 0.1272, 0.1272",0.8012595623731613
1,generalized additive models,,0.5239923000335693,"0.2500, 0.2499, 0.2500, 0.1250, 0.1250",0.9266290217638016
1,polynomial sequences,,0.5240272879600525,"0.2500, 0.2499, 0.1667, 0.1667, 0.1667",0.8800050690770149
1,test bits,,0.5228133201599121,"0.2484, 0.2497, 0.1673, 0.1673, 0.1673",0.8140938580036163
1,machine translation,,0.5184693336486816,"0.2500, 0.2456, 0.1681, 0.1681, 0.1681",0.6735755503177643
1,denotational semantics,,0.5239892601966858,"0.2500, 0.2500, 0.1667, 0.1667, 0.1667",0.7974472045898438
1,automated space docking,,0.5239241123199463,"0.2482, 0.2500, 0.2496, 0.1261, 0.1261",0.7565741240978241
1,linear equations,,0.5239856243133545,"0.2500, 0.2500, 0.1667, 0.1667, 0.1667",0.999839488446014
1,digital transmission,,0.5240492820739746,"0.2499, 0.2498, 0.1668, 0.1668, 0.1668",0.7125867605209351
1,milnermycroft calculus,,0.5240264534950256,"0.2499, 0.2500, 0.1667, 0.1667, 0.1667",0.8542164266109467
1,continuous-time recurrent neural networks,,0.52544105052948,"0.2491, 0.2499, 0.2500, 0.2500, 0.0009",0.7929542511701584
1,memory debugger,,0.5239855647087097,"0.2500, 0.2500, 0.1667, 0.1667, 0.1667",0.7314836084842682
1,lazy learning,,0.5239854454994202,"0.2500, 0.2500, 0.1667, 0.1667, 0.1667",0.7351371943950653
1,computational systems,,0.5239861011505127,"0.2500, 0.2500, 0.1667, 0.1667, 0.1667",0.5226759314537048
1,bayesian networks,,0.5239861607551575,"0.2500, 0.2500, 0.1667, 0.1667, 0.1667",0.7706001847982407
1,binary search tree algorithm,,0.523985743522644,"0.2500, 0.2500, 0.2500, 0.2500, 0.0000",0.7622043937444687
1,matrix multiplication,,0.5239855051040649,"0.2500, 0.2500, 0.1667, 0.1667, 0.1667",0.9539908319711685
1,statistical inference,,0.5240446925163269,"0.2500, 0.2500, 0.1667, 0.1667, 0.1667",0.7710323482751846
1,loop body,,0.5192787647247314,"0.2500, 0.2467, 0.1678, 0.1678, 0.1678",0.8740115910768509
1,support-vector machine,,0.5239855647087097,"0.2500, 0.2500, 0.1667, 0.1667, 0.1667",0.6672067046165466
1,algorithmic paradigm,,0.5239850878715515,"0.2500, 0.2500, 0.1667, 0.1667, 0.1667",0.6878574192523956
1,underlying graph,,0.502987802028656,"0.1115, 0.2500, 0.2128, 0.2128, 0.2128",0.7798452228307724
1,nonparametric bayesian models,,0.5239856839179993,"0.2500, 0.2500, 0.2500, 0.1250, 0.1250",0.9502221010625362
1,computational process,,0.5239877104759216,"0.2500, 0.2500, 0.1667, 0.1667, 0.1667",0.5740346014499664
1,generic programming,,0.524627149105072,"0.2389, 0.2500, 0.1704, 0.1704, 0.1704",0.7586280554533005
1,gesture recognition,,0.5158559083938599,"0.2417, 0.2499, 0.1695, 0.1695, 0.1695",0.8745426833629608
1,immutable object,,0.5239856243133545,"0.2500, 0.2500, 0.1667, 0.1667, 0.1667",0.8298112004995346
1,recognition tasks,,0.5239661335945129,"0.2500, 0.2500, 0.1667, 0.1667, 0.1667",0.6727097928524017
1,typed lambda calculus,,0.5110198259353638,"0.0962, 0.2500, 0.2500, 0.2019, 0.2019",0.8456858098506927
1,data model,,0.5239862203598022,"0.2500, 0.2500, 0.1667, 0.1667, 0.1667",0.6869619488716125
1,evaluation functions,,0.5244160294532776,"0.2495, 0.2500, 0.1668, 0.1668, 0.1668",0.7877671718597412
1,probability generators,,0.5247413516044617,"0.2498, 0.2497, 0.1668, 0.1668, 0.1668",0.7287864685058594
1,user queries,,0.5168119668960571,"0.2352, 0.2451, 0.1732, 0.1732, 0.1732",0.8638170957565308
1,software structure,,0.5239866971969604,"0.2500, 0.2500, 0.1667, 0.1667, 0.1667",0.49953824281692505
1,code space,,0.5239858627319336,"0.2500, 0.2500, 0.1667, 0.1667, 0.1667",0.8324073255062103
1,backward euler method,,0.5242472887039185,"0.2500, 0.2499, 0.2495, 0.1253, 0.1253",0.9312534928321838
1,neural turing machines,,0.5239824056625366,"0.2500, 0.2500, 0.2500, 0.1250, 0.1250",0.6122940182685852
1,semi-supervised learning,,0.523990273475647,"0.2500, 0.2500, 0.1667, 0.1667, 0.1667",0.7280890345573425
1,object recognition technology,,0.5239848494529724,"0.2500, 0.2500, 0.2500, 0.1250, 0.1250",0.6077326834201813
1,normal distribution,,0.5389737486839294,"0.1364, 0.2462, 0.2058, 0.2058, 0.2058",0.9316475614905357
1,schwartzian transform,,0.5233292579650879,"0.2484, 0.2499, 0.1672, 0.1672, 0.1672",0.9563411325216293
1,structured analysis,,0.5239571332931519,"0.2499, 0.2500, 0.1667, 0.1667, 0.1667",0.7226738929748535
1,markov partition,,0.5239863395690918,"0.2500, 0.2500, 0.1667, 0.1667, 0.1667",0.8444886654615402
1,eigenvalue algorithm,,0.5239863395690918,"0.2500, 0.2500, 0.1667, 0.1667, 0.1667",0.8375627249479294
1,data warehouse,,0.5238444805145264,"0.2500, 0.2489, 0.1670, 0.1670, 0.1670",0.5619381070137024
1,random permutation model,,0.5247133374214172,"0.2492, 0.2500, 0.2500, 0.1254, 0.1254",0.874632403254509
1,binary floating point,,0.5237521529197693,"0.2500, 0.2500, 0.2498, 0.1251, 0.1251",0.7935574948787689
1,compressed version,,0.5239925980567932,"0.2500, 0.2500, 0.1667, 0.1667, 0.1667",0.7775194495916367
1,plane tree,,0.5240081548690796,"0.2500, 0.2500, 0.1667, 0.1667, 0.1667",0.7602394670248032
1,digital conversion,,0.5239697098731995,"0.2499, 0.2500, 0.1667, 0.1667, 0.1667",0.6488366425037384
1,topos theory,,0.524048388004303,"0.2497, 0.2500, 0.1668, 0.1668, 0.1668",0.7153179049491882
1,system performance,,0.5180786848068237,"0.2499, 0.2441, 0.1687, 0.1687, 0.1687",0.5839947462081909
1,randomizing function,,0.5239903330802917,"0.2500, 0.2500, 0.1667, 0.1667, 0.1667",0.8260356783866882
1,mathematical reasoning,,0.5239844918251038,"0.2500, 0.2500, 0.1667, 0.1667, 0.1667",0.7747852057218552
1,cholesky decomposition,,0.5242040753364563,"0.2483, 0.2500, 0.1672, 0.1672, 0.1672",0.8875397890806198
1,coding theory,,0.5239855647087097,"0.2500, 0.2500, 0.1667, 0.1667, 0.1667",0.6918726861476898
1,markov chain monte carlo,,0.5241032242774963,"0.2500, 0.2500, 0.2500, 0.2499, 0.0001",0.7770867943763733
1,balancing binary search tree,,0.5362457036972046,"0.2398, 0.2500, 0.2500, 0.2500, 0.0102",0.7234145998954773
1,gene analysis,,0.5239858627319336,"0.2500, 0.2500, 0.1667, 0.1667, 0.1667",0.7369173765182495
1,sequential coupling,,0.5219832062721252,"0.2477, 0.2500, 0.1674, 0.1674, 0.1674",0.8845570236444473
1,protein sequences,,0.5242494344711304,"0.2495, 0.2500, 0.1669, 0.1669, 0.1669",0.8448646366596222
1,theoretical computer science,,0.5230036973953247,"0.2481, 0.2500, 0.2500, 0.1260, 0.1260",0.12055164575576782
1,table structure,,0.523848831653595,"0.2500, 0.2499, 0.1667, 0.1667, 0.1667",0.875904493033886
1,functional arguments,,0.503654956817627,"0.2499, 0.1985, 0.1839, 0.1839, 0.1839",0.9451535530388355
1,circulant matrix,,0.531667947769165,"0.2438, 0.2500, 0.1687, 0.1687, 0.1687",0.9559728689491749
1,compiler switch,,0.5040684938430786,"0.2500, 0.2368, 0.1711, 0.1711, 0.1711",0.7460457980632782
1,bayes net,,0.5231133103370667,"0.2480, 0.2497, 0.1675, 0.1675, 0.1675",0.7938865572214127
1,autonomic networking,,0.5240380167961121,"0.2500, 0.2500, 0.1667, 0.1667, 0.1667",0.7483201026916504
1,technology mining,,0.5240117311477661,"0.2499, 0.2499, 0.1667, 0.1667, 0.1667",0.555562287569046
1,robbinsmonro optimization algorithm,,0.6148480772972107,"0.0992, 0.2500, 0.2500, 0.2004, 0.2004",0.9135447293519974
1,address space,,0.5007858872413635,"0.0609, 0.2488, 0.2301, 0.2301, 0.2301",0.8083483576774597
1,linearly independent variables,,0.5240121483802795,"0.2500, 0.2497, 0.2500, 0.1251, 0.1251",0.8972848206758499
1,linear combinations,,0.518775999546051,"0.2500, 0.2461, 0.1680, 0.1680, 0.1680",0.9383814260363579
1,gradient boosting,,0.522628664970398,"0.2500, 0.2469, 0.1677, 0.1677, 0.1677",0.8336245864629745
1,flow analysis,,0.5220375657081604,"0.2455, 0.2499, 0.1682, 0.1682, 0.1682",0.7856101393699646
1,greedy algorithm,,0.5370386838912964,"0.2330, 0.2500, 0.1723, 0.1723, 0.1723",0.8363716155290604
1,markov assumption,,0.5239872336387634,"0.2500, 0.2500, 0.1667, 0.1667, 0.1667",0.8823099806904793
1,logical unit,,0.5239683389663696,"0.2500, 0.2500, 0.1667, 0.1667, 0.1667",0.7795663326978683
1,image recognition,,0.5239909291267395,"0.2500, 0.2500, 0.1667, 0.1667, 0.1667",0.8538079112768173
1,linear frequency,,0.5240638256072998,"0.2500, 0.2498, 0.1667, 0.1667, 0.1667",0.8565215766429901
1,rbf networks,,0.5243009328842163,"0.2499, 0.2499, 0.1668, 0.1668, 0.1668",0.6801019608974457
1,data processing industry,,0.5239530205726624,"0.2500, 0.2500, 0.2499, 0.1250, 0.1250",0.5234952867031097
1,oracle developer studio,,0.5169327259063721,"0.2372, 0.2500, 0.2500, 0.1314, 0.1314",0.7372705936431885
1,linear system,,0.523985743522644,"0.2500, 0.2500, 0.1667, 0.1667, 0.1667",0.7072106301784515
1,composite data type,,0.5239851474761963,"0.2500, 0.2500, 0.2500, 0.1250, 0.1250",0.6580648720264435
1,null reference,,0.5148540735244751,"0.2465, 0.2472, 0.1688, 0.1688, 0.1688",0.9488938041031361
1,computer ethics,,0.5345637202262878,"0.2498, 0.1879, 0.1874, 0.1874, 0.1874",0.4197990894317627
1,performance analyzer,,0.5254395008087158,"0.2454, 0.2493, 0.1684, 0.1684, 0.1684",0.6092925667762756
1,truth table,,0.5182176828384399,"0.2443, 0.2500, 0.1686, 0.1686, 0.1686",0.8189127594232559
1,recursive relation,,0.5238831043243408,"0.2500, 0.2499, 0.1667, 0.1667, 0.1667",0.8560682833194733
1,synthetic consciousness,,0.5236331224441528,"0.2500, 0.2495, 0.1668, 0.1668, 0.1668",0.8060187995433807
1,constraint programming,,0.5239866375923157,"0.2500, 0.2500, 0.1667, 0.1667, 0.1667",0.8101357221603394
1,entropy method,,0.524029552936554,"0.2500, 0.2500, 0.1667, 0.1667, 0.1667",0.8344624489545822
1,normalization layers,,0.523987352848053,"0.2500, 0.2500, 0.1667, 0.1667, 0.1667",0.8559238016605377
1,database model,,0.5239858627319336,"0.2500, 0.2500, 0.1667, 0.1667, 0.1667",0.7585175335407257
1,input data,,0.5294791460037231,"0.2178, 0.2499, 0.1774, 0.1774, 0.1774",0.7708985954523087
1,web servers,,0.527585506439209,"0.2499, 0.2457, 0.1681, 0.1681, 0.1681",0.6408212780952454
1,higher-order logics,,0.5238965749740601,"0.2499, 0.2500, 0.1667, 0.1667, 0.1667",0.757618859410286
1,linked list,,0.5239854454994202,"0.2500, 0.2500, 0.1667, 0.1667, 0.1667",0.9486110620200634
1,graph search,,0.5239985585212708,"0.2500, 0.2499, 0.1667, 0.1667, 0.1667",0.7405502200126648
1,binary vectors,,0.5239855647087097,"0.2500, 0.2500, 0.1667, 0.1667, 0.1667",0.8824053183197975
1,unsupervised feature learning,,0.5240132212638855,"0.2500, 0.2500, 0.2500, 0.1250, 0.1250",0.7955181449651718
1,mutable ordered lists,,0.5193772315979004,"0.2500, 0.2467, 0.2500, 0.1266, 0.1266",0.888711966574192
1,hidden markov model,,0.525635838508606,"0.2481, 0.2500, 0.2500, 0.1259, 0.1259",0.8222078531980515
1,computer architecture,,0.5240108966827393,"0.2500, 0.2500, 0.1667, 0.1667, 0.1667",0.31245583295822144
1,probabilistic encryption scheme,,0.523986279964447,"0.2500, 0.2500, 0.2500, 0.1250, 0.1250",0.8025411069393158
1,image search tool,,0.5242080092430115,"0.2500, 0.2497, 0.2500, 0.1252, 0.1252",0.7984634935855865
1,multimedia data,,0.5255034565925598,"0.2465, 0.2500, 0.1678, 0.1678, 0.1678",0.5555909872055054
1,subject-oriented programming,,0.5180218815803528,"0.2199, 0.2500, 0.1767, 0.1767, 0.1767",0.5243482887744904
1,untyped tree structure,,0.52401202917099,"0.2500, 0.2500, 0.2500, 0.1250, 0.1250",0.8568557053804398
1,encryption algorithms,,0.523992121219635,"0.2500, 0.2500, 0.1667, 0.1667, 0.1667",0.8255533576011658
1,extensible text framework,,0.52359938621521,"0.2496, 0.2497, 0.2500, 0.1254, 0.1254",0.8290981501340866
1,asymptotically efficient multiplication algorithm,,0.5245360732078552,"0.2499, 0.2498, 0.2500, 0.2500, 0.0003",0.9065322056412697
1,character encoding,,0.5241033434867859,"0.2470, 0.2500, 0.1677, 0.1677, 0.1677",0.8739133924245834
1,logistic function,,0.5240089893341064,"0.2500, 0.2500, 0.1667, 0.1667, 0.1667",0.866630345582962
1,bit array,,0.5240092277526855,"0.2500, 0.2500, 0.1667, 0.1667, 0.1667",0.8894147202372551
1,numerical linear algebra,,0.5250967741012573,"0.2492, 0.2500, 0.2500, 0.1254, 0.1254",0.8877261057496071
1,bit manipulations,,0.5238259434700012,"0.2497, 0.2497, 0.1669, 0.1669, 0.1669",0.7516601234674454
1,learning algorithm,,0.5239861011505127,"0.2500, 0.2500, 0.1667, 0.1667, 0.1667",0.7165277898311615
1,state machine,,0.5221541523933411,"0.2469, 0.2500, 0.1677, 0.1677, 0.1677",0.616494208574295
1,functional programming,,0.5239896774291992,"0.2500, 0.2500, 0.1667, 0.1667, 0.1667",0.6693910658359528
1,proof method,,0.5193796157836914,"0.2422, 0.2498, 0.1693, 0.1693, 0.1693",0.7985685914754868
1,unlabeled input data,,0.5242118239402771,"0.2500, 0.2497, 0.2500, 0.1252, 0.1252",0.8884370028972626
