IfCS,Phrase,Correct,Probablity,Attention,Distance
1,deep reinforcement learning,,0.709256112575531,"0.2057, 0.1864, 0.1409, 0.2335, 0.2335",0.8431742638349533
1,cognitive modeling,,0.7998417019844055,"0.0923, 0.1921, 0.2386, 0.2386, 0.2386",0.7320772409439087
1,database normalization,,1.0955491065979004,"0.0245, 0.2281, 0.2491, 0.2491, 0.2491",0.7851311564445496
1,thomas algorithm,,0.62077796459198,"0.2380, 0.0532, 0.2363, 0.2363, 0.2363",0.7086360454559326
1,computational methods,,0.7927610874176025,"0.0369, 0.2255, 0.2459, 0.2459, 0.2459",0.6105825901031494
1,stochastic differential equations,,0.7227362394332886,"0.1648, 0.1412, 0.2003, 0.2468, 0.2468",0.9235688596963882
1,code points,,0.5960873961448669,"0.0632, 0.2362, 0.2335, 0.2335, 0.2335",0.8185900747776031
1,runtime error detection,,0.8190213441848755,"0.2389, 0.1732, 0.1377, 0.2251, 0.2251",0.7560553252696991
1,analytical hierarchy process,,0.7726873159408569,"0.1226, 0.1523, 0.2345, 0.2453, 0.2453",0.6446358859539032
1,function evaluates,,0.7776904702186584,"0.0405, 0.2285, 0.2437, 0.2437, 0.2437",0.9312770888209343
1,database model,,1.2143957614898682,"0.0155, 0.2369, 0.2492, 0.2492, 0.2492",0.7585175335407257
1,iterative algorithms,,0.9776292443275452,"0.0707, 0.1818, 0.2492, 0.2492, 0.2492",0.7616605311632156
1,scientific programming language,,0.608521580696106,"0.2288, 0.0498, 0.2387, 0.2414, 0.2414",0.3949778079986572
1,flexible cluster extraction,,0.8575960397720337,"0.2155, 0.1484, 0.1610, 0.2376, 0.2376",0.7778312563896179
1,mobile software agent,,0.5778822898864746,"0.2367, 0.1129, 0.2219, 0.2142, 0.2142",0.8221447020769119
1,probabilistic tests,,0.5277270078659058,"0.1206, 0.2254, 0.2180, 0.2180, 0.2180",0.7695007920265198
1,artificial consciousness,,0.6408790349960327,"0.0986, 0.1901, 0.2371, 0.2371, 0.2371",0.7607933133840561
1,humancomputer interfaces,,0.5156402587890625,"0.0344, 0.2261, 0.2465, 0.2465, 0.2465",0.5212525427341461
1,database dumps,,0.9018176794052124,"0.0448, 0.2064, 0.2496, 0.2496, 0.2496",0.832543283700943
1,math functions,,0.6024155616760254,"0.1927, 0.0899, 0.2392, 0.2392, 0.2392",0.9061705321073532
1,disk encryption software,,1.0091919898986816,"0.1877, 0.1365, 0.1815, 0.2471, 0.2471",0.7406781315803528
1,software development,,0.54212886095047,"0.1215, 0.2235, 0.2183, 0.2183, 0.2183",0.5374779105186462
1,osi model,,0.5061723589897156,"0.1514, 0.1721, 0.2255, 0.2255, 0.2255",0.5640356540679932
1,sigmoid curve,,0.7331675291061401,"0.1738, 0.1241, 0.2340, 0.2340, 0.2340",0.929823026061058
1,predictive analytics,,0.6867516040802002,"0.1801, 0.0978, 0.2407, 0.2407, 0.2407",0.7111316919326782
1,randomized algorithms,,1.0564274787902832,"0.1022, 0.1551, 0.2476, 0.2476, 0.2476",0.7440454661846161
1,internet applications,,0.56138676404953,"0.0803, 0.2254, 0.2314, 0.2314, 0.2314",0.5270381569862366
1,scientific visualization,,0.638906717300415,"0.2001, 0.1279, 0.2240, 0.2240, 0.2240",0.526837021112442
1,data-flow diagram,,0.781314492225647,"0.0957, 0.1681, 0.2454, 0.2454, 0.2454",0.7244827151298523
1,organizational network,,0.5316011309623718,"0.1945, 0.1073, 0.2327, 0.2327, 0.2327",0.6508494019508362
1,conformational analysis,,0.6016256213188171,"0.1631, 0.1452, 0.2306, 0.2306, 0.2306",0.8639472424983978
1,immersive design,,0.5981118679046631,"0.1385, 0.2077, 0.2179, 0.2179, 0.2179",0.6603149175643921
1,model sequences,,0.6195648312568665,"0.1897, 0.1191, 0.2304, 0.2304, 0.2304",0.7955507636070251
1,polygonal approximations,,0.8855312466621399,"0.0907, 0.1807, 0.2429, 0.2429, 0.2429",0.8918329998850822
1,hashing problem,,0.50324946641922,"0.1108, 0.2097, 0.2265, 0.2265, 0.2265",0.9844932081177831
1,batch processing,,0.643064558506012,"0.1859, 0.0695, 0.2482, 0.2482, 0.2482",0.6713305115699768
1,computer programs,,0.7096121311187744,"0.1065, 0.1838, 0.2366, 0.2366, 0.2366",0.26209408044815063
1,successive linear programming,,0.6769874095916748,"0.2447, 0.1235, 0.1353, 0.2483, 0.2483",0.7609490156173706
1,linear discriminant function,,0.8940920233726501,"0.2023, 0.1896, 0.1132, 0.2474, 0.2474",0.8484081327915192
1,graphical program elements,,0.7244789004325867,"0.1648, 0.1379, 0.2176, 0.2399, 0.2399",0.5766641795635223
1,ridge regression estimator,,0.7084910273551941,"0.2323, 0.0786, 0.2006, 0.2442, 0.2442",0.9307036399841309
1,row vectors,,0.6584764719009399,"0.1607, 0.1066, 0.2443, 0.2443, 0.2443",0.9560557082295418
1,optimization software,,0.7929039001464844,"0.1179, 0.1414, 0.2469, 0.2469, 0.2469",0.6430798470973969
1,typed lambda calculus,,0.7915346026420593,"0.2364, 0.1132, 0.1722, 0.2391, 0.2391",0.8456858098506927
1,digital sort,,0.7115554809570312,"0.1074, 0.2043, 0.2294, 0.2294, 0.2294",0.6917886435985565
1,correlation matrix,,0.8871527910232544,"0.1882, 0.0732, 0.2462, 0.2462, 0.2462",0.927961677312851
1,bitwise operations,,0.6661543846130371,"0.0988, 0.1891, 0.2374, 0.2374, 0.2374",0.8663259744644165
1,tree contraction,,1.2424907684326172,"0.0845, 0.2140, 0.2338, 0.2338, 0.2338",0.9148218110203743
1,fuzzy control systems,,0.8871341943740845,"0.0578, 0.2238, 0.2271, 0.2456, 0.2456",0.7839367091655731
1,optimization algorithm,,0.9419130682945251,"0.0691, 0.1845, 0.2488, 0.2488, 0.2488",0.8079167306423187
1,genetic algorithms,,1.223103404045105,"0.1487, 0.1067, 0.2482, 0.2482, 0.2482",0.7008451521396637
1,combinatorial optimization,,0.7867311239242554,"0.1470, 0.1241, 0.2430, 0.2430, 0.2430",0.7854668200016022
1,k-means clustering,,0.5193778276443481,"0.2333, 0.1503, 0.2055, 0.2055, 0.2055",0.8562512397766113
1,output layer,,0.6147160530090332,"0.0595, 0.2019, 0.2462, 0.2462, 0.2462",0.7910722941160202
1,concurrency control,,0.6502436995506287,"0.0253, 0.2328, 0.2473, 0.2473, 0.2473",0.8459779322147369
1,cpu cache,,0.8194087743759155,"0.1058, 0.1459, 0.2494, 0.2494, 0.2494",0.7607395052909851
1,information technology,,0.6109364032745361,"0.1055, 0.2091, 0.2285, 0.2285, 0.2285",0.3491266965866089
1,prototype-based supervised classification algorithm,,0.9163365364074707,"0.2418, 0.2331, 0.1384, 0.1461, 0.2405",0.7591925263404846
1,tech mining,,0.543286919593811,"0.1519, 0.1371, 0.2370, 0.2370, 0.2370",0.5182087421417236
1,behavioral software design pattern,,0.6909958124160767,"0.2374, 0.0622, 0.2279, 0.2432, 0.2294",0.6094609797000885
1,pigeonhole sorting,,0.8106898069381714,"0.1731, 0.1802, 0.2156, 0.2156, 0.2156",0.9017622619867325
1,eigenvalue algorithm,,0.9503629207611084,"0.1331, 0.1245, 0.2475, 0.2475, 0.2475",0.8375627249479294
1,time delays,,0.5997092723846436,"0.1159, 0.1948, 0.2298, 0.2298, 0.2298",0.8472709953784943
1,user interface software,,0.7243517637252808,"0.2273, 0.1748, 0.1194, 0.2393, 0.2393",0.6194142699241638
1,correction algorithms,,0.6274031400680542,"0.1998, 0.0684, 0.2439, 0.2439, 0.2439",0.7826316803693771
1,database index,,1.0730328559875488,"0.0356, 0.2194, 0.2484, 0.2484, 0.2484",0.7995284646749496
1,random indexing,,0.5422488451004028,"0.1340, 0.2059, 0.2200, 0.2200, 0.2200",0.7830530405044556
1,computational complexity,,0.9813230037689209,"0.0255, 0.2289, 0.2485, 0.2485, 0.2485",0.6247101724147797
1,static compilation,,0.8342986106872559,"0.1696, 0.0904, 0.2467, 0.2467, 0.2467",0.7601277381181717
1,encryption algorithms,,1.291754961013794,"0.0892, 0.1642, 0.2489, 0.2489, 0.2489",0.8255533576011658
1,terminal node,,0.7404965162277222,"0.1777, 0.1059, 0.2388, 0.2388, 0.2388",0.9114455804228783
1,markowitz method,,0.6798574924468994,"0.1472, 0.1465, 0.2354, 0.2354, 0.2354",0.9212993457913399
1,sparse approximation,,1.019549012184143,"0.0700, 0.1994, 0.2435, 0.2435, 0.2435",0.8938637301325798
1,connectionist networks,,0.8820521235466003,"0.1800, 0.0982, 0.2406, 0.2406, 0.2406",0.7014954686164856
1,dynamic array,,0.8879143595695496,"0.1538, 0.1094, 0.2456, 0.2456, 0.2456",0.9607620649039745
1,protein sequences,,0.8264603018760681,"0.2174, 0.0640, 0.2395, 0.2395, 0.2395",0.8448646366596222
1,logic program,,0.9375388622283936,"0.0843, 0.1735, 0.2474, 0.2474, 0.2474",0.6473451256752014
1,plane sweep,,0.6212806105613708,"0.1604, 0.2006, 0.2130, 0.2130, 0.2130",0.877670057117939
1,logic programming languages,,0.8867135643959045,"0.1583, 0.1090, 0.2382, 0.2472, 0.2472",0.6500926613807678
1,optimization theory,,0.8232005834579468,"0.0876, 0.1875, 0.2416, 0.2416, 0.2416",0.7708771824836731
1,boolean functions,,0.9974340796470642,"0.1351, 0.1219, 0.2476, 0.2476, 0.2476",0.9404405951499939
1,computer terminals,,0.8022927045822144,"0.0433, 0.2236, 0.2444, 0.2444, 0.2444",0.5136216878890991
1,computational models,,1.0673587322235107,"0.0133, 0.2395, 0.2490, 0.2490, 0.2490",0.6441298723220825
1,sparse distributed memory,,0.9542732238769531,"0.1608, 0.1652, 0.1784, 0.2478, 0.2478",0.7924982458353043
1,computational problems,,0.6290022134780884,"0.0394, 0.2330, 0.2425, 0.2425, 0.2425",0.704860657453537
1,database columns,,1.060068130493164,"0.0339, 0.2269, 0.2464, 0.2464, 0.2464",0.8794713765382767
1,hilbert space,,0.89216548204422,"0.0794, 0.1962, 0.2415, 0.2415, 0.2415",0.9172873347997665
1,linear approach,,0.8428447246551514,"0.0503, 0.2345, 0.2384, 0.2384, 0.2384",0.8333801031112671
1,linear programming algorithm finds,,0.8144218921661377,"0.1897, 0.0896, 0.2274, 0.2448, 0.2485",0.7557253837585449
1,linearly dependent,,0.6273682117462158,"0.0811, 0.2301, 0.2296, 0.2296, 0.2296",0.868549033999443
1,vector quantization,,0.9460561871528625,"0.0546, 0.2034, 0.2473, 0.2473, 0.2473",0.871040403842926
1,functional optimization,,0.6248974204063416,"0.1167, 0.1489, 0.2448, 0.2448, 0.2448",0.7968671321868896
1,Bayesian information criterion,,0.7556698322296143,"0.1881, 0.1450, 0.2093, 0.2288, 0.2288",0.7764559686183929
1,online algorithms,,0.8492082357406616,"0.1702, 0.0936, 0.2454, 0.2454, 0.2454",0.7022464275360107
1,generalized additive model,,0.5270693302154541,"0.1637, 0.1685, 0.1967, 0.2355, 0.2355",0.9135082885622978
1,intelligent agents,,0.512824535369873,"0.1570, 0.2228, 0.2067, 0.2067, 0.2067",0.7135713696479797
1,statistical computing,,0.9546051621437073,"0.1402, 0.1146, 0.2484, 0.2484, 0.2484",0.5098395645618439
1,code modulation,,0.9104061126708984,"0.0054, 0.2458, 0.2496, 0.2496, 0.2496",0.7857186794281006
1,outer node,,0.549003005027771,"0.1786, 0.1373, 0.2280, 0.2280, 0.2280",0.9927471652626991
1,computational intelligence,,1.0244083404541016,"0.0368, 0.2162, 0.2490, 0.2490, 0.2490",0.49136799573898315
1,support-vector machine,,0.8523088693618774,"0.0599, 0.1938, 0.2488, 0.2488, 0.2488",0.6672067046165466
1,sorted binary tree,,1.2799309492111206,"0.1716, 0.1134, 0.2212, 0.2469, 0.2469",0.8029219210147858
1,boolean operators,,0.8838539719581604,"0.1220, 0.1449, 0.2444, 0.2444, 0.2444",0.9608536958694458
1,virtual intelligence,,1.1963322162628174,"0.1095, 0.1476, 0.2476, 0.2476, 0.2476",0.5333933234214783
1,computer science,,0.7691248059272766,"0.0654, 0.2315, 0.2344, 0.2344, 0.2344",5.960464477539063e-08
1,random vectors,,0.5028720498085022,"0.1703, 0.1588, 0.2237, 0.2237, 0.2237",0.88471370190382
1,number theory,,0.5717016458511353,"0.2294, 0.1286, 0.2140, 0.2140, 0.2140",0.8132842034101486
1,convolutional neural networks,,1.0558412075042725,"0.2344, 0.0836, 0.1856, 0.2482, 0.2482",0.781034916639328
1,fast multiplication algorithms,,0.5065456628799438,"0.2141, 0.1442, 0.1593, 0.2412, 0.2412",0.7867570221424103
1,logical data model,,0.8009011149406433,"0.1904, 0.0789, 0.2355, 0.2476, 0.2476",0.7416945397853851
1,vector field,,0.773414671421051,"0.1013, 0.1951, 0.2345, 0.2345, 0.2345",0.9544727094471455
1,constraint decision model,,0.7137072086334229,"0.0538, 0.2383, 0.2277, 0.2401, 0.2401",0.8489910811185837
1,compressed version,,0.5350754261016846,"0.0172, 0.2397, 0.2477, 0.2477, 0.2477",0.7775194495916367
1,mathematical model,,0.7888811230659485,"0.0817, 0.2020, 0.2388, 0.2388, 0.2388",0.7746909409761429
1,oriented decomposition,,0.5982656478881836,"0.1449, 0.1208, 0.2448, 0.2448, 0.2448",0.7428902387619019
1,higher-order logics,,0.7368446588516235,"0.2109, 0.0581, 0.2437, 0.2437, 0.2437",0.757618859410286
1,virtual machine component,,1.1212053298950195,"0.1220, 0.1426, 0.2376, 0.2489, 0.2489",0.6302196681499481
1,support-vector machines,,0.7703417539596558,"0.0395, 0.2194, 0.2470, 0.2470, 0.2470",0.6351708173751831
1,deterministic global optimization,,1.15287184715271,"0.1376, 0.1764, 0.1951, 0.2455, 0.2455",0.8166678249835968
1,natural computation,,0.5944021940231323,"0.2289, 0.0351, 0.2453, 0.2453, 0.2453",0.5654555261135101
1,untyped tree structure,,1.1883686780929565,"0.2454, 0.1254, 0.1926, 0.2183, 0.2183",0.8568557053804398
1,regression models,,0.9096848964691162,"0.0524, 0.2095, 0.2460, 0.2460, 0.2460",0.8800875544548035
1,autonomic networking,,0.7603421211242676,"0.2119, 0.0612, 0.2423, 0.2423, 0.2423",0.7483201026916504
1,subsymbolic artificial intelligence,,1.058262586593628,"0.1364, 0.1729, 0.1968, 0.2470, 0.2470",0.7114066779613495
1,cut theorem,,0.5816011428833008,"0.2068, 0.1370, 0.2187, 0.2187, 0.2187",0.9560708962380886
1,directed graphs,,0.6287736892700195,"0.2432, 0.0528, 0.2347, 0.2347, 0.2347",0.7568032741546631
1,cross-entropy method,,0.5408889055252075,"0.1256, 0.1527, 0.2406, 0.2406, 0.2406",0.7708454132080078
1,data storage,,0.8127084970474243,"0.0455, 0.2081, 0.2488, 0.2488, 0.2488",0.610968679189682
1,register allocation,,0.5784043073654175,"0.1064, 0.1510, 0.2475, 0.2475, 0.2475",0.9003751128911972
1,encryption keys,,0.8001330494880676,"0.0803, 0.2357, 0.2280, 0.2280, 0.2280",0.9023873209953308
1,residual bit error rate,,0.5668669939041138,"0.2416, 0.1283, 0.1546, 0.2323, 0.2432",0.888816811144352
1,homotopy invariant,,0.9542742371559143,"0.2046, 0.0746, 0.2403, 0.2403, 0.2403",0.8846137747168541
1,binary vectors,,1.0524804592132568,"0.0486, 0.2074, 0.2480, 0.2480, 0.2480",0.8824053183197975
1,instance-based learning,,0.7366102933883667,"0.2340, 0.0925, 0.2245, 0.2245, 0.2245",0.7351500689983368
1,network scheduler,,0.8110553622245789,"0.0518, 0.2186, 0.2432, 0.2432, 0.2432",0.7632259726524353
1,classify patterns,,0.8914340734481812,"0.1237, 0.1716, 0.2349, 0.2349, 0.2349",0.8505232781171799
1,vector optimization,,1.0768121480941772,"0.0478, 0.2049, 0.2491, 0.2491, 0.2491",0.8818160817027092
1,biodiversity informatics,,0.9362309575080872,"0.2385, 0.0966, 0.2217, 0.2217, 0.2217",0.7163656055927277
1,cognitive dimensions,,0.5219709873199463,"0.1734, 0.2050, 0.2072, 0.2072, 0.2072",0.7620435953140259
1,artificial bee colony algorithm,,0.7273306250572205,"0.1935, 0.2278, 0.1892, 0.1588, 0.2308",0.8518157601356506
1,time recurrent neural networks,,0.7236050367355347,"0.2481, 0.2412, 0.0881, 0.1828, 0.2398",0.7483715415000916
1,integer factorization algorithms,,0.6697608232498169,"0.1738, 0.1752, 0.1552, 0.2479, 0.2479",0.8579250574111938
1,database relation,,0.8518533706665039,"0.0549, 0.2299, 0.2384, 0.2384, 0.2384",0.7865358740091324
1,cross-correlation matrix,,0.8737519383430481,"0.1889, 0.0694, 0.2472, 0.2472, 0.2472",0.8784430921077728
1,serial algorithm,,0.9169435501098633,"0.1305, 0.1355, 0.2447, 0.2447, 0.2447",0.8164801746606827
1,memory leaks,,1.1485711336135864,"0.0453, 0.2118, 0.2477, 0.2477, 0.2477",0.7792008817195892
1,compiler switch,,0.9861365556716919,"0.0014, 0.2500, 0.2495, 0.2495, 0.2495",0.7460457980632782
1,graphics processing unit,,0.8303301930427551,"0.1501, 0.1066, 0.2458, 0.2487, 0.2487",0.6084527969360352
1,asymptotically efficient multiplication algorithm,,0.6230311989784241,"0.1577, 0.2046, 0.1773, 0.2132, 0.2473",0.9065322056412697
1,stochastic control,,0.64127516746521,"0.0430, 0.2256, 0.2438, 0.2438, 0.2438",0.8140113651752472
1,markov partitions,,0.8742495775222778,"0.0400, 0.2267, 0.2444, 0.2444, 0.2444",0.8531530052423477
1,environmental prediction,,0.6170034408569336,"0.1905, 0.1242, 0.2284, 0.2284, 0.2284",0.8318051993846893
1,nervous system,,0.6993706226348877,"0.1363, 0.1524, 0.2371, 0.2371, 0.2371",0.767600491642952
1,application programming interface,,0.8343684673309326,"0.2326, 0.0295, 0.2401, 0.2489, 0.2489",0.634410947561264
1,multiclass classification,,0.6803567409515381,"0.2190, 0.1331, 0.2160, 0.2160, 0.2160",0.717409759759903
1,computable functions,,0.863929033279419,"0.0634, 0.1892, 0.2491, 0.2491, 0.2491",0.657628059387207
1,matlab function symmmd,,0.6383299827575684,"0.1722, 0.1221, 0.2234, 0.2412, 0.2412",0.9086882993578911
1,rooted tree,,1.1227878332138062,"0.2396, 0.0802, 0.2267, 0.2267, 0.2267",0.9045671746134758
1,software programs,,0.7999330163002014,"0.1246, 0.1653, 0.2367, 0.2367, 0.2367",0.5353997945785522
1,ridge regression,,0.5800229907035828,"0.2166, 0.0640, 0.2398, 0.2398, 0.2398",0.933069258928299
1,reasoning system,,0.7563308477401733,"0.0694, 0.2030, 0.2425, 0.2425, 0.2425",0.6635012924671173
1,shift cipher,,0.8264275789260864,"0.2234, 0.0641, 0.2375, 0.2375, 0.2375",0.8797600418329239
1,data elements,,0.6425111889839172,"0.0594, 0.2235, 0.2390, 0.2390, 0.2390",0.7548768669366837
1,linear discriminant,,0.8779031038284302,"0.1140, 0.1565, 0.2432, 0.2432, 0.2432",0.8285072147846222
1,automated space docking,,0.7411452531814575,"0.1176, 0.1670, 0.2366, 0.2394, 0.2394",0.7565741240978241
1,distribution-based clustering,,0.9071192741394043,"0.1126, 0.1622, 0.2417, 0.2417, 0.2417",0.777133584022522
1,sandstorm hash,,0.7412007451057434,"0.2278, 0.0826, 0.2299, 0.2299, 0.2299",0.8499615490436554
1,unsupervised learning,,1.0110234022140503,"0.2367, 0.0536, 0.2365, 0.2365, 0.2365",0.7475133836269379
1,sequence labeling algorithms,,0.901404857635498,"0.1339, 0.1750, 0.1997, 0.2457, 0.2457",0.8553395420312881
1,supervised feature learning,,0.5360851287841797,"0.2457, 0.2098, 0.1348, 0.2049, 0.2049",0.7714603692293167
1,sorting algorithms,,1.1023907661437988,"0.1377, 0.1254, 0.2456, 0.2456, 0.2456",0.7775266617536545
1,description logics,,0.8395180106163025,"0.2090, 0.0635, 0.2425, 0.2425, 0.2425",0.7961024641990662
1,spatiotemporal pattern,,0.5630858540534973,"0.2034, 0.1462, 0.2168, 0.2168, 0.2168",0.9038861840963364
1,time complexity,,0.5418455004692078,"0.1749, 0.1897, 0.2118, 0.2118, 0.2118",0.730131208896637
1,inverse direction,,0.5289232730865479,"0.0918, 0.2121, 0.2321, 0.2321, 0.2321",0.9709144253283739
1,delta encoding,,0.6213170289993286,"0.2227, 0.0468, 0.2435, 0.2435, 0.2435",0.911049373447895
1,markov chain,,0.946101188659668,"0.0511, 0.2055, 0.2478, 0.2478, 0.2478",0.8061579018831253
1,learning theory,,0.996161937713623,"0.1337, 0.1623, 0.2347, 0.2347, 0.2347",0.6721385717391968
1,pattern calculus,,0.5964418649673462,"0.1611, 0.1679, 0.2237, 0.2237, 0.2237",0.9143842458724976
1,range coding,,0.6821222305297852,"0.2233, 0.0301, 0.2489, 0.2489, 0.2489",0.8711126148700714
1,generalised bayesian networks,,0.9501132369041443,"0.2437, 0.1161, 0.1505, 0.2448, 0.2448",0.7962559759616852
1,artificial intelligence,,0.8512134552001953,"0.1190, 0.1475, 0.2445, 0.2445, 0.2445",0.5834662914276123
1,plane sweep algorithm,,0.9936107993125916,"0.1636, 0.1799, 0.1707, 0.2429, 0.2429",0.8420726358890533
1,division algorithm,,0.7639932632446289,"0.1483, 0.1085, 0.2477, 0.2477, 0.2477",0.7862402498722076
1,graph search,,0.7477930784225464,"0.0522, 0.2281, 0.2399, 0.2399, 0.2399",0.7405502200126648
1,random binary trees,,0.6438527703285217,"0.1747, 0.1684, 0.2296, 0.2136, 0.2136",0.7956278473138809
1,statistical properties,,0.5129740238189697,"0.1465, 0.2003, 0.2177, 0.2177, 0.2177",0.777836486697197
1,adaptive predictive coding,,0.6915535926818848,"0.2103, 0.2037, 0.0888, 0.2486, 0.2486",0.83897964656353
1,stochastic version,,0.574236273765564,"0.0471, 0.2280, 0.2416, 0.2416, 0.2416",0.7587397694587708
1,software engineering body,,0.550728440284729,"0.1309, 0.2025, 0.2446, 0.2110, 0.2110",0.44982725381851196
1,inductive inference,,0.8638720512390137,"0.2118, 0.0607, 0.2425, 0.2425, 0.2425",0.8292352706193924
1,continuous-time recurrent neural networks,,0.8731932044029236,"0.2486, 0.2384, 0.0843, 0.1830, 0.2456",0.7929542511701584
1,digital image processing,,0.759223461151123,"0.1116, 0.2198, 0.1734, 0.2476, 0.2476",0.7083726823329926
1,bivariate analysis,,0.6267244815826416,"0.1718, 0.1067, 0.2405, 0.2405, 0.2405",0.8640113323926926
1,taxonomic databases,,0.7341485023498535,"0.2392, 0.0359, 0.2416, 0.2416, 0.2416",0.8146419376134872
1,probabilistic roadmap methods,,0.6081138849258423,"0.1613, 0.2084, 0.1727, 0.2289, 0.2289",0.8631137758493423
1,information graphics,,0.6505845785140991,"0.1435, 0.1543, 0.2341, 0.2341, 0.2341",0.5575945377349854
1,technology database,,0.6796820163726807,"0.1942, 0.0659, 0.2467, 0.2467, 0.2467",0.4554101228713989
1,program optimization,,0.923430323600769,"0.0586, 0.1958, 0.2486, 0.2486, 0.2486",0.6612890958786011
1,regression analysis,,0.8259531259536743,"0.0915, 0.1765, 0.2440, 0.2440, 0.2440",0.7994297295808792
1,statistical pattern recognition,,0.7408175468444824,"0.1627, 0.1954, 0.2091, 0.2164, 0.2164",0.7658980488777161
1,undirected graphical model,,1.1860617399215698,"0.2227, 0.0412, 0.2373, 0.2494, 0.2494",0.753698393702507
1,meldable heap,,0.6844546794891357,"0.2385, 0.0469, 0.2382, 0.2382, 0.2382",0.8133729696273804
1,sequential algorithm,,0.8420857191085815,"0.1673, 0.0917, 0.2470, 0.2470, 0.2470",0.8012018352746964
1,lazy inheritance,,0.5611000061035156,"0.1675, 0.1862, 0.2154, 0.2154, 0.2154",0.878455363214016
1,delay-tolerant networking,,0.655156672000885,"0.1269, 0.1390, 0.2447, 0.2447, 0.2447",0.7487810850143433
1,erp software,,0.8564609885215759,"0.1749, 0.0846, 0.2468, 0.2468, 0.2468",0.6237561702728271
1,polygraphic substitution systems,,0.5578947067260742,"0.1018, 0.2053, 0.2226, 0.2352, 0.2352",0.7438160181045532
1,polygraphic substitution,,0.7352805137634277,"0.0599, 0.2211, 0.2397, 0.2397, 0.2397",0.7767544239759445
1,sql statements,,0.515275776386261,"0.1053, 0.1661, 0.2429, 0.2429, 0.2429",0.8645989000797272
1,pronunciation model,,0.6418574452400208,"0.1678, 0.1785, 0.2179, 0.2179, 0.2179",0.85219407081604
1,offline algorithms,,0.793615460395813,"0.2218, 0.0450, 0.2444, 0.2444, 0.2444",0.7931403815746307
1,functional architecture,,0.7037088871002197,"0.1307, 0.1675, 0.2340, 0.2340, 0.2340",0.6194872558116913
1,randomization functions,,0.9496068954467773,"0.1103, 0.1544, 0.2451, 0.2451, 0.2451",0.7990401983261108
1,time markov process,,0.6480869054794312,"0.2131, 0.0647, 0.2290, 0.2467, 0.2467",0.8108991384506226
1,human-centered computing,,0.6445919275283813,"0.2199, 0.0441, 0.2453, 0.2453, 0.2453",0.5078363418579102
1,cannot compute,,0.5528877973556519,"0.2219, 0.0528, 0.2418, 0.2418, 0.2418",0.7710176557302475
1,digital circuits,,0.6888382434844971,"0.0673, 0.2082, 0.2415, 0.2415, 0.2415",0.5685949921607971
1,computational learning theory,,0.95151287317276,"0.1374, 0.1752, 0.2031, 0.2421, 0.2421",0.5824647843837738
1,boolean function,,1.0004243850708008,"0.1431, 0.1125, 0.2481, 0.2481, 0.2481",0.9474809616804123
1,conditional probability distribution,,0.5900506973266602,"0.2282, 0.1281, 0.1770, 0.2334, 0.2334",0.8497893959283829
1,user virtualization decouples,,0.7321367859840393,"0.2144, 0.0778, 0.2099, 0.2490, 0.2490",0.7143686413764954
1,hidden layers,,0.7868720889091492,"0.1404, 0.1861, 0.2245, 0.2245, 0.2245",0.8702973574399948
1,semiautomatic data processing systems,,0.8474464416503906,"0.2187, 0.1104, 0.1750, 0.2466, 0.2493",0.7036879658699036
1,object code optimizer,,0.9326592683792114,"0.1811, 0.0728, 0.2476, 0.2493, 0.2493",0.7565330564975739
1,topological quantum computer,,0.6433242559432983,"0.1596, 0.1765, 0.2040, 0.2299, 0.2299",0.646047830581665
1,computational logic,,0.985460638999939,"0.0597, 0.1923, 0.2494, 0.2494, 0.2494",0.6419933438301086
1,gibbs sampling,,0.6184872388839722,"0.1207, 0.1810, 0.2328, 0.2328, 0.2328",0.8819533511996269
1,program errors,,0.5845932960510254,"0.1261, 0.1560, 0.2393, 0.2393, 0.2393",0.7606836706399918
1,template method pattern,,0.6250697374343872,"0.2186, 0.1204, 0.2053, 0.2279, 0.2279",0.9340474233031273
1,linear equality,,0.8865294456481934,"0.0517, 0.2403, 0.2360, 0.2360, 0.2360",0.921931691467762
1,computational complexity theory,,0.9161182641983032,"0.0580, 0.2180, 0.2330, 0.2455, 0.2455",0.634421169757843
1,numerical computing programs,,0.5779843330383301,"0.2194, 0.0895, 0.2169, 0.2371, 0.2371",0.5128557980060577
1,distributed data stores,,0.6341181993484497,"0.1266, 0.1433, 0.2453, 0.2424, 0.2424",0.6810722947120667
1,web design,,0.9439070224761963,"0.0414, 0.2339, 0.2415, 0.2415, 0.2415",0.5948061347007751
1,constraint logic programming,,0.9761861562728882,"0.1854, 0.1394, 0.1758, 0.2497, 0.2497",0.7973045706748962
1,text processing,,0.7217887043952942,"0.1443, 0.1118, 0.2480, 0.2480, 0.2480",0.7318249642848969
1,kernel machines,,1.0190256834030151,"0.0567, 0.2078, 0.2452, 0.2452, 0.2452",0.733578622341156
1,abstract algorithms,,0.8749026656150818,"0.1411, 0.1226, 0.2454, 0.2454, 0.2454",0.8198685497045517
1,digital filters,,0.8746196031570435,"0.0337, 0.2231, 0.2477, 0.2477, 0.2477",0.7946631908416748
1,computer network,,0.9343957901000977,"0.0732, 0.1857, 0.2470, 0.2470, 0.2470",0.4533645510673523
1,propositional logic,,0.6346458792686462,"0.2244, 0.0480, 0.2425, 0.2425, 0.2425",0.8868763670325279
1,bsp tree,,1.2495657205581665,"0.1851, 0.0923, 0.2409, 0.2409, 0.2409",0.6862722933292389
1,database tuning,,0.9160544276237488,"0.0091, 0.2431, 0.2493, 0.2493, 0.2493",0.7700836807489395
1,kernel density estimation,,1.1158721446990967,"0.1216, 0.1821, 0.2069, 0.2447, 0.2447",0.8920358493924141
1,activation function,,0.5842369794845581,"0.2322, 0.0575, 0.2368, 0.2368, 0.2368",0.8583400398492813
1,software engineeringis,,0.9759966731071472,"0.0949, 0.1813, 0.2413, 0.2413, 0.2413",0.526218444108963
1,recurrent neural networks,,1.1528010368347168,"0.2369, 0.0862, 0.1804, 0.2483, 0.2483",0.720106691122055
1,compressed sensing,,0.6781026721000671,"0.0247, 0.2361, 0.2464, 0.2464, 0.2464",0.8315271586179733
1,processing power,,0.6527042388916016,"0.0115, 0.2476, 0.2470, 0.2470, 0.2470",0.5336702764034271
1,tolerant networking algorithms,,0.8060083985328674,"0.2207, 0.1192, 0.1732, 0.2434, 0.2434",0.7411148846149445
1,intelligent machines,,1.0363671779632568,"0.0758, 0.2030, 0.2404, 0.2404, 0.2404",0.47041934728622437
1,probabilistic encryption scheme,,0.9577875733375549,"0.1424, 0.1426, 0.2212, 0.2469, 0.2469",0.8025411069393158
1,relational model,,0.7186150550842285,"0.1331, 0.1674, 0.2331, 0.2331, 0.2331",0.8009097129106522
1,superscalar processor,,0.6982372403144836,"0.1585, 0.1151, 0.2421, 0.2421, 0.2421",0.6933950483798981
1,fp mining,,0.5356199145317078,"0.1899, 0.0896, 0.2402, 0.2402, 0.2402",0.6781435608863831
1,conquer algorithm,,0.6055479645729065,"0.2035, 0.0788, 0.2392, 0.2392, 0.2392",0.773462325334549
1,bit sequences,,0.7888222932815552,"0.2043, 0.0899, 0.2353, 0.2353, 0.2353",0.8487864583730698
1,bayes network,,0.6288612484931946,"0.2066, 0.1114, 0.2274, 0.2274, 0.2274",0.7887977957725525
1,markov assumption,,1.0163371562957764,"0.0512, 0.2099, 0.2463, 0.2463, 0.2463",0.8823099806904793
1,compression schemes,,0.6187556385993958,"0.0371, 0.2230, 0.2466, 0.2466, 0.2466",0.8247832357883453
1,temporal sequence,,0.5138628482818604,"0.2063, 0.1524, 0.2138, 0.2138, 0.2138",0.8436400443315506
1,hash functions,,0.9335583448410034,"0.1840, 0.0844, 0.2439, 0.2439, 0.2439",0.978934807702899
1,viterbi decoder,,0.7784335017204285,"0.1931, 0.0683, 0.2462, 0.2462, 0.2462",0.8682866990566254
1,search algorithms,,0.8411487340927124,"0.1871, 0.0873, 0.2419, 0.2419, 0.2419",0.7651630640029907
1,data stored,,0.7131375670433044,"0.0878, 0.1680, 0.2481, 0.2481, 0.2481",0.7117286026477814
1,logic programming,,1.0006929636001587,"0.1213, 0.1297, 0.2497, 0.2497, 0.2497",0.6667977273464203
1,network elements,,0.5045650601387024,"0.1263, 0.2148, 0.2196, 0.2196, 0.2196",0.6794435083866119
1,computer methods,,0.7181969285011292,"0.0877, 0.1955, 0.2390, 0.2390, 0.2390",0.3679395914077759
1,recursively subdividing,,0.6405603885650635,"0.0814, 0.1765, 0.2474, 0.2474, 0.2474",0.8598319888114929
1,entropy calculations,,0.5770583152770996,"0.0879, 0.1779, 0.2447, 0.2447, 0.2447",0.8029078096151352
1,linear regression models,,1.169798493385315,"0.1070, 0.1589, 0.2365, 0.2488, 0.2488",0.8907279595732689
1,memory debugger,,1.1640985012054443,"0.0938, 0.1578, 0.2494, 0.2494, 0.2494",0.7314836084842682
1,training recursive neural nets,,0.5433937907218933,"0.2428, 0.1919, 0.0978, 0.2224, 0.2451",0.7528114020824432
1,quasilinear time algorithms,,0.8663662672042847,"0.1240, 0.2041, 0.1843, 0.2438, 0.2438",0.8844650983810425
1,topos theory,,0.8476235866546631,"0.1874, 0.1330, 0.2265, 0.2265, 0.2265",0.7153179049491882
1,distributed artificial intelligence,,0.8200597763061523,"0.0728, 0.2059, 0.2260, 0.2477, 0.2477",0.6574107706546783
1,coding theory,,0.9827634692192078,"0.0226, 0.2303, 0.2490, 0.2490, 0.2490",0.6918726861476898
1,ridge functions,,0.7416965961456299,"0.2288, 0.0474, 0.2413, 0.2413, 0.2413",0.9288051575422287
1,markov partition,,0.953220009803772,"0.0254, 0.2317, 0.2476, 0.2476, 0.2476",0.8444886654615402
1,statistical classifiers,,1.0135986804962158,"0.1167, 0.1875, 0.2319, 0.2319, 0.2319",0.7548310458660126
1,affective computing,,0.6712498068809509,"0.2380, 0.0289, 0.2444, 0.2444, 0.2444",0.5247583091259003
1,numpy bindings,,0.622938871383667,"0.1362, 0.1881, 0.2253, 0.2253, 0.2253",0.927499920129776
1,computational physics,,0.8426409363746643,"0.0147, 0.2440, 0.2471, 0.2471, 0.2471",0.5560458600521088
1,mnist database,,0.6033989787101746,"0.2352, 0.0247, 0.2467, 0.2467, 0.2467",0.7693594545125961
1,empirical eigenfunction,,0.5100515484809875,"0.1716, 0.1257, 0.2342, 0.2342, 0.2342",0.7836684733629227
1,google code,,0.8482151627540588,"0.1943, 0.0631, 0.2475, 0.2475, 0.2475",0.8613620400428772
1,recurrent neural nets,,0.9973039627075195,"0.2340, 0.0696, 0.2002, 0.2481, 0.2481",0.7168193757534027
1,binary search trees,,0.5446220636367798,"0.1775, 0.2392, 0.2035, 0.1898, 0.1898",0.7466819584369659
1,computer memory,,1.1872533559799194,"0.1418, 0.1132, 0.2483, 0.2483, 0.2483",0.46208250522613525
1,supervised machine learning,,0.7659503817558289,"0.2355, 0.1323, 0.1751, 0.2286, 0.2286",0.6646007597446442
1,polynomial sequences,,0.6898502111434937,"0.1627, 0.1431, 0.2314, 0.2314, 0.2314",0.8800050690770149
1,bit array,,0.9876782894134521,"0.1782, 0.1073, 0.2382, 0.2382, 0.2382",0.8894147202372551
1,symbolic computation,,0.7080345153808594,"0.1740, 0.0860, 0.2466, 0.2466, 0.2466",0.6422962546348572
1,statistical mechanics,,0.5669154524803162,"0.0911, 0.2224, 0.2288, 0.2288, 0.2288",0.7010880410671234
1,algorithmic information theory,,0.8522223234176636,"0.1455, 0.1903, 0.1893, 0.2374, 0.2374",0.6300432085990906
1,tree isomorphism,,1.3341798782348633,"0.1313, 0.1531, 0.2385, 0.2385, 0.2385",0.8509633243083954
1,distributed computing,,0.8611859679222107,"0.0958, 0.1572, 0.2490, 0.2490, 0.2490",0.5777640044689178
1,biological computation,,0.7375991344451904,"0.2101, 0.0464, 0.2479, 0.2479, 0.2479",0.5797813832759857
1,artificial systems,,0.5318949222564697,"0.0987, 0.1878, 0.2378, 0.2378, 0.2378",0.5958646833896637
1,search algorithm,,0.8337219953536987,"0.1787, 0.0971, 0.2414, 0.2414, 0.2414",0.7789689600467682
1,program synthesis,,0.6572765111923218,"0.0612, 0.2039, 0.2450, 0.2450, 0.2450",0.5490275919437408
1,computing machinery,,0.9487447142601013,"0.0375, 0.2167, 0.2486, 0.2486, 0.2486",0.3326827883720398
1,time algorithm,,0.8380646109580994,"0.1520, 0.1268, 0.2404, 0.2404, 0.2404",0.7961781024932861
1,quantum computation language,,0.8500785827636719,"0.1885, 0.0863, 0.2350, 0.2451, 0.2451",0.5832893252372742
1,approximation algorithm,,0.9385634064674377,"0.1091, 0.1500, 0.2469, 0.2469, 0.2469",0.8340542167425156
1,lazy learning systems,,0.8455818891525269,"0.2055, 0.1109, 0.2076, 0.2380, 0.2380",0.6600798964500427
1,type inference,,0.8629973530769348,"0.2341, 0.0574, 0.2362, 0.2362, 0.2362",0.7853030562400818
1,terrestrial networks,,0.7004857659339905,"0.2140, 0.0943, 0.2306, 0.2306, 0.2306",0.728796660900116
1,call stack,,0.9772356748580933,"0.2422, 0.0236, 0.2447, 0.2447, 0.2447",0.8601631969213486
1,based learning,,0.567378044128418,"0.2370, 0.1126, 0.2168, 0.2168, 0.2168",0.6836716830730438
1,serial manipulator,,0.6601200699806213,"0.1317, 0.1838, 0.2282, 0.2282, 0.2282",0.8912106081843376
1,linear dependency,,0.9031254053115845,"0.0588, 0.2215, 0.2399, 0.2399, 0.2399",0.8983345404267311
1,dirichlet process,,0.6451964974403381,"0.0833, 0.1855, 0.2437, 0.2437, 0.2437",0.8978263363242149
1,database table,,1.1751525402069092,"0.0460, 0.2063, 0.2492, 0.2492, 0.2492",0.8325559794902802
1,algorithmic assignment,,0.8140372037887573,"0.0661, 0.2027, 0.2437, 0.2437, 0.2437",0.7900381237268448
1,empirical eigenfunction decomposition,,0.6385602951049805,"0.1809, 0.1266, 0.1974, 0.2475, 0.2475",0.7993006706237793
1,data sparsity,,0.6833982467651367,"0.0378, 0.2240, 0.2461, 0.2461, 0.2461",0.750560075044632
1,matching algorithm,,0.5815988779067993,"0.2240, 0.0689, 0.2357, 0.2357, 0.2357",0.8589198142290115
1,graphics system,,0.5851351022720337,"0.1026, 0.1776, 0.2399, 0.2399, 0.2399",0.5988883972167969
1,truth table,,0.5622945427894592,"0.1801, 0.1297, 0.2301, 0.2301, 0.2301",0.8189127594232559
1,learning algorithm,,1.2520463466644287,"0.0834, 0.1723, 0.2481, 0.2481, 0.2481",0.7165277898311615
1,reasoning systems,,0.7748401165008545,"0.0697, 0.2039, 0.2421, 0.2421, 0.2421",0.6759337782859802
1,vigenre cipher,,1.0655317306518555,"0.2358, 0.0390, 0.2417, 0.2417, 0.2417",0.8630024641752243
1,visual correlation,,0.7404099702835083,"0.1296, 0.1936, 0.2256, 0.2256, 0.2256",0.8229676932096481
1,underlying graph,,0.5997499823570251,"0.2376, 0.0298, 0.2442, 0.2442, 0.2442",0.7798452228307724
1,categorical distribution,,0.6082879304885864,"0.1900, 0.1051, 0.2350, 0.2350, 0.2350",0.896779902279377
1,dimensional space,,0.8415005803108215,"0.1071, 0.1978, 0.2317, 0.2317, 0.2317",0.9139092266559601
1,informatics techniques,,0.6054136753082275,"0.1674, 0.1886, 0.2147, 0.2147, 0.2147",0.5077413320541382
1,semantic networks,,0.9773848056793213,"0.1170, 0.1536, 0.2431, 0.2431, 0.2431",0.6627867221832275
1,randomized algorithm,,1.0561256408691406,"0.0921, 0.1652, 0.2476, 0.2476, 0.2476",0.7465018928050995
1,polynomial decomposition theorem,,0.8602861762046814,"0.0959, 0.1827, 0.2339, 0.2437, 0.2437",0.9080438241362572
1,virtual address space,,0.9902616739273071,"0.1586, 0.1701, 0.1957, 0.2378, 0.2378",0.7513411939144135
1,bayesian network,,1.0780086517333984,"0.1017, 0.1575, 0.2469, 0.2469, 0.2469",0.7610336542129517
1,virtual world,,0.721477746963501,"0.1195, 0.2250, 0.2185, 0.2185, 0.2185",0.6465910971164703
1,clustering algorithms,,1.134181022644043,"0.1369, 0.1205, 0.2475, 0.2475, 0.2475",0.777249276638031
1,joint density matrix,,0.6113910675048828,"0.2152, 0.1760, 0.1472, 0.2308, 0.2308",0.9427706561982632
1,immutable object,,0.7529944181442261,"0.1271, 0.1854, 0.2292, 0.2292, 0.2292",0.8298112004995346
1,Node Link,,0.5237603783607483,"0.1028, 0.2158, 0.2271, 0.2271, 0.2271",0.9805170968174934
1,symbolic artificial intelligence,,0.6776394248008728,"0.1635, 0.1623, 0.2007, 0.2368, 0.2368",0.632782906293869
1,matrix algorithms,,1.060563564300537,"0.0535, 0.1985, 0.2493, 0.2493, 0.2493",0.9095043316483498
1,negative transfer learning,,0.5058321952819824,"0.2163, 0.2408, 0.1177, 0.2126, 0.2126",0.8090358972549438
1,desktop virtualization,,0.7444806098937988,"0.1997, 0.0610, 0.2464, 0.2464, 0.2464",0.5948322415351868
1,data compression,,0.8022565841674805,"0.0787, 0.1727, 0.2495, 0.2495, 0.2495",0.7364970743656158
1,artificial intelligence laboratory,,0.7370529174804688,"0.1822, 0.1367, 0.2234, 0.2288, 0.2288",0.4917166233062744
1,theorem  computer science,,0.7621283531188965,"0.1339, 0.2269, 0.1695, 0.2427, 0.2269",0.3522565960884094
1,binary splitting,,0.9608989953994751,"0.0125, 0.2448, 0.2476, 0.2476, 0.2476",0.8426481634378433
1,data model,,0.9585599303245544,"0.0245, 0.2314, 0.2480, 0.2480, 0.2480",0.6869619488716125
1,convolutional code,,0.7775546312332153,"0.2164, 0.0380, 0.2485, 0.2485, 0.2485",0.8244468569755554
1,automatic programming,,0.8039866089820862,"0.2343, 0.0186, 0.2490, 0.2490, 0.2490",0.6539797782897949
1,time delay neural network,,0.7331432104110718,"0.1771, 0.2184, 0.1402, 0.2192, 0.2451",0.741316020488739
1,kolmogorov complexity,,0.9452739953994751,"0.1921, 0.1017, 0.2354, 0.2354, 0.2354",0.8091328740119934
1,generic programming,,0.6802452206611633,"0.2239, 0.0305, 0.2485, 0.2485, 0.2485",0.7586280554533005
1,binary arithmetic,,0.9955850839614868,"0.0475, 0.2111, 0.2471, 0.2471, 0.2471",0.765577495098114
1,software implementations,,0.8781676292419434,"0.0880, 0.1816, 0.2435, 0.2435, 0.2435",0.6105431616306305
1,negative matrix factorization,,0.7149186134338379,"0.2090, 0.0614, 0.2362, 0.2467, 0.2467",0.9713248033076525
1,deep boltzmann machine,,0.8358498215675354,"0.1859, 0.1662, 0.1556, 0.2461, 0.2461",0.7160859107971191
1,classification accuracy,,0.8953777551651001,"0.1463, 0.1474, 0.2354, 0.2354, 0.2354",0.6983828246593475
1,inverse matrix,,0.8482798337936401,"0.1290, 0.1271, 0.2480, 0.2480, 0.2480",0.9541422091424465
1,transfer learning,,0.8149954676628113,"0.2408, 0.0703, 0.2296, 0.2296, 0.2296",0.7156574428081512
1,memory management,,0.9597523212432861,"0.0396, 0.2356, 0.2416, 0.2416, 0.2416",0.6569816470146179
1,monte carlo algorithms,,0.5648549795150757,"0.2369, 0.1990, 0.0927, 0.2357, 0.2357",0.7641036957502365
1,system matrix,,0.7594107985496521,"0.1638, 0.0958, 0.2468, 0.2468, 0.2468",0.7741265892982483
1,matrix multiplication,,0.7712388634681702,"0.0495, 0.2108, 0.2466, 0.2466, 0.2466",0.9539908319711685
1,graph polynomial,,0.9767528772354126,"0.0487, 0.2068, 0.2482, 0.2482, 0.2482",0.8128493279218674
1,sensor networks,,0.8407174944877625,"0.1701, 0.1210, 0.2363, 0.2363, 0.2363",0.6814642250537872
1,binary space partitioning,,1.1171438694000244,"0.0197, 0.2340, 0.2492, 0.2486, 0.2486",0.8590690791606903
1,programming language theory,,0.9376303553581238,"0.0618, 0.2138, 0.2347, 0.2448, 0.2448",0.5451182126998901
1,milnermycroft calculus,,0.6156643033027649,"0.2304, 0.0811, 0.2295, 0.2295, 0.2295",0.8542164266109467
1,matlab code,,0.9744325876235962,"0.1123, 0.1397, 0.2493, 0.2493, 0.2493",0.8539543449878693
1,directed acyclic graph,,0.5129969716072083,"0.2438, 0.1823, 0.0919, 0.2410, 0.2410",0.7888806760311127
1,graphic representation,,0.5673308372497559,"0.1445, 0.1657, 0.2299, 0.2299, 0.2299",0.7413485944271088
1,evolutionary programming,,0.8144113421440125,"0.2246, 0.0285, 0.2490, 0.2490, 0.2490",0.6171271204948425
1,prediction algorithms,,1.1341544389724731,"0.1083, 0.1460, 0.2486, 0.2486, 0.2486",0.7761448174715042
1,user virtualization,,0.6677191257476807,"0.2078, 0.0562, 0.2453, 0.2453, 0.2453",0.6384157538414001
1,programming languages,,0.9225729703903198,"0.0333, 0.2291, 0.2459, 0.2459, 0.2459",0.6155616343021393
1,conjugate gradient method,,0.6377238035202026,"0.2285, 0.0738, 0.2109, 0.2434, 0.2434",0.8538860827684402
1,transfer data,,0.5701436996459961,"0.2376, 0.0287, 0.2446, 0.2446, 0.2446",0.751191645860672
1,schnhagestrassen algorithm,,0.8077171444892883,"0.2190, 0.0546, 0.2421, 0.2421, 0.2421",0.8309512287378311
1,time compilers,,0.6103554368019104,"0.2313, 0.0280, 0.2469, 0.2469, 0.2469",0.7533068954944611
1,multivariate linear regression,,0.9737442135810852,"0.2269, 0.0784, 0.1974, 0.2487, 0.2487",0.9940470894798636
1,subject-oriented programming,,0.6846405863761902,"0.2201, 0.0343, 0.2485, 0.2485, 0.2485",0.5243482887744904
1,digital conversion,,0.5450884103775024,"0.0288, 0.2391, 0.2440, 0.2440, 0.2440",0.6488366425037384
1,uri normalization,,0.5649144649505615,"0.1507, 0.1554, 0.2313, 0.2313, 0.2313",0.8684810250997543
1,stochastic matrix,,0.8930742740631104,"0.1181, 0.1360, 0.2486, 0.2486, 0.2486",0.8784553185105324
1,cache coherence,,0.6746127009391785,"0.0661, 0.1990, 0.2450, 0.2450, 0.2450",0.8284520953893661
1,signal processing,,0.6544668078422546,"0.1625, 0.0975, 0.2467, 0.2467, 0.2467",0.6710605025291443
1,lexicalist hypothesis,,0.5193215012550354,"0.2302, 0.1515, 0.2061, 0.2061, 0.2061",0.7951600700616837
1,memory search,,1.1240354776382446,"0.0460, 0.2295, 0.2415, 0.2415, 0.2415",0.649963766336441
