IfCS,Phrase,Correct,Probablity,Attention
1,classification algorithms,,0.8767852783203125,"0.2498, 0.2484, 0.2010, 0.1742, 0.1265"
1,function evaluates,,0.6164655685424805,"0.2500, 0.2235, 0.1446, 0.1784, 0.2035"
1,boltzmann learning rule,,0.7338197231292725,"0.2498, 0.2499, 0.2431, 0.1133, 0.1439"
1,humancomputer interfaces,,0.8803150653839111,"0.2490, 0.2487, 0.2215, 0.1812, 0.0996"
1,maximin model,,0.6895074248313904,"0.2449, 0.2426, 0.1609, 0.1741, 0.1776"
1,technology information,,0.5768648386001587,"0.1903, 0.2277, 0.2102, 0.2016, 0.1701"
1,milnermycroft calculus,,0.6408265829086304,"0.2499, 0.2497, 0.2038, 0.1670, 0.1295"
1,compression schemes,,0.7521576881408691,"0.2500, 0.2495, 0.1930, 0.1695, 0.1380"
1,radix sort,,0.5417237281799316,"0.2092, 0.2295, 0.1939, 0.1891, 0.1782"
1,time compilers,,0.5860520005226135,"0.1823, 0.2499, 0.2349, 0.2042, 0.1287"
1,typed lambda calculus,,0.7468746900558472,"0.2400, 0.2500, 0.2495, 0.1647, 0.0959"
1,ridge regression,,0.8906374573707581,"0.2500, 0.2495, 0.2171, 0.1794, 0.1041"
1,virtual world,,0.8800245523452759,"0.2458, 0.2146, 0.2181, 0.1927, 0.1289"
1,sigmoid functions,,0.794058620929718,"0.2499, 0.2491, 0.1640, 0.1716, 0.1653"
1,gaussian mixture model,,0.882394015789032,"0.2457, 0.2470, 0.2446, 0.1417, 0.1211"
1,data differencing,,0.5588049292564392,"0.2457, 0.1856, 0.1915, 0.1938, 0.1835"
1,input layer,,0.621225118637085,"0.2469, 0.2496, 0.2030, 0.1679, 0.1326"
1,numpy bindings,,0.6267266273498535,"0.2498, 0.2491, 0.2072, 0.1701, 0.1238"
1,recurrent neural network,,0.9404032230377197,"0.2438, 0.2490, 0.2214, 0.1609, 0.1249"
1,relational databases,,0.7681934833526611,"0.2222, 0.2493, 0.2218, 0.1893, 0.1173"
1,central processing unit,,0.7624921798706055,"0.2044, 0.2496, 0.2461, 0.1646, 0.1353"
1,statistical density functions,,0.6998728513717651,"0.2452, 0.2499, 0.2490, 0.1277, 0.1283"
1,conflicts algorithm,,0.8056151866912842,"0.2401, 0.2487, 0.1941, 0.1774, 0.1397"
1,linear behavior,,0.825803816318512,"0.2499, 0.2436, 0.2009, 0.1731, 0.1325"
1,computational problems,,0.6841205358505249,"0.2490, 0.1801, 0.1951, 0.1943, 0.1815"
1,deterministic encryption,,0.8664606809616089,"0.2492, 0.2497, 0.2274, 0.1834, 0.0904"
1,embedded systems,,0.5617719888687134,"0.2282, 0.2477, 0.1902, 0.1791, 0.1547"
1,encryption algorithms,,0.9158346652984619,"0.2499, 0.2491, 0.2117, 0.1774, 0.1119"
1,binary search tree data structures,,0.9122572541236877,"0.2496, 0.0340, 0.2481, 0.2446, 0.2237"
1,network processors,,0.9215319156646729,"0.0438, 0.2464, 0.2442, 0.2390, 0.2266"
1,oracle developer studio,,0.6698158979415894,"0.0242, 0.2460, 0.2497, 0.2455, 0.2345"
1,analog-to-digital converter,,0.7583125829696655,"0.2347, 0.2447, 0.2202, 0.1819, 0.1184"
1,swarm intelligence,,0.5327352285385132,"0.2438, 0.2488, 0.1727, 0.1696, 0.1651"
1,tridiagonal matrix algorithm,,0.928971529006958,"0.2498, 0.2500, 0.2486, 0.1551, 0.0965"
1,cognitive architecture,,0.779066801071167,"0.2361, 0.2470, 0.2184, 0.1850, 0.1134"
1,nonlinear global analysis,,0.7978542447090149,"0.2493, 0.2472, 0.2415, 0.1407, 0.1214"
1,mathematical function,,0.7276294231414795,"0.2427, 0.2471, 0.1406, 0.1794, 0.1902"
1,abstract document pattern,,0.6366500854492188,"0.2484, 0.2483, 0.2417, 0.1331, 0.1285"
1,stochastic matrix,,0.9263248443603516,"0.2500, 0.2500, 0.2232, 0.1789, 0.0979"
1,pigeonhole sorting,,0.6433531045913696,"0.2457, 0.2354, 0.1748, 0.1773, 0.1668"
1,digital information,,0.9080494046211243,"0.2470, 0.2411, 0.2103, 0.1843, 0.1173"
1,soft computing,,0.8015065789222717,"0.2451, 0.2483, 0.2124, 0.1811, 0.1132"
1,boundary singularity,,0.5206412076950073,"0.2463, 0.1751, 0.2039, 0.1964, 0.1784"
1,runtime framework,,0.5876961946487427,"0.1786, 0.2453, 0.2144, 0.1971, 0.1645"
1,avl trees,,0.8820188641548157,"0.2462, 0.2491, 0.2082, 0.1791, 0.1174"
1,probability theory,,0.769883394241333,"0.2497, 0.2494, 0.1934, 0.1709, 0.1366"
1,wigner function,,0.8142604231834412,"0.2491, 0.2495, 0.1876, 0.1725, 0.1413"
1,pigeonhole sort,,0.513839602470398,"0.2430, 0.2253, 0.1766, 0.1778, 0.1773"
1,adjacency list data structure,,0.5642452239990234,"0.2482, 0.2489, 0.2474, 0.2432, 0.0122"
1,cognitive theories,,0.8011664152145386,"0.2477, 0.2478, 0.2038, 0.1779, 0.1229"
1,regular graph,,0.7258539199829102,"0.1990, 0.2491, 0.1962, 0.1872, 0.1684"
1,huffman coding,,0.8962478041648865,"0.2209, 0.2499, 0.2224, 0.1898, 0.1170"
1,forward algorithm,,0.8242858648300171,"0.2284, 0.2484, 0.1934, 0.1810, 0.1488"
1,mathematical logic,,0.5726490020751953,"0.2248, 0.2498, 0.1830, 0.1755, 0.1669"
1,neurocomputational speech processing,,0.6355125904083252,"0.2111, 0.1276, 0.2494, 0.2189, 0.1931"
1,image recognition,,0.7814099788665771,"0.2448, 0.2468, 0.1929, 0.1755, 0.1400"
1,amd accelerated processing units,,0.5533179640769958,"0.2289, 0.2481, 0.2497, 0.2164, 0.0569"
1,computing resources,,0.705919086933136,"0.2487, 0.1597, 0.2152, 0.2035, 0.1729"
1,process pixel data,,0.6421217322349548,"0.2448, 0.2396, 0.2140, 0.1402, 0.1614"
1,programmable logic controller,,0.885833740234375,"0.2499, 0.2498, 0.2269, 0.1835, 0.0898"
1,directed graph,,0.877493143081665,"0.2475, 0.2497, 0.2133, 0.1806, 0.1089"
1,quantum error,,0.8224146366119385,"0.2495, 0.2440, 0.2090, 0.1763, 0.1211"
1,phylogenetic trees,,0.6744765639305115,"0.0871, 0.2488, 0.2281, 0.2247, 0.2113"
1,graph polynomial,,0.862202525138855,"0.2500, 0.2433, 0.1467, 0.1758, 0.1841"
1,orthogonal decomposition methods,,0.5170978903770447,"0.2500, 0.2500, 0.1089, 0.1699, 0.2212"
1,geometrical model,,0.5682279467582703,"0.2490, 0.2389, 0.1440, 0.1754, 0.1927"
1,static hashing,,0.7240489721298218,"0.2500, 0.2473, 0.2059, 0.1707, 0.1261"
1,cross-entropy method,,0.7522769570350647,"0.2500, 0.2295, 0.1736, 0.1756, 0.1714"
1,joint probability distribution,,0.7400298714637756,"0.2433, 0.2486, 0.1767, 0.1583, 0.1731"
1,thomas algorithm,,0.7181936502456665,"0.1570, 0.2494, 0.2199, 0.2050, 0.1687"
1,clustering algorithms,,0.9061444997787476,"0.2500, 0.2491, 0.2124, 0.1783, 0.1102"
1,probabilistic tests,,0.5359606742858887,"0.2498, 0.0493, 0.2375, 0.2347, 0.2287"
1,core processor,,0.842363178730011,"0.1920, 0.2287, 0.2299, 0.2043, 0.1451"
1,hebbian learning,,0.7405323386192322,"0.1875, 0.2282, 0.2081, 0.2013, 0.1749"
1,rayleigh quotient,,0.5516029000282288,"0.2408, 0.2386, 0.1733, 0.1791, 0.1682"
1,software application,,0.8834707736968994,"0.2491, 0.2468, 0.2292, 0.1881, 0.0868"
1,neuron clusters,,0.7269138693809509,"0.2368, 0.2420, 0.1767, 0.1798, 0.1647"
1,artificial neurons,,0.8427969217300415,"0.2420, 0.2098, 0.1788, 0.1904, 0.1790"
1,computing power,,0.792328953742981,"0.2498, 0.1674, 0.1918, 0.1997, 0.1913"
1,regression analysis,,0.8825547695159912,"0.2495, 0.2442, 0.1841, 0.1735, 0.1486"
1,bitwise operation,,0.601430356502533,"0.2498, 0.1730, 0.1905, 0.1979, 0.1887"
1,multifrontal solver,,0.5106515288352966,"0.2403, 0.2425, 0.1485, 0.1779, 0.1909"
1,sandstorm hash,,0.7570553421974182,"0.2492, 0.2418, 0.2094, 0.1785, 0.1211"
1,global view,,0.5885092616081238,"0.2423, 0.2234, 0.1926, 0.1808, 0.1609"
1,memory management unit,,0.8215358257293701,"0.2500, 0.2477, 0.2464, 0.1517, 0.1042"
1,compilation errors,,0.8703781366348267,"0.2493, 0.2413, 0.2199, 0.1845, 0.1050"
1,desktop virtualization,,0.7919068336486816,"0.0265, 0.2500, 0.2484, 0.2442, 0.2309"
1,computer hardware unit,,0.9151583313941956,"0.2026, 0.1881, 0.2479, 0.1932, 0.1682"
1,network scheduler,,0.8381133079528809,"0.0606, 0.2437, 0.2417, 0.2346, 0.2194"
1,business rule processing,,0.7404224276542664,"0.2476, 0.2390, 0.2462, 0.1455, 0.1216"
1,lazy learning systems,,0.7593884468078613,"0.2492, 0.2329, 0.2474, 0.1438, 0.1265"
1,deep reinforcement learning,,0.6463430523872375,"0.2496, 0.2500, 0.2134, 0.1550, 0.1321"
1,microbial intelligence,,0.7465773820877075,"0.2141, 0.2496, 0.2101, 0.1852, 0.1410"
1,decision network,,0.8496088981628418,"0.2023, 0.2068, 0.2075, 0.2036, 0.1799"
1,virtual intelligence,,0.937785267829895,"0.2498, 0.2499, 0.2289, 0.1887, 0.0826"
1,deterministic approximation,,0.8399825096130371,"0.2496, 0.2466, 0.2002, 0.1721, 0.1315"
1,linear quadratic gaussian control,,0.9583031535148621,"0.2499, 0.2499, 0.2487, 0.2080, 0.0434"
1,spectral centroid,,0.6880128383636475,"0.2492, 0.2456, 0.1713, 0.1671, 0.1669"
1,linear probing,,0.7727549076080322,"0.2499, 0.2027, 0.1972, 0.1862, 0.1639"
1,technology database,,0.8417450189590454,"0.1868, 0.2498, 0.2338, 0.2047, 0.1250"
1,bit array,,0.8782246708869934,"0.2494, 0.2499, 0.2306, 0.1878, 0.0822"
1,computer language,,0.8764616250991821,"0.2488, 0.2353, 0.1960, 0.1803, 0.1397"
1,multilevel sampling system,,0.5548349618911743,"0.2453, 0.0541, 0.2448, 0.2251, 0.2308"
1,cognitive architectures,,0.7530096173286438,"0.2271, 0.2484, 0.2227, 0.1887, 0.1131"
1,raw data,,0.8601123094558716,"0.2491, 0.2470, 0.2103, 0.1799, 0.1136"
1,displaying data,,0.5539789199829102,"0.1097, 0.2408, 0.2197, 0.2198, 0.2100"
1,linear dependency,,0.8398379683494568,"0.2500, 0.2224, 0.1962, 0.1796, 0.1518"
1,differentiable neural computers,,0.8351541757583618,"0.2237, 0.2392, 0.1602, 0.1940, 0.1829"
1,logistic regression,,0.9129848480224609,"0.2499, 0.2488, 0.2055, 0.1740, 0.1218"
1,memory leaks,,0.935371994972229,"0.2500, 0.2492, 0.2304, 0.1904, 0.0800"
1,input error,,0.8206390142440796,"0.2337, 0.2417, 0.2087, 0.1824, 0.1335"
1,conformational analysis,,0.636937141418457,"0.2500, 0.2473, 0.1896, 0.1689, 0.1442"
1,sleep algorithm,,0.8990995287895203,"0.2248, 0.2488, 0.1973, 0.1820, 0.1471"
1,delay-tolerant networking,,0.7753939628601074,"0.2487, 0.2336, 0.1963, 0.1773, 0.1440"
1,functional optimization,,0.7657530903816223,"0.2379, 0.2439, 0.1829, 0.1762, 0.1592"
1,generalised bayesian networks,,0.8885687589645386,"0.2410, 0.2500, 0.2475, 0.1572, 0.1043"
1,user virtualization decouples,,0.5049313902854919,"0.0019, 0.2500, 0.2500, 0.2495, 0.2486"
1,matrix decompositions,,0.8644780516624451,"0.2500, 0.2498, 0.2079, 0.1695, 0.1227"
1,caesar cipher,,0.8851274251937866,"0.2249, 0.2496, 0.2138, 0.1864, 0.1253"
1,gradient boosting,,0.5493395328521729,"0.2499, 0.1521, 0.1978, 0.1976, 0.2026"
1,artificial intelligence,,0.7962053418159485,"0.2483, 0.2497, 0.2074, 0.1740, 0.1206"
1,humanistic intelligence,,0.61054927110672,"0.2453, 0.2496, 0.2023, 0.1718, 0.1309"
1,markov chain,,0.8975856304168701,"0.2499, 0.2500, 0.2263, 0.1850, 0.0888"
1,certificate-based encryption,,0.8998099565505981,"0.2472, 0.2498, 0.2347, 0.1916, 0.0766"
1,dma attack,,0.5048897862434387,"0.2495, 0.2009, 0.1912, 0.1851, 0.1734"
1,golay code,,0.8825023174285889,"0.2429, 0.2499, 0.2187, 0.1804, 0.1081"
1,random permutation model,,0.5515462160110474,"0.2492, 0.2496, 0.2436, 0.1216, 0.1360"
1,markov algorithms,,0.9509968757629395,"0.2498, 0.2492, 0.2146, 0.1809, 0.1055"
1,buffer overflows,,0.8385229706764221,"0.2499, 0.2485, 0.2182, 0.1803, 0.1032"
1,binary trees,,0.9615889191627502,"0.2500, 0.2496, 0.2248, 0.1855, 0.0902"
1,deep neural networks,,0.9199738502502441,"0.2475, 0.2497, 0.2473, 0.1438, 0.1117"
1,textual data,,0.8517615795135498,"0.2004, 0.2470, 0.2163, 0.1956, 0.1406"
1,data processing industry,,0.6919934153556824,"0.2472, 0.2492, 0.1533, 0.1805, 0.1697"
1,karatsuba algorithm,,0.6827374696731567,"0.0887, 0.2495, 0.2315, 0.2247, 0.2057"
1,distributed computing environment,,0.7707927823066711,"0.0990, 0.2491, 0.2068, 0.2263, 0.2188"
1,randomization functions,,0.838363766670227,"0.2500, 0.2498, 0.1978, 0.1702, 0.1323"
1,structural pattern recognition,,0.5704917311668396,"0.2499, 0.2461, 0.2347, 0.1248, 0.1446"
1,artificial neural networks,,0.9310750961303711,"0.2393, 0.2495, 0.2471, 0.1469, 0.1172"
1,processing data streams,,0.7736703157424927,"0.2496, 0.2466, 0.1377, 0.1797, 0.1864"
1,computational ethics,,0.8341176509857178,"0.2495, 0.2331, 0.1954, 0.1776, 0.1444"
1,numerical analysis,,0.6193530559539795,"0.2287, 0.2388, 0.1686, 0.1829, 0.1810"
1,orthogonal decomposition,,0.719467282295227,"0.2498, 0.2495, 0.1799, 0.1634, 0.1573"
1,text retrieval,,0.8326386213302612,"0.2056, 0.2496, 0.2265, 0.1959, 0.1223"
1,code page,,0.8916435241699219,"0.2499, 0.2135, 0.2060, 0.1846, 0.1461"
1,linear discriminant analysis,,0.9406379461288452,"0.2499, 0.2496, 0.2461, 0.1589, 0.0954"
1,quantum information theory,,0.709220290184021,"0.2497, 0.2484, 0.2488, 0.1429, 0.1103"
1,memory sharing,,0.7752848267555237,"0.2500, 0.1539, 0.2283, 0.2088, 0.1590"
1,automata-based programming,,0.9300276637077332,"0.2500, 0.2499, 0.2299, 0.1879, 0.0823"
1,logic programming languages,,0.7556033134460449,"0.2500, 0.2500, 0.2125, 0.1471, 0.1404"
1,Bayesian information criterion,,0.8852274417877197,"0.2500, 0.2497, 0.2494, 0.1634, 0.0876"
1,static arrays,,0.7004058957099915,"0.2500, 0.2498, 0.2176, 0.1730, 0.1097"
1,quadratic probing,,0.7703417539596558,"0.2499, 0.1904, 0.1966, 0.1910, 0.1721"
1,relational model,,0.5523496270179749,"0.2493, 0.2409, 0.1507, 0.1739, 0.1852"
1,data mining,,0.7568356990814209,"0.2488, 0.2472, 0.1955, 0.1722, 0.1362"
1,evolutionary computation,,0.8930031061172485,"0.2350, 0.2494, 0.2115, 0.1833, 0.1208"
1,distributed computing,,0.8543225526809692,"0.1090, 0.2493, 0.2350, 0.2215, 0.1852"
1,programming language semantics,,0.7888002991676331,"0.2500, 0.2485, 0.2479, 0.1508, 0.1028"
1,algorithmic complexity theory,,0.7705181241035461,"0.2500, 0.2499, 0.2477, 0.1313, 0.1211"
1,map function,,0.7330127954483032,"0.2500, 0.2488, 0.1629, 0.1691, 0.1692"
1,data warehouse,,0.8284931182861328,"0.2198, 0.2390, 0.2163, 0.1894, 0.1355"
1,computer program source code,,0.9067108631134033,"0.2393, 0.2492, 0.1865, 0.2494, 0.0756"
1,physical neural networks,,0.5354947447776794,"0.0989, 0.2496, 0.2445, 0.1968, 0.2103"
1,recursive algorithms,,0.8726909756660461,"0.2500, 0.2486, 0.2034, 0.1748, 0.1232"
1,compressed data structure,,0.6775992512702942,"0.2499, 0.2496, 0.2476, 0.1428, 0.1101"
1,lazy learning,,0.8399022817611694,"0.2496, 0.2300, 0.1951, 0.1803, 0.1449"
1,cpu cache,,0.9494062662124634,"0.1221, 0.2496, 0.2437, 0.2243, 0.1603"
1,binary arithmetic,,0.8825141191482544,"0.2500, 0.2382, 0.2071, 0.1792, 0.1255"
1,function abstraction,,0.7725828886032104,"0.2497, 0.2498, 0.2043, 0.1697, 0.1265"
1,web applications,,0.8834590315818787,"0.2413, 0.2363, 0.2209, 0.1880, 0.1135"
1,core algorithms,,0.8914132118225098,"0.2493, 0.2487, 0.2049, 0.1765, 0.1205"
1,recursive parametrically polymorphic function,,0.6686700582504272,"0.2500, 0.2453, 0.2500, 0.2475, 0.0072"
1,relational database models,,0.8631902933120728,"0.2476, 0.2500, 0.2485, 0.1598, 0.0942"
1,shift cipher,,0.7593196630477905,"0.2437, 0.2492, 0.1971, 0.1740, 0.1360"
1,graph embedding,,0.8766535520553589,"0.2497, 0.2409, 0.2036, 0.1781, 0.1278"
1,order logics,,0.5405865907669067,"0.2369, 0.2499, 0.1940, 0.1730, 0.1462"
1,compound logic gates,,0.515601634979248,"0.2410, 0.2499, 0.2073, 0.1601, 0.1416"
1,functional analysis,,0.7444636225700378,"0.2421, 0.2372, 0.1668, 0.1797, 0.1741"
1,dynamical system,,0.570778489112854,"0.2499, 0.2452, 0.1929, 0.1705, 0.1416"
1,search trees,,0.8575025200843811,"0.2056, 0.2477, 0.2005, 0.1894, 0.1567"
1,information graphics,,0.7991724014282227,"0.2123, 0.2480, 0.2233, 0.1938, 0.1227"
1,degree matrix,,0.5832720994949341,"0.1694, 0.2499, 0.2023, 0.1932, 0.1852"
1,accelerated processing unit,,0.5565567016601562,"0.2453, 0.2497, 0.2451, 0.1399, 0.1200"
1,process plant,,0.7007943391799927,"0.2444, 0.2431, 0.1681, 0.1781, 0.1663"
1,digital filters,,0.8709019422531128,"0.2499, 0.2497, 0.2197, 0.1780, 0.1027"
1,probability density proportional,,0.6764515042304993,"0.2493, 0.2486, 0.1245, 0.1923, 0.1853"
1,compilation error,,0.8740265369415283,"0.2498, 0.2457, 0.2190, 0.1814, 0.1040"
1,logic gate,,0.7371867299079895,"0.2500, 0.2489, 0.1899, 0.1692, 0.1421"
1,tech mining,,0.5068701505661011,"0.2232, 0.2464, 0.1839, 0.1784, 0.1682"
1,nested loop,,0.7169293165206909,"0.2385, 0.2500, 0.2266, 0.1838, 0.1012"
1,probabilistic roadmap methods,,0.7945510149002075,"0.2500, 0.2500, 0.1749, 0.1562, 0.1689"
1,digital image processing,,0.9314428567886353,"0.2433, 0.2399, 0.2485, 0.1748, 0.0935"
1,domain method,,0.7351233959197998,"0.2497, 0.2199, 0.1680, 0.1818, 0.1805"
1,order functions,,0.5729358196258545,"0.2485, 0.2479, 0.1356, 0.1764, 0.1915"
1,compound algorithm,,0.8325021266937256,"0.2403, 0.2487, 0.1929, 0.1768, 0.1412"
1,transition function,,0.7983797788619995,"0.2494, 0.2490, 0.1717, 0.1737, 0.1561"
1,computational complexity,,0.7789919972419739,"0.2498, 0.2494, 0.1909, 0.1688, 0.1412"
1,boolean logic,,0.7497327327728271,"0.2500, 0.2500, 0.2144, 0.1735, 0.1122"
1,unlabeled input data,,0.8019562363624573,"0.2485, 0.2369, 0.2352, 0.1568, 0.1226"
1,k-means clustering,,0.6447815895080566,"0.0892, 0.2498, 0.2358, 0.2246, 0.2005"
1,sparse distributed memory,,0.8436336517333984,"0.2363, 0.1307, 0.2499, 0.2205, 0.1625"
1,computer systems,,0.8370316028594971,"0.2459, 0.2492, 0.2022, 0.1760, 0.1267"
1,user queries,,0.5596820116043091,"0.0381, 0.2476, 0.2425, 0.2397, 0.2321"
1,leaf nodes,,0.8395020961761475,"0.2496, 0.2475, 0.1815, 0.1722, 0.1492"
1,database columns,,0.8088328242301941,"0.2500, 0.2404, 0.1920, 0.1752, 0.1425"
1,concurrency control,,0.7596352100372314,"0.2500, 0.2421, 0.2111, 0.1774, 0.1195"
1,primitive recursive,,0.6324300765991211,"0.2486, 0.2498, 0.2078, 0.1758, 0.1179"
1,lexicalist hypothesis,,0.5079697370529175,"0.1692, 0.2386, 0.2037, 0.2020, 0.1865"
1,theorem  computer science,,0.6838606595993042,"0.2480, 0.0455, 0.2466, 0.2267, 0.2332"
1,matrix decomposition,,0.8749025464057922,"0.2500, 0.2498, 0.2064, 0.1693, 0.1245"
1,computer security software,,0.90959632396698,"0.2303, 0.2369, 0.2489, 0.1973, 0.0866"
1,fuzzy systems,,0.7625404000282288,"0.2500, 0.2495, 0.2089, 0.1734, 0.1182"
1,data-flow diagram,,0.8387647271156311,"0.2497, 0.2482, 0.2116, 0.1778, 0.1127"
1,network log analysis,,0.9496877789497375,"0.1327, 0.2493, 0.2475, 0.2019, 0.1685"
1,runtime error detection,,0.7970595955848694,"0.1995, 0.2481, 0.2341, 0.1768, 0.1415"
1,shuffling algorithms,,0.8737611770629883,"0.2494, 0.2486, 0.2031, 0.1758, 0.1231"
1,symbolic-numeric computation,,0.9308488368988037,"0.2488, 0.2496, 0.2131, 0.1798, 0.1088"
1,binary floating point,,0.7064267992973328,"0.2500, 0.2494, 0.2260, 0.1703, 0.1043"
1,random binary trees,,0.9332506656646729,"0.2359, 0.2500, 0.2491, 0.1861, 0.0790"
1,categorize unlabeled data,,0.7337521314620972,"0.2367, 0.2473, 0.2294, 0.1482, 0.1384"
1,database table,,0.9299588203430176,"0.2500, 0.2496, 0.2186, 0.1811, 0.1008"
1,statistical inference,,0.8774204254150391,"0.2198, 0.2498, 0.2202, 0.1891, 0.1211"
1,bayesian information,,0.8972497582435608,"0.2499, 0.2424, 0.2101, 0.1816, 0.1160"
1,encrypted data,,0.7796066999435425,"0.2410, 0.2436, 0.1958, 0.1778, 0.1418"
1,matrix multiplication,,0.8220242261886597,"0.2500, 0.2456, 0.1903, 0.1716, 0.1426"
1,code space,,0.9114349484443665,"0.2498, 0.2490, 0.2119, 0.1758, 0.1135"
1,markov partition,,0.9300364255905151,"0.2481, 0.2484, 0.2256, 0.1867, 0.0911"
1,business functions,,0.776926577091217,"0.2494, 0.2491, 0.1727, 0.1726, 0.1562"
1,immutable object,,0.5652766227722168,"0.2489, 0.2484, 0.2051, 0.1738, 0.1238"
1,dimensional generalization,,0.5409368276596069,"0.2498, 0.2496, 0.1938, 0.1627, 0.1442"
1,process optimization software,,0.7366635799407959,"0.1680, 0.2056, 0.2484, 0.2148, 0.1632"
1,nm matrix,,0.7324872016906738,"0.2434, 0.2499, 0.1939, 0.1682, 0.1445"
1,computational learning theory,,0.8829416036605835,"0.2496, 0.2478, 0.2482, 0.1422, 0.1121"
1,microsoft windows application programming interface,,0.9064674377441406,"0.0910, 0.1709, 0.2425, 0.2496, 0.2460"
1,correlation matrix,,0.8873507976531982,"0.2488, 0.2500, 0.2161, 0.1761, 0.1091"
1,constraint logic programming,,0.8146949410438538,"0.2500, 0.2499, 0.2496, 0.1771, 0.0733"
1,User interface design,,0.6867378950119019,"0.0661, 0.2496, 0.2175, 0.2346, 0.2323"
1,predictive model,,0.7551189064979553,"0.2498, 0.2457, 0.1767, 0.1696, 0.1582"
1,virtual address space,,0.9251859188079834,"0.2107, 0.2095, 0.2490, 0.2019, 0.1289"
1,linear regularization methods,,0.7862442135810852,"0.2500, 0.2500, 0.1835, 0.1511, 0.1654"
1,observation function,,0.8019036650657654,"0.2480, 0.2482, 0.1603, 0.1751, 0.1684"
1,sparse graph,,0.8693629503250122,"0.2500, 0.2498, 0.2151, 0.1761, 0.1090"
1,character encoding,,0.7028207778930664,"0.1647, 0.2404, 0.2162, 0.2049, 0.1738"
1,parallel tree contraction,,0.93956458568573,"0.2498, 0.2499, 0.2291, 0.1593, 0.1119"
1,statistical modelling,,0.5482728481292725,"0.2230, 0.2016, 0.1605, 0.1985, 0.2163"
1,leaf node,,0.8649053573608398,"0.2494, 0.2494, 0.2012, 0.1728, 0.1271"
1,logarithm function,,0.9288692474365234,"0.2500, 0.2495, 0.1921, 0.1735, 0.1349"
1,flux architecture,,0.5750647187232971,"0.1188, 0.2447, 0.2256, 0.2162, 0.1947"
1,gaussian process,,0.791553258895874,"0.2488, 0.2352, 0.1863, 0.1768, 0.1529"
1,computer science fields,,0.6359394788742065,"0.2476, 0.2423, 0.2353, 0.1406, 0.1341"
1,abstract algorithms,,0.7897167205810547,"0.2494, 0.2476, 0.1912, 0.1722, 0.1396"
1,linear transformations,,0.7998056411743164,"0.2500, 0.2498, 0.1985, 0.1671, 0.1346"
1,character recognition,,0.7674345970153809,"0.2330, 0.2462, 0.1917, 0.1794, 0.1497"
1,partitioning design pattern,,0.7139217257499695,"0.2498, 0.2454, 0.2375, 0.1261, 0.1412"
1,visual programming languages,,0.8057906031608582,"0.2498, 0.2500, 0.2111, 0.1527, 0.1364"
1,ogee curve,,0.6974942684173584,"0.2346, 0.2493, 0.2079, 0.1783, 0.1299"
1,javascript v8 engine,,0.5741856694221497,"0.0827, 0.2069, 0.2219, 0.2450, 0.2435"
1,convolutional neural networks,,0.9087522625923157,"0.2485, 0.2498, 0.2477, 0.1508, 0.1032"
1,redeveloping logic,,0.8074963092803955,"0.2493, 0.2499, 0.2080, 0.1736, 0.1193"
1,nonlinear optimization,,0.8250900506973267,"0.2494, 0.2478, 0.2020, 0.1712, 0.1296"
1,timespace tradeoffs,,0.7649133205413818,"0.2492, 0.2495, 0.2162, 0.1792, 0.1059"
1,machine consciousness,,0.8356736302375793,"0.1586, 0.2361, 0.2238, 0.2088, 0.1727"
1,logical variables,,0.5787596702575684,"0.2499, 0.2342, 0.1749, 0.1757, 0.1653"
1,jacobi iteration method,,0.8186080455780029,"0.2483, 0.2499, 0.1954, 0.1421, 0.1643"
1,virtual machine component,,0.9464408159255981,"0.2329, 0.2460, 0.2399, 0.1808, 0.1004"
1,data stored,,0.8407392501831055,"0.2222, 0.2277, 0.2125, 0.1923, 0.1453"
1,polynomial expression,,0.5907023549079895,"0.2489, 0.1906, 0.1294, 0.2058, 0.2253"
1,markowitz method,,0.6506011486053467,"0.2490, 0.2060, 0.1551, 0.1891, 0.2008"
1,digital computer,,0.9552311897277832,"0.2325, 0.2449, 0.2246, 0.1923, 0.1057"
1,superconducting quantum computing,,0.8903628587722778,"0.2435, 0.2481, 0.2482, 0.1756, 0.0845"
1,graphical model,,0.8801973462104797,"0.2500, 0.2480, 0.1975, 0.1715, 0.1330"
1,linear regression models,,0.9438021183013916,"0.2500, 0.2500, 0.2478, 0.1479, 0.1044"
1,computability theorists,,0.8652553558349609,"0.2500, 0.2447, 0.2171, 0.1811, 0.1071"
1,ensemble learning method,,0.6027197241783142,"0.2495, 0.2488, 0.1944, 0.1370, 0.1702"
1,hybrid recursive algorithms,,0.8749489784240723,"0.2484, 0.2500, 0.2478, 0.1611, 0.0927"
1,relational database theory,,0.8619386553764343,"0.2452, 0.2500, 0.2492, 0.1657, 0.0899"
1,transfer data,,0.8143264055252075,"0.2465, 0.2468, 0.2066, 0.1793, 0.1208"
1,linear programming,,0.9463022351264954,"0.2499, 0.2499, 0.2287, 0.1863, 0.0852"
1,quantum programming,,0.859312117099762,"0.2498, 0.2499, 0.2254, 0.1829, 0.0921"
1,plate notation,,0.581567645072937,"0.2259, 0.2384, 0.1607, 0.1861, 0.1889"
1,state machine,,0.7035841941833496,"0.1959, 0.2104, 0.2188, 0.2060, 0.1689"
1,input signal,,0.6235309839248657,"0.2490, 0.2344, 0.1536, 0.1760, 0.1871"
1,tree decomposition,,0.9532479047775269,"0.2500, 0.2497, 0.2153, 0.1785, 0.1065"
1,clique trees,,0.5732673406600952,"0.1910, 0.2482, 0.1990, 0.1935, 0.1682"
1,approximation theory,,0.6984237432479858,"0.2494, 0.2485, 0.1690, 0.1686, 0.1645"
1,algorithmic mechanism design,,0.5460958480834961,"0.2500, 0.2494, 0.0815, 0.2051, 0.2140"
1,computational engineering,,0.7593719959259033,"0.2494, 0.2394, 0.1913, 0.1740, 0.1460"
1,software problem,,0.831433892250061,"0.2498, 0.2340, 0.2069, 0.1800, 0.1293"
1,software engineering,,0.7864950895309448,"0.2498, 0.2476, 0.2162, 0.1786, 0.1078"
1,binary lexicographic code,,0.9360575675964355,"0.2500, 0.2408, 0.2498, 0.1746, 0.0848"
1,decision model,,0.7973892092704773,"0.2487, 0.2463, 0.1798, 0.1717, 0.1535"
1,3d computer graphics,,0.9598524570465088,"0.2411, 0.2442, 0.2473, 0.1910, 0.0764"
1,empirical eigenfunction,,0.7423925399780273,"0.2400, 0.2490, 0.1878, 0.1712, 0.1521"
1,digital logic,,0.9191310405731201,"0.2498, 0.2500, 0.2229, 0.1831, 0.0942"
1,backfitting algorithm,,0.9227560758590698,"0.2499, 0.2495, 0.2099, 0.1770, 0.1137"
1,intelligence analysis,,0.7408791780471802,"0.2499, 0.2455, 0.1854, 0.1703, 0.1488"
1,SchönhageStrassen algorithm,,0.9172042608261108,"0.2469, 0.2490, 0.1986, 0.1764, 0.1290"
1,optimization software,,0.8726016879081726,"0.2303, 0.2492, 0.2275, 0.1897, 0.1033"
1,computational process,,0.7901667356491089,"0.2496, 0.2334, 0.1866, 0.1764, 0.1540"
1,boolean function,,0.841983437538147,"0.2500, 0.2493, 0.1805, 0.1706, 0.1497"
1,monic polynomials,,0.5016286969184875,"0.2456, 0.1591, 0.1510, 0.2152, 0.2291"
1,conjugate gradient method,,0.6976077556610107,"0.2499, 0.2500, 0.2043, 0.1317, 0.1641"
1,discriminant function analysis,,0.9223001003265381,"0.2499, 0.2496, 0.2402, 0.1392, 0.1211"
1,linear inequality constraints,,0.9097898006439209,"0.2500, 0.2497, 0.2492, 0.1526, 0.0985"
1,cognitive robotics,,0.7835371494293213,"0.2283, 0.2458, 0.2233, 0.1901, 0.1126"
1,screen cursor,,0.8694696426391602,"0.2447, 0.2489, 0.2207, 0.1805, 0.1052"
1,computational models,,0.8426423668861389,"0.2499, 0.2481, 0.1848, 0.1688, 0.1484"
1,priority queue,,0.5164860486984253,"0.0355, 0.2442, 0.2401, 0.2405, 0.2398"
1,tree traversal,,0.9561954736709595,"0.2499, 0.2496, 0.2206, 0.1853, 0.0946"
1,application programming interface,,0.9091334342956543,"0.2313, 0.2498, 0.2485, 0.1934, 0.0770"
1,empirical eigenfunction decomposition,,0.8025875091552734,"0.2469, 0.2499, 0.2493, 0.1485, 0.1055"
1,encryption algorithm,,0.9210782051086426,"0.2499, 0.2496, 0.2133, 0.1772, 0.1100"
1,computer security,,0.8504588603973389,"0.2478, 0.2483, 0.2119, 0.1777, 0.1144"
1,text processing,,0.8410996198654175,"0.2221, 0.2490, 0.2101, 0.1847, 0.1341"
1,time markov process,,0.7214870452880859,"0.2257, 0.2496, 0.2393, 0.1662, 0.1192"
1,combinatorial optimization,,0.6542373299598694,"0.2498, 0.2461, 0.1875, 0.1682, 0.1485"
1,sigmoid function,,0.8645715117454529,"0.2499, 0.2489, 0.1686, 0.1730, 0.1597"
1,correction algorithms,,0.8780418634414673,"0.2452, 0.2474, 0.1919, 0.1762, 0.1393"
1,ngh systems,,0.667582094669342,"0.1518, 0.2486, 0.2098, 0.2040, 0.1859"
1,ridge regression estimator,,0.9285911321640015,"0.2500, 0.2497, 0.2413, 0.1668, 0.0922"
1,associative classifier,,0.7239974737167358,"0.2499, 0.2500, 0.2246, 0.1756, 0.0999"
1,logic programming,,0.8936941623687744,"0.2500, 0.2499, 0.2247, 0.1827, 0.0927"
1,block cipher,,0.689281165599823,"0.2494, 0.2494, 0.1984, 0.1694, 0.1334"
1,mutable array,,0.9068737030029297,"0.2500, 0.2500, 0.2364, 0.1925, 0.0711"
1,computer interface,,0.9312407374382019,"0.2430, 0.2491, 0.2257, 0.1861, 0.0961"
1,behavioral software design pattern,,0.528754472732544,"0.1242, 0.2499, 0.2474, 0.2389, 0.1396"
1,backward euler method,,0.6604565382003784,"0.2496, 0.2491, 0.2064, 0.1321, 0.1629"
1,algorithm theory,,0.8545297980308533,"0.2498, 0.2486, 0.1820, 0.1708, 0.1488"
1,inverse direction,,0.5299149751663208,"0.2366, 0.2170, 0.1678, 0.1844, 0.1941"
1,business analysis,,0.7441924810409546,"0.2386, 0.2437, 0.1873, 0.1792, 0.1512"
1,model predictive control,,0.5567471981048584,"0.2446, 0.2424, 0.1740, 0.1560, 0.1831"
1,multivariate normal distributions,,0.7294206023216248,"0.2447, 0.1061, 0.2147, 0.2098, 0.2247"
1,binary vectors,,0.7820612192153931,"0.2500, 0.2499, 0.2257, 0.1783, 0.0962"
1,continuous-time Markov process,,0.7835391759872437,"0.2381, 0.2497, 0.2382, 0.1643, 0.1097"
1,machine ethics,,0.804490327835083,"0.2276, 0.2304, 0.2035, 0.1884, 0.1501"
1,smoothness assumption,,0.7605715990066528,"0.2500, 0.2495, 0.2071, 0.1736, 0.1198"
1,state space,,0.6725857257843018,"0.2317, 0.2482, 0.2134, 0.1848, 0.1219"
1,data storage,,0.8822689056396484,"0.2252, 0.2488, 0.2245, 0.1900, 0.1116"
1,kernelized learning algorithms,,0.9476720094680786,"0.2493, 0.2428, 0.2462, 0.1572, 0.1045"
1,pronunciation model,,0.5916011333465576,"0.1921, 0.2427, 0.1745, 0.1930, 0.1976"
1,virtual reality,,0.9078384637832642,"0.2381, 0.2273, 0.2230, 0.1942, 0.1174"
1,stochastic weights,,0.5470900535583496,"0.2499, 0.1397, 0.2002, 0.1992, 0.2110"
1,feature detection,,0.759334921836853,"0.2498, 0.2360, 0.1928, 0.1763, 0.1452"
1,negative matrix factorization,,0.8652550578117371,"0.1893, 0.2499, 0.2482, 0.1821, 0.1304"
1,oriented code,,0.7104122638702393,"0.2473, 0.2498, 0.2054, 0.1708, 0.1266"
1,neural network,,0.9295424818992615,"0.2489, 0.2213, 0.1938, 0.1845, 0.1515"
1,dependency network,,0.5134698748588562,"0.0775, 0.2184, 0.2322, 0.2370, 0.2350"
1,linear equations,,0.8281015157699585,"0.2499, 0.2480, 0.2124, 0.1723, 0.1173"
1,linear relationships,,0.7693326473236084,"0.2500, 0.1838, 0.1959, 0.1912, 0.1792"
1,numeric artificial neural networks,,0.9138728380203247,"0.1999, 0.2404, 0.2493, 0.2456, 0.0647"
1,plane sweep algorithm,,0.8625094890594482,"0.2490, 0.2497, 0.2484, 0.1523, 0.1007"
1,storage space,,0.8854167461395264,"0.2490, 0.2494, 0.2223, 0.1833, 0.0960"
1,knowledge discovery,,0.6725400686264038,"0.2185, 0.1712, 0.2131, 0.2087, 0.1885"
1,3d core graphics system,,0.867431640625,"0.2384, 0.2399, 0.2466, 0.2385, 0.0366"
1,computer graphics,,0.9426661729812622,"0.2419, 0.2487, 0.2269, 0.1897, 0.0929"
1,subsymbolic artificial intelligence,,0.891887903213501,"0.2498, 0.2490, 0.2495, 0.1686, 0.0831"
1,polymorphic recursion,,0.7408920526504517,"0.2500, 0.2500, 0.2295, 0.1835, 0.0870"
1,autonomic networking,,0.840869665145874,"0.2163, 0.2258, 0.2008, 0.1926, 0.1645"
1,activation function,,0.745782196521759,"0.2373, 0.2482, 0.1563, 0.1787, 0.1795"
1,gradient boosting algorithms,,0.8486838340759277,"0.2499, 0.2107, 0.2436, 0.1506, 0.1452"
1,natural computation,,0.8095567226409912,"0.1652, 0.2494, 0.2190, 0.2023, 0.1641"
1,data model,,0.7871634364128113,"0.2496, 0.2456, 0.1739, 0.1708, 0.1601"
1,kernel machines,,0.8663859367370605,"0.2090, 0.1881, 0.2124, 0.2070, 0.1836"
1,software architect,,0.6950133442878723,"0.2495, 0.2212, 0.2181, 0.1856, 0.1255"
1,distribution-based clustering,,0.8640679121017456,"0.2175, 0.2497, 0.2222, 0.1890, 0.1216"
1,data encryption standard,,0.6536329984664917,"0.2486, 0.2498, 0.1828, 0.1692, 0.1495"
1,memory allocation,,0.9478632211685181,"0.2500, 0.2499, 0.2327, 0.1916, 0.0758"
1,floppy disk,,0.8605702519416809,"0.1832, 0.2458, 0.2382, 0.2105, 0.1223"
1,logic program,,0.7921567559242249,"0.2500, 0.2493, 0.2157, 0.1763, 0.1088"
1,sorting algorithms,,0.8455578684806824,"0.2461, 0.2471, 0.1868, 0.1740, 0.1460"
1,database indexes,,0.7942379713058472,"0.2499, 0.2419, 0.2154, 0.1775, 0.1153"
1,randomization function,,0.8958337306976318,"0.2500, 0.2497, 0.2001, 0.1727, 0.1275"
1,linear bayesian svm,,0.9502041339874268,"0.2499, 0.2499, 0.2477, 0.1843, 0.0683"
1,bit central processing unit,,0.8664435148239136,"0.2366, 0.2324, 0.2494, 0.2437, 0.0378"
1,transductive learning,,0.7042902708053589,"0.2477, 0.2187, 0.1900, 0.1843, 0.1593"
1,recursive algorithm,,0.8809645175933838,"0.2500, 0.2493, 0.2052, 0.1746, 0.1209"
1,linear objective function,,0.8560524582862854,"0.2500, 0.2481, 0.2478, 0.1224, 0.1317"
1,cache coherence,,0.9284650683403015,"0.2498, 0.2496, 0.2265, 0.1861, 0.0880"
1,generative models,,0.7814111709594727,"0.2491, 0.2469, 0.1753, 0.1722, 0.1565"
1,genetic representation,,0.6540340781211853,"0.2456, 0.2457, 0.1848, 0.1736, 0.1504"
1,density operator,,0.7127933502197266,"0.2488, 0.2461, 0.1827, 0.1730, 0.1494"
1,data center,,0.660365104675293,"0.2311, 0.2165, 0.1927, 0.1874, 0.1723"
1,optimization mechanism,,0.700206995010376,"0.2490, 0.2467, 0.1777, 0.1696, 0.1570"
1,terrestrial networks,,0.7366583347320557,"0.2430, 0.2447, 0.1761, 0.1771, 0.1590"
1,decimal computers,,0.5341991186141968,"0.1379, 0.1634, 0.2307, 0.2345, 0.2335"
1,swarm intelligence algorithms,,0.825435996055603,"0.2443, 0.2497, 0.2450, 0.1442, 0.1169"
1,linear function,,0.9427754878997803,"0.2500, 0.2496, 0.1973, 0.1737, 0.1293"
1,internet routing registry,,0.9125900268554688,"0.1085, 0.2126, 0.2489, 0.2293, 0.2007"
1,denotational semantics,,0.654443621635437,"0.2500, 0.2496, 0.2084, 0.1723, 0.1197"
1,disk hardware encryption,,0.8346887826919556,"0.1646, 0.1682, 0.2498, 0.2315, 0.1858"
1,prototype-based supervised classification algorithm,,0.7484548687934875,"0.2366, 0.0949, 0.2497, 0.2486, 0.1703"
1,information system,,0.5828697681427002,"0.1735, 0.2449, 0.2090, 0.1992, 0.1733"
1,programming languages,,0.713762104511261,"0.2500, 0.2132, 0.1831, 0.1838, 0.1699"
1,binary splitting,,0.7861009836196899,"0.2500, 0.2495, 0.2205, 0.1769, 0.1031"
1,data transfer,,0.7508295774459839,"0.2115, 0.2359, 0.2164, 0.1925, 0.1437"
1,software design,,0.7743954062461853,"0.2497, 0.2121, 0.2112, 0.1874, 0.1396"
1,structured probabilistic model,,0.8357530832290649,"0.2438, 0.2499, 0.2455, 0.1508, 0.1099"
1,bayesian svms,,0.8492580056190491,"0.2500, 0.2477, 0.2171, 0.1759, 0.1093"
1,offline algorithms,,0.7158536911010742,"0.1142, 0.2472, 0.2129, 0.2151, 0.2106"
1,server message block,,0.8050839304924011,"0.2232, 0.2425, 0.2474, 0.1695, 0.1174"
1,maximum entropy probability distribution,,0.50175541639328,"0.0180, 0.2498, 0.2496, 0.2365, 0.2462"
1,polynomial time algorithm,,0.8238925933837891,"0.2118, 0.2276, 0.2463, 0.1538, 0.1605"
1,constraint programming,,0.7781436443328857,"0.2500, 0.2498, 0.2190, 0.1753, 0.1058"
1,linear algebra,,0.7753705382347107,"0.2500, 0.2495, 0.1971, 0.1666, 0.1368"
1,neural network toolbox,,0.9416356086730957,"0.2474, 0.2243, 0.2480, 0.1788, 0.1014"
1,object recognition technology,,0.6775804758071899,"0.2493, 0.2430, 0.2014, 0.1732, 0.1331"
1,data visualization,,0.8552731275558472,"0.2447, 0.2481, 0.2123, 0.1806, 0.1143"
1,stochastic version,,0.789573609828949,"0.2493, 0.1278, 0.2262, 0.2118, 0.1849"
1,tree contraction,,0.9300491809844971,"0.2499, 0.2335, 0.1925, 0.1786, 0.1454"
1,humancomputer interaction,,0.7920585870742798,"0.2497, 0.2447, 0.2018, 0.1750, 0.1288"
1,adaptive predictive coding,,0.9033170938491821,"0.2487, 0.2488, 0.2497, 0.1793, 0.0736"
1,computational methods,,0.6871387362480164,"0.2499, 0.1596, 0.1742, 0.2025, 0.2138"
1,linear regression,,0.9534574747085571,"0.2500, 0.2494, 0.2190, 0.1783, 0.1033"
1,regularized logistic regression,,0.9059184193611145,"0.2485, 0.2498, 0.2474, 0.1593, 0.0950"
1,latent semantic analysis,,0.8527446985244751,"0.2488, 0.2485, 0.2436, 0.1499, 0.1092"
1,natural neuronal processes,,0.59698486328125,"0.1006, 0.2482, 0.2480, 0.2078, 0.1954"
1,normal discriminant analysis,,0.5675844550132751,"0.0958, 0.2486, 0.2461, 0.2067, 0.2027"
1,analytic number theory,,0.6972544193267822,"0.2417, 0.1870, 0.2471, 0.1548, 0.1695"
1,dynamic array,,0.6057707667350769,"0.2498, 0.2498, 0.2146, 0.1714, 0.1143"
1,markup languages,,0.6026778817176819,"0.2499, 0.2229, 0.1893, 0.1806, 0.1573"
1,software systems,,0.7795147895812988,"0.2498, 0.2495, 0.2105, 0.1756, 0.1146"
1,weighted graph,,0.5600153803825378,"0.2249, 0.2489, 0.1759, 0.1737, 0.1766"
1,programming language compilers,,0.8484913110733032,"0.2497, 0.1961, 0.2498, 0.2007, 0.1038"
1,computer log management,,0.9217888116836548,"0.2366, 0.2493, 0.2149, 0.1748, 0.1244"
1,pattern recognition,,0.8072109222412109,"0.2478, 0.2423, 0.1754, 0.1753, 0.1592"
1,deep generative models,,0.8338704705238342,"0.2484, 0.2491, 0.2459, 0.1372, 0.1193"
1,binary inputs,,0.8951220512390137,"0.2500, 0.2471, 0.2162, 0.1806, 0.1061"
1,Log analysis,,0.9483169913291931,"0.2496, 0.2480, 0.2093, 0.1796, 0.1135"
1,polygraphic substitution,,0.8497753143310547,"0.2481, 0.2437, 0.2008, 0.1795, 0.1279"
1,problem space,,0.5564055442810059,"0.1397, 0.2475, 0.2167, 0.2083, 0.1878"
1,sequence labeling algorithms,,0.8593282699584961,"0.2497, 0.2459, 0.2470, 0.1537, 0.1037"
1,contract methodologies,,0.7067108750343323,"0.2487, 0.2291, 0.1732, 0.1790, 0.1699"
1,computer programming tasks,,0.8710379600524902,"0.2475, 0.2499, 0.2119, 0.1590, 0.1317"
1,data structure,,0.5461465716362,"0.2485, 0.2472, 0.1658, 0.1707, 0.1678"
1,autonomic computing,,0.9111789464950562,"0.2049, 0.2489, 0.2219, 0.1958, 0.1285"
1,hidden layers,,0.6520791053771973,"0.2277, 0.2459, 0.1961, 0.1783, 0.1520"
1,error message,,0.8006545901298523,"0.2450, 0.2111, 0.1972, 0.1865, 0.1602"
1,prediction algorithms,,0.944823682308197,"0.2499, 0.2492, 0.2134, 0.1797, 0.1078"
1,online machine learning,,0.6353421807289124,"0.0028, 0.2497, 0.2497, 0.2490, 0.2487"
1,integer factorization algorithms,,0.8461494445800781,"0.2392, 0.2492, 0.2460, 0.1518, 0.1138"
1,query optimization,,0.7369468212127686,"0.2378, 0.2457, 0.1942, 0.1754, 0.1469"
1,stochastic differential equations,,0.8304065465927124,"0.2500, 0.2498, 0.2443, 0.1637, 0.0923"
1,quantum graph states,,0.726981520652771,"0.2499, 0.2495, 0.2481, 0.1634, 0.0890"
1,distributed algorithms,,0.9056305885314941,"0.2337, 0.2476, 0.2004, 0.1817, 0.1366"
1,online algorithms,,0.7068226933479309,"0.0554, 0.2494, 0.2379, 0.2340, 0.2233"
1,design patterns,,0.5008139610290527,"0.2174, 0.2326, 0.1597, 0.1931, 0.1973"
1,graph state,,0.8052442073822021,"0.2482, 0.2399, 0.2041, 0.1774, 0.1304"
1,division algorithm,,0.7631564140319824,"0.2498, 0.2489, 0.1915, 0.1694, 0.1403"
1,unlabeled data,,0.7946051359176636,"0.2494, 0.2436, 0.1945, 0.1736, 0.1390"
1,gaussseidel method algorithm,,0.895354151725769,"0.2379, 0.2193, 0.2459, 0.1495, 0.1474"
1,user interface,,0.6706662178039551,"0.0398, 0.2496, 0.2438, 0.2385, 0.2283"
1,primitive recursive functions,,0.7707128524780273,"0.2499, 0.2500, 0.2493, 0.1410, 0.1098"
1,randomizing function,,0.863418459892273,"0.2500, 0.2496, 0.1951, 0.1724, 0.1328"
1,digital picture processing,,0.7663914561271667,"0.2435, 0.1184, 0.2490, 0.2099, 0.1791"
1,user interface software,,0.6189627051353455,"0.0045, 0.2497, 0.2500, 0.2490, 0.2469"
1,memory debuggers,,0.9657620191574097,"0.2500, 0.2499, 0.2346, 0.1938, 0.0717"
1,structured analysis,,0.5371496677398682,"0.2416, 0.2339, 0.1642, 0.1810, 0.1792"
1,semi-structured model,,0.5046079158782959,"0.2499, 0.2435, 0.1560, 0.1689, 0.1817"
1,bsp tree,,0.9643504619598389,"0.2495, 0.2498, 0.2282, 0.1888, 0.0836"
1,random iterates,,0.5074710845947266,"0.2435, 0.2499, 0.2232, 0.1752, 0.1082"
1,information distance,,0.6335461735725403,"0.2369, 0.2005, 0.1938, 0.1913, 0.1776"
1,sequential linear programming,,0.9578335285186768,"0.2484, 0.2499, 0.2498, 0.1907, 0.0612"
1,linear combinations,,0.6897470355033875,"0.2499, 0.1900, 0.1869, 0.1908, 0.1825"
1,site tracing,,0.5304555892944336,"0.0575, 0.2391, 0.2374, 0.2363, 0.2296"
1,compiler theory,,0.8372398614883423,"0.2500, 0.2498, 0.2148, 0.1767, 0.1088"
1,non-negative matrix factorization,,0.8609825968742371,"0.1902, 0.2499, 0.2482, 0.1811, 0.1306"
1,case gradient descent,,0.6327482461929321,"0.2499, 0.2499, 0.1942, 0.1486, 0.1574"
1,polynomial decomposition,,0.7780424356460571,"0.2475, 0.2484, 0.1555, 0.1692, 0.1794"
1,bit manipulations,,0.7203559279441833,"0.2493, 0.2467, 0.2022, 0.1768, 0.1249"
1,stochastic process,,0.7518917322158813,"0.2500, 0.2395, 0.1896, 0.1728, 0.1482"
1,factor approximations,,0.6450563669204712,"0.1408, 0.2441, 0.2041, 0.2070, 0.2040"
1,machine learning,,0.8717088103294373,"0.2347, 0.2326, 0.2024, 0.1874, 0.1429"
1,adaptive huffman coding,,0.8324693441390991,"0.2437, 0.1970, 0.2497, 0.1900, 0.1196"
1,string kernel,,0.7865738868713379,"0.2361, 0.2349, 0.2052, 0.1804, 0.1433"
1,membership function,,0.6350975036621094,"0.2005, 0.2482, 0.1716, 0.1902, 0.1895"
1,binary search tree,,0.9584007263183594,"0.2500, 0.2165, 0.2491, 0.1855, 0.0990"
1,database normalization,,0.9209932088851929,"0.2499, 0.2497, 0.2293, 0.1851, 0.0859"
