IfCS,Phrase,Correct,Probablity,Attention,Distance
1,software system,,0.7098605036735535,"0.0822, 0.1721, 0.2486, 0.2486, 0.2486",0.48080193996429443
1,machine translation,,0.7724273800849915,"0.1287, 0.1356, 0.2452, 0.2452, 0.2452",0.6735755503177643
1,search algorithm,,1.0901691913604736,"0.1088, 0.1441, 0.2490, 0.2490, 0.2490",0.7789689600467682
1,support-vector machines,,0.660162091255188,"0.2438, 0.0348, 0.2405, 0.2405, 0.2405",0.6351708173751831
1,symbolic artificial intelligence,,0.7770133018493652,"0.2162, 0.1532, 0.1320, 0.2494, 0.2494",0.632782906293869
1,algorithm theory,,1.0408316850662231,"0.1562, 0.1042, 0.2466, 0.2466, 0.2466",0.7077654004096985
1,dynamic table,,0.8269367218017578,"0.2330, 0.0283, 0.2462, 0.2462, 0.2462",0.8945622891187668
1,random permutation model,,0.9663208723068237,"0.2473, 0.2421, 0.0169, 0.2469, 0.2469",0.874632403254509
1,computational complexity,,0.9514671564102173,"0.0894, 0.2184, 0.2307, 0.2307, 0.2307",0.6247101724147797
1,ip address pool,,0.6494564414024353,"0.1613, 0.1452, 0.2186, 0.2374, 0.2374",0.899247832596302
1,binary space partitioning,,1.238002896308899,"0.0479, 0.2289, 0.2415, 0.2408, 0.2408",0.8590690791606903
1,feature maps,,0.6920497417449951,"0.0819, 0.2244, 0.2312, 0.2312, 0.2312",0.8851295709609985
1,xml data,,0.7618541121482849,"0.1907, 0.0627, 0.2488, 0.2488, 0.2488",0.8757028579711914
1,complex hermitian matrices,,0.5755460858345032,"0.2316, 0.2057, 0.1216, 0.2205, 0.2205",0.97291767783463
1,data compression,,0.8705017566680908,"0.0147, 0.2450, 0.2468, 0.2468, 0.2468",0.7364970743656158
1,linear regression,,1.4942973852157593,"0.2132, 0.0497, 0.2457, 0.2457, 0.2457",0.9280003681778908
1,object code,,1.1086305379867554,"0.1873, 0.0790, 0.2446, 0.2446, 0.2446",0.7727648913860321
1,gradient boosting,,0.7926874160766602,"0.2052, 0.0753, 0.2398, 0.2398, 0.2398",0.8336245864629745
1,software performance analysis,,0.6224499940872192,"0.0888, 0.2377, 0.1769, 0.2483, 0.2483",0.5841157734394073
1,boolean operators,,0.6738574504852295,"0.1311, 0.1555, 0.2378, 0.2378, 0.2378",0.9608536958694458
1,linear quadratic gaussian control,,1.3810986280441284,"0.2101, 0.2355, 0.2062, 0.1078, 0.2404",0.9265616610646248
1,viterbi algorithm,,1.1691690683364868,"0.2157, 0.0547, 0.2432, 0.2432, 0.2432",0.8209624290466309
1,linear dependency,,0.5665946006774902,"0.2216, 0.0445, 0.2447, 0.2447, 0.2447",0.8983345404267311
1,abstract graphical data type,,0.5635048747062683,"0.2431, 0.2382, 0.1136, 0.1553, 0.2497",0.6518481373786926
1,cognitive architecture,,0.678948163986206,"0.0856, 0.1869, 0.2425, 0.2425, 0.2425",0.5949253439903259
1,user interface,,0.6311782598495483,"0.0279, 0.2297, 0.2475, 0.2475, 0.2475",0.7027232050895691
1,leaf nodes,,0.5963070392608643,"0.1458, 0.1910, 0.2211, 0.2211, 0.2211",0.9651307202875614
1,boolean functions,,0.9184895753860474,"0.1557, 0.1122, 0.2441, 0.2441, 0.2441",0.9404405951499939
1,complex vector spaces,,0.6678045988082886,"0.2316, 0.2285, 0.1066, 0.2167, 0.2167",0.9528737440705299
1,gompertz curve,,0.7303166389465332,"0.1334, 0.1840, 0.2275, 0.2275, 0.2275",0.9787695687264204
1,heuristic method,,0.7017168998718262,"0.2161, 0.0407, 0.2477, 0.2477, 0.2477",0.7740326374769211
1,differentiable neural computers,,0.8572475910186768,"0.2249, 0.1905, 0.0877, 0.2485, 0.2485",0.5031280815601349
1,compiler switch,,0.5226449370384216,"0.1702, 0.0909, 0.2463, 0.2463, 0.2463",0.7460457980632782
1,fuzzy control systems,,0.6457015872001648,"0.1803, 0.2132, 0.1134, 0.2465, 0.2465",0.7839367091655731
1,matrix decomposition,,0.9646916389465332,"0.1863, 0.1109, 0.2343, 0.2343, 0.2343",0.9501725845038891
1,multinomial model,,0.8476527333259583,"0.1881, 0.0858, 0.2420, 0.2420, 0.2420",0.8009572178125381
1,polymorphic recursion,,0.5405862331390381,"0.1834, 0.1695, 0.2157, 0.2157, 0.2157",0.8545547723770142
1,lexicographic code,,1.0195523500442505,"0.1214, 0.1376, 0.2470, 0.2470, 0.2470",0.7920417934656143
1,pronunciation model,,0.824970006942749,"0.1814, 0.0797, 0.2463, 0.2463, 0.2463",0.85219407081604
1,memory debugger,,1.3160814046859741,"0.1686, 0.1057, 0.2419, 0.2419, 0.2419",0.7314836084842682
1,sequential algorithms,,1.2430663108825684,"0.1784, 0.0779, 0.2479, 0.2479, 0.2479",0.7911627143621445
1,hidden layers,,0.9767215847969055,"0.0530, 0.2319, 0.2384, 0.2384, 0.2384",0.8702973574399948
1,coding theory,,1.262237787246704,"0.1403, 0.1304, 0.2431, 0.2431, 0.2431",0.6918726861476898
1,text retrieval,,0.8511325716972351,"0.0969, 0.1586, 0.2482, 0.2482, 0.2482",0.8310850113630295
1,vector spaces,,0.602550745010376,"0.2309, 0.1312, 0.2126, 0.2126, 0.2126",0.978525860235095
1,variational inference,,0.9770421981811523,"0.2365, 0.0174, 0.2487, 0.2487, 0.2487",0.8547191470861435
1,shuffling algorithm,,1.2903438806533813,"0.2371, 0.0262, 0.2456, 0.2456, 0.2456",0.7880881130695343
1,biodiversity informatics,,0.5890516042709351,"0.2213, 0.0668, 0.2373, 0.2373, 0.2373",0.7163656055927277
1,deep reinforcement learning,,1.0585652589797974,"0.2438, 0.2465, 0.0147, 0.2475, 0.2475",0.8431742638349533
1,analytical hierarchy process,,0.5677919387817383,"0.1840, 0.2369, 0.0820, 0.2486, 0.2486",0.6446358859539032
1,software architects,,0.5620070099830627,"0.0521, 0.2186, 0.2431, 0.2431, 0.2431",0.5908549427986145
1,evolutionary algorithms,,1.0966254472732544,"0.2283, 0.0296, 0.2474, 0.2474, 0.2474",0.7222155332565308
1,hidden markov models,,1.1785050630569458,"0.1561, 0.2256, 0.1219, 0.2482, 0.2482",0.8385085612535477
1,evaluation method,,0.5384721755981445,"0.1619, 0.0986, 0.2465, 0.2465, 0.2465",0.754825085401535
1,digital computer,,0.7084338068962097,"0.0948, 0.1592, 0.2487, 0.2487, 0.2487",0.3547009825706482
1,artificial bee colony algorithm,,0.8959759473800659,"0.2239, 0.1708, 0.2205, 0.1351, 0.2497",0.8518157601356506
1,linear algebra,,0.7437845468521118,"0.1889, 0.1735, 0.2125, 0.2125, 0.2125",0.8932475373148918
1,computer interaction,,0.7647525668144226,"0.1355, 0.1314, 0.2444, 0.2444, 0.2444",0.36459892988204956
1,data model,,0.8790501356124878,"0.1340, 0.1207, 0.2485, 0.2485, 0.2485",0.6869619488716125
1,relational databases,,0.7540117502212524,"0.1319, 0.1288, 0.2464, 0.2464, 0.2464",0.7191396355628967
1,cpu cache,,1.350143313407898,"0.1299, 0.1440, 0.2420, 0.2420, 0.2420",0.7607395052909851
1,object oriented programming,,0.7050310969352722,"0.2318, 0.2029, 0.0693, 0.2480, 0.2480",0.6557906866073608
1,compiler optimization,,1.0469088554382324,"0.1128, 0.1561, 0.2437, 0.2437, 0.2437",0.7419476509094238
1,scientific programming languages,,0.6203250288963318,"0.1758, 0.1359, 0.1970, 0.2457, 0.2457",0.41666924953460693
1,sensor networks,,1.008782148361206,"0.2087, 0.0500, 0.2471, 0.2471, 0.2471",0.6814642250537872
1,computer science fields,,0.6118614673614502,"0.1335, 0.1490, 0.2250, 0.2462, 0.2462",0.0830923318862915
1,software verification method,,0.731870710849762,"0.1820, 0.2057, 0.1133, 0.2495, 0.2495",0.6718928515911102
1,learning method,,0.6881352663040161,"0.1644, 0.0875, 0.2494, 0.2494, 0.2494",0.7103533744812012
1,address space,,0.7686582207679749,"0.0794, 0.2283, 0.2308, 0.2308, 0.2308",0.8083483576774597
1,linear discriminant function,,1.4769020080566406,"0.2193, 0.1765, 0.1103, 0.2470, 0.2470",0.8484081327915192
1,application programming interface,,1.031346082687378,"0.1529, 0.1376, 0.2110, 0.2493, 0.2493",0.634410947561264
1,computing power,,0.8841954469680786,"0.0355, 0.2262, 0.2461, 0.2461, 0.2461",0.43523913621902466
1,backward euler method,,0.7243125438690186,"0.2393, 0.2230, 0.0433, 0.2472, 0.2472",0.9312534928321838
1,shannon sampling theorem,,0.5100088119506836,"0.1542, 0.1620, 0.1997, 0.2420, 0.2420",0.8910722136497498
1,classification performance,,0.7684940099716187,"0.0555, 0.2330, 0.2372, 0.2372, 0.2372",0.7022674381732941
1,data retrieval operations,,0.6523913741111755,"0.1912, 0.1498, 0.1600, 0.2495, 0.2495",0.7568986713886261
1,computational problems,,0.7304314970970154,"0.1611, 0.1055, 0.2445, 0.2445, 0.2445",0.704860657453537
1,gaussian elimination,,0.8153420686721802,"0.2015, 0.0747, 0.2413, 0.2413, 0.2413",0.9403141811490059
1,logspace reductions,,0.9230372905731201,"0.0479, 0.2157, 0.2455, 0.2455, 0.2455",0.885790728032589
1,text mining,,0.8468185663223267,"0.1292, 0.1323, 0.2461, 0.2461, 0.2461",0.7665350437164307
1,automata theory,,0.9663712382316589,"0.2242, 0.0548, 0.2403, 0.2403, 0.2403",0.7666566520929337
1,stack register,,0.8513674736022949,"0.1421, 0.1415, 0.2388, 0.2388, 0.2388",0.853400707244873
1,mnist database,,0.5492127537727356,"0.1385, 0.1235, 0.2460, 0.2460, 0.2460",0.7693594545125961
1,linear inequality constraints,,1.272354245185852,"0.1958, 0.1082, 0.2121, 0.2419, 0.2419",0.9170355945825577
1,computer security,,0.9352805614471436,"0.0837, 0.1867, 0.2432, 0.2432, 0.2432",0.4986443519592285
1,binary splitting,,1.0556823015213013,"0.0792, 0.2057, 0.2384, 0.2384, 0.2384",0.8426481634378433
1,maximin model,,1.0568450689315796,"0.1803, 0.0902, 0.2432, 0.2432, 0.2432",0.7748386710882187
1,application design,,0.5338083505630493,"0.1120, 0.1506, 0.2458, 0.2458, 0.2458",0.617748886346817
1,block range index,,0.7207694053649902,"0.1733, 0.2413, 0.1978, 0.1938, 0.1938",0.8545479029417038
1,reinforcement learning agent,,0.9555318355560303,"0.2473, 0.0747, 0.1806, 0.2487, 0.2487",0.865093857049942
1,supervised learning model,,0.7646692991256714,"0.2440, 0.1247, 0.1318, 0.2498, 0.2498",0.7545729130506516
1,labeled data,,0.5940172076225281,"0.1717, 0.0838, 0.2482, 0.2482, 0.2482",0.7574167102575302
1,database normalization,,1.1769734621047974,"0.0727, 0.2177, 0.2365, 0.2365, 0.2365",0.7851311564445496
1,character map,,0.6157639026641846,"0.1307, 0.2063, 0.2210, 0.2210, 0.2210",0.9246112704277039
1,web applications,,0.8721789121627808,"0.0995, 0.1543, 0.2487, 0.2487, 0.2487",0.5122961699962616
1,output label,,0.7747210264205933,"0.1091, 0.1622, 0.2429, 0.2429, 0.2429",0.8624155670404434
1,data sets,,0.8333460688591003,"0.0518, 0.2117, 0.2455, 0.2455, 0.2455",0.8301140666007996
1,loop peeling,,0.6716612577438354,"0.2008, 0.0875, 0.2372, 0.2372, 0.2372",0.9119871184229851
1,sparse grids,,0.6913374662399292,"0.2037, 0.1475, 0.2163, 0.2163, 0.2163",0.8499036282300949
1,generative models,,0.9873055219650269,"0.1678, 0.0930, 0.2464, 0.2464, 0.2464",0.7367036044597626
1,las vegas algorithms,,0.8663842678070068,"0.2421, 0.2322, 0.0308, 0.2475, 0.2475",0.7980998158454895
1,neural synapse,,1.3004733324050903,"0.1209, 0.1520, 0.2424, 0.2424, 0.2424",0.8145119547843933
1,process optimization software,,0.5442421436309814,"0.2079, 0.2247, 0.0679, 0.2497, 0.2497",0.6368032693862915
1,directed graphs,,0.8371542096138,"0.2338, 0.0360, 0.2434, 0.2434, 0.2434",0.7568032741546631
1,meta learning,,0.7353532910346985,"0.2100, 0.0444, 0.2485, 0.2485, 0.2485",0.7611471712589264
1,polynomial expression,,0.7964192628860474,"0.2250, 0.0288, 0.2487, 0.2487, 0.2487",0.8920264765620232
1,kernel machines,,1.1857675313949585,"0.1733, 0.1174, 0.2364, 0.2364, 0.2364",0.733578622341156
1,support vector machines algorithm,,0.7439467310905457,"0.2484, 0.2497, 0.1949, 0.0579, 0.2491",0.7075481116771698
1,natural language processing,,0.9696952700614929,"0.2358, 0.2221, 0.0449, 0.2486, 0.2486",0.6512101888656616
1,asymptotic analysis,,0.7040427327156067,"0.2023, 0.0646, 0.2444, 0.2444, 0.2444",0.8516676127910614
1,transfer entropy,,0.5352655649185181,"0.1407, 0.2016, 0.2192, 0.2192, 0.2192",0.7967967838048935
1,bayes net,,0.9714235663414001,"0.2193, 0.0500, 0.2436, 0.2436, 0.2436",0.7938865572214127
1,sparse graph,,1.3706002235412598,"0.2217, 0.0787, 0.2332, 0.2332, 0.2332",0.8137024343013763
1,data structure,,0.7764759063720703,"0.0437, 0.2384, 0.2393, 0.2393, 0.2393",0.6624204516410828
1,resource allocation,,0.6643466353416443,"0.1278, 0.1576, 0.2382, 0.2382, 0.2382",0.810980960726738
1,conditional expression,,0.8049075603485107,"0.1828, 0.0714, 0.2486, 0.2486, 0.2486",0.9878536378964782
1,training data,,0.514117419719696,"0.2037, 0.0555, 0.2469, 0.2469, 0.2469",0.6179344654083252
1,computer architectures,,0.9269716143608093,"0.0842, 0.1936, 0.2407, 0.2407, 0.2407",0.3419436812400818
1,binary search trees,,1.4331315755844116,"0.2156, 0.0689, 0.2174, 0.2491, 0.2491",0.7466819584369659
1,graph search,,0.9271811246871948,"0.2248, 0.0266, 0.2495, 0.2495, 0.2495",0.7405502200126648
1,input data,,0.8618650436401367,"0.1800, 0.0771, 0.2476, 0.2476, 0.2476",0.7708985954523087
1,binary floating point,,0.8066667914390564,"0.1878, 0.2293, 0.1076, 0.2377, 0.2377",0.7935574948787689
1,computational physics,,0.7822152376174927,"0.1073, 0.2417, 0.2170, 0.2170, 0.2170",0.5560458600521088
1,generalized additive model,,1.0364874601364136,"0.2360, 0.1993, 0.0686, 0.2480, 0.2480",0.9135082885622978
1,squared euclidean distances,,0.572045087814331,"0.1884, 0.2118, 0.2445, 0.1776, 0.1776",0.9555544890463352
1,javascript pseudorandom number generators,,0.700588583946228,"0.2111, 0.1748, 0.2120, 0.1636, 0.2385",0.8759980276226997
1,distributed application architecture,,0.8191378116607666,"0.2047, 0.0812, 0.2169, 0.2486, 0.2486",0.6465520560741425
1,computational engineering,,0.6186275482177734,"0.2101, 0.0468, 0.2477, 0.2477, 0.2477",0.508756548166275
1,kernel function,,1.4934319257736206,"0.1463, 0.1349, 0.2396, 0.2396, 0.2396",0.8845811635255814
1,error monitoring,,0.6004149913787842,"0.1507, 0.1172, 0.2441, 0.2441, 0.2441",0.7636858075857162
1,fuzzy markup language,,1.0669374465942383,"0.1651, 0.1687, 0.1774, 0.2444, 0.2444",0.7694830745458603
1,ridge functions,,0.6957284808158875,"0.2143, 0.0640, 0.2406, 0.2406, 0.2406",0.9288051575422287
1,functional analysis,,0.627006471157074,"0.1413, 0.1199, 0.2463, 0.2463, 0.2463",0.7202972173690796
1,logical data model,,0.8250350952148438,"0.2171, 0.1360, 0.1478, 0.2496, 0.2496",0.7416945397853851
1,analog signal,,0.713064968585968,"0.2175, 0.0422, 0.2468, 0.2468, 0.2468",0.7286784648895264
1,generalised bayesian networks,,1.4427934885025024,"0.2130, 0.1916, 0.1000, 0.2477, 0.2477",0.7962559759616852
1,data stream clustering,,0.8323994874954224,"0.0943, 0.1803, 0.2291, 0.2481, 0.2481",0.775555357336998
1,karatsuba algorithm,,1.1609086990356445,"0.2197, 0.0468, 0.2445, 0.2445, 0.2445",0.7966793775558472
1,classification accuracy,,0.9224827885627747,"0.0646, 0.2042, 0.2437, 0.2437, 0.2437",0.6983828246593475
1,hashing problem,,1.1183933019638062,"0.0959, 0.1708, 0.2444, 0.2444, 0.2444",0.9844932081177831
1,algorithmic design,,0.7064679861068726,"0.2014, 0.0600, 0.2462, 0.2462, 0.2462",0.6895901560783386
1,computational linguistics,,0.5789055824279785,"0.1987, 0.0628, 0.2462, 0.2462, 0.2462",0.6438738405704498
1,gaussian mixture model,,1.2744410037994385,"0.2323, 0.1733, 0.0987, 0.2478, 0.2478",0.8818038254976273
1,distributed computing,,0.9633533358573914,"0.2267, 0.0255, 0.2493, 0.2493, 0.2493",0.5777640044689178
1,batch learning techniques,,0.6482059955596924,"0.2398, 0.1109, 0.1504, 0.2494, 0.2494",0.6937756538391113
1,router networks,,1.0842591524124146,"0.2235, 0.0433, 0.2444, 0.2444, 0.2444",0.763258159160614
1,basic function,,0.7982359528541565,"0.1805, 0.0911, 0.2428, 0.2428, 0.2428",0.8394009172916412
1,feedforward neural network,,1.3353567123413086,"0.2016, 0.1932, 0.1075, 0.2489, 0.2489",0.7255869805812836
1,balanced binary search trees,,1.2918020486831665,"0.2367, 0.2190, 0.0776, 0.2181, 0.2486",0.7667247205972672
1,digital signal,,0.8385530710220337,"0.1360, 0.1172, 0.2489, 0.2489, 0.2489",0.6780680418014526
1,database table,,1.1720670461654663,"0.1547, 0.1048, 0.2468, 0.2468, 0.2468",0.8325559794902802
1,euclidean space,,0.5678216218948364,"0.1969, 0.1838, 0.2065, 0.2065, 0.2065",0.9296770170331001
1,neurocomputational speech processing,,0.9456120133399963,"0.2325, 0.1893, 0.0809, 0.2487, 0.2487",0.7381908297538757
1,memory protection,,0.5387404561042786,"0.1384, 0.1941, 0.2225, 0.2225, 0.2225",0.7021462023258209
1,predicate logic,,0.6681385040283203,"0.2107, 0.0688, 0.2402, 0.2402, 0.2402",0.872430145740509
1,point distribution model,,0.7246334552764893,"0.2010, 0.2114, 0.0976, 0.2450, 0.2450",0.8075551688671112
1,immersive virtual environment,,0.650951623916626,"0.2304, 0.1426, 0.1293, 0.2488, 0.2488",0.7142864763736725
1,statistical modelling,,0.8068048357963562,"0.1883, 0.0967, 0.2383, 0.2383, 0.2383",0.7873016744852066
1,linear programming,,1.56440269947052,"0.2229, 0.0435, 0.2446, 0.2446, 0.2446",0.7221916913986206
1,output layer,,0.836944580078125,"0.0498, 0.2216, 0.2429, 0.2429, 0.2429",0.7910722941160202
1,conformational analysis,,0.7083824872970581,"0.2366, 0.0440, 0.2398, 0.2398, 0.2398",0.8639472424983978
1,lossless compression algorithm,,1.3179876804351807,"0.1035, 0.2421, 0.1646, 0.2449, 0.2449",0.8526107668876648
1,margin classifier,,0.6176394820213318,"0.2062, 0.1950, 0.1996, 0.1996, 0.1996",0.81126968562603
1,parallel computing,,0.9706628322601318,"0.2431, 0.0116, 0.2484, 0.2484, 0.2484",0.5392701029777527
1,cognitive architectures,,0.6144813299179077,"0.0819, 0.1938, 0.2414, 0.2414, 0.2414",0.5818086862564087
1,bounds checking,,0.5493118762969971,"0.2444, 0.0379, 0.2392, 0.2392, 0.2392",0.9312534183263779
1,nearest neighbor algorithm,,0.860987663269043,"0.2394, 0.2413, 0.0284, 0.2454, 0.2454",0.8547253906726837
1,associative classifier,,0.7341194152832031,"0.0899, 0.1944, 0.2386, 0.2386, 0.2386",0.8376867026090622
1,quantum computing,,0.9289381504058838,"0.2468, 0.0077, 0.2485, 0.2485, 0.2485",0.6013470590114594
1,euclidean cubes,,0.6879925727844238,"0.2135, 0.1463, 0.2134, 0.2134, 0.2134",0.8793757185339928
1,binary lexicographic code,,1.3002222776412964,"0.2204, 0.1310, 0.1514, 0.2486, 0.2486",0.7599815130233765
1,greedy algorithm,,1.0760207176208496,"0.2147, 0.0432, 0.2474, 0.2474, 0.2474",0.8363716155290604
1,collision resolution schemes,,0.5588783025741577,"0.2334, 0.2227, 0.0909, 0.2264, 0.2264",0.8065034002065659
1,template method pattern,,0.7059346437454224,"0.2248, 0.1135, 0.1645, 0.2486, 0.2486",0.9340474233031273
1,fuzzy control system,,0.6677600741386414,"0.1913, 0.2143, 0.0988, 0.2478, 0.2478",0.7686117440462112
1,code modulation,,1.3992987871170044,"0.0618, 0.2121, 0.2420, 0.2420, 0.2420",0.7857186794281006
1,learning automaton,,0.7893261909484863,"0.0752, 0.1801, 0.2482, 0.2482, 0.2482",0.6990512013435364
1,inductive inference,,0.8303691148757935,"0.2342, 0.0219, 0.2479, 0.2479, 0.2479",0.8292352706193924
1,markov algorithms,,1.4935044050216675,"0.2247, 0.0359, 0.2465, 0.2465, 0.2465",0.792587473988533
1,unified modelling language,,0.6154574751853943,"0.2354, 0.1607, 0.1191, 0.2424, 0.2424",0.7234735488891602
1,principal component analysis,,0.5939407348632812,"0.2134, 0.1698, 0.1279, 0.2444, 0.2444",0.7405823171138763
1,rooted tree,,0.7490466833114624,"0.1012, 0.2017, 0.2324, 0.2324, 0.2324",0.9045671746134758
1,stochastic optimization algorithms,,1.352493166923523,"0.2425, 0.2233, 0.0366, 0.2488, 0.2488",0.8312401175498962
1,computation time,,1.0061367750167847,"0.1295, 0.1375, 0.2443, 0.2443, 0.2443",0.6207687556743622
1,quantum neural networks,,1.4815928936004639,"0.2460, 0.1813, 0.0756, 0.2486, 0.2486",0.737652987241745
1,layered network architecture,,1.005258321762085,"0.2359, 0.0927, 0.1828, 0.2443, 0.2443",0.7048912942409515
1,binary tree,,1.3407443761825562,"0.0796, 0.2001, 0.2401, 0.2401, 0.2401",0.7312394380569458
1,finite graph,,1.0795546770095825,"0.2401, 0.0585, 0.2338, 0.2338, 0.2338",0.8059401214122772
1,markup languages,,0.5056252479553223,"0.1333, 0.1990, 0.2226, 0.2226, 0.2226",0.7743701785802841
1,computational mathematics,,1.0293649435043335,"0.1480, 0.1299, 0.2407, 0.2407, 0.2407",0.6738809943199158
1,swarm intelligence,,0.8975601196289062,"0.2321, 0.0439, 0.2413, 0.2413, 0.2413",0.755315974354744
1,predicate functor logic,,0.7894691228866577,"0.2294, 0.2333, 0.0510, 0.2432, 0.2432",0.9019370675086975
1,subject-oriented programming,,1.0353285074234009,"0.1993, 0.0626, 0.2460, 0.2460, 0.2460",0.5243482887744904
1,logic programming,,1.2854523658752441,"0.1857, 0.0702, 0.2481, 0.2481, 0.2481",0.6667977273464203
1,graph state,,0.5174579620361328,"0.1751, 0.0918, 0.2444, 0.2444, 0.2444",0.7744771391153336
1,continuous-time Markov process,,1.0425044298171997,"0.2454, 0.2334, 0.0254, 0.2479, 0.2479",0.8046273738145828
1,block cipher,,1.0930876731872559,"0.2308, 0.0586, 0.2369, 0.2369, 0.2369",0.903949998319149
1,prediction model,,1.1396554708480835,"0.1744, 0.0860, 0.2465, 0.2465, 0.2465",0.8106850683689117
1,machine processor,,1.1029905080795288,"0.0704, 0.1935, 0.2453, 0.2453, 0.2453",0.5300583243370056
1,recursive algorithms,,1.1067728996276855,"0.2362, 0.0255, 0.2461, 0.2461, 0.2461",0.808280810713768
1,gated recurrent units,,0.5718682408332825,"0.1886, 0.1402, 0.2487, 0.2112, 0.2112",0.8158630281686783
1,probability theory,,0.6901512742042542,"0.2374, 0.1159, 0.2156, 0.2156, 0.2156",0.7529328465461731
1,data abstraction,,0.6701383590698242,"0.0992, 0.1616, 0.2464, 0.2464, 0.2464",0.6482739746570587
1,huffman coding,,1.1236119270324707,"0.1031, 0.1559, 0.2470, 0.2470, 0.2470",0.7823832780122757
1,fuzzy class,,0.9933417439460754,"0.0964, 0.1895, 0.2380, 0.2380, 0.2380",0.8034821152687073
1,semantic resolution tree,,0.7800646424293518,"0.0177, 0.2396, 0.2440, 0.2494, 0.2494",0.7012370526790619
1,memory leaks,,0.7414476871490479,"0.1859, 0.0816, 0.2442, 0.2442, 0.2442",0.7792008817195892
1,fuzzy classification predicate,,0.8573387861251831,"0.1854, 0.1351, 0.1848, 0.2474, 0.2474",0.8366746157407761
1,program text,,0.8049221634864807,"0.1109, 0.1426, 0.2488, 0.2488, 0.2488",0.6495512425899506
1,learnable function class,,0.583006739616394,"0.1872, 0.1210, 0.1980, 0.2469, 0.2469",0.8029989451169968
1,cross-correlation matrix,,0.9576433300971985,"0.1285, 0.1790, 0.2308, 0.2308, 0.2308",0.8784430921077728
1,statistical learning theory,,1.0269858837127686,"0.2370, 0.0897, 0.1768, 0.2482, 0.2482",0.7020694315433502
1,multivariate analysis,,0.6093043684959412,"0.1884, 0.0757, 0.2453, 0.2453, 0.2453",0.8382077813148499
1,program optimization,,1.0088927745819092,"0.0610, 0.1989, 0.2467, 0.2467, 0.2467",0.6612890958786011
1,gaussian process,,1.0114552974700928,"0.2363, 0.0218, 0.2473, 0.2473, 0.2473",0.8550086617469788
1,pigeonhole sort,,0.6924436092376709,"0.1764, 0.1613, 0.2208, 0.2208, 0.2208",0.9862829009070992
1,efficient algorithms,,0.9414764642715454,"0.2271, 0.0489, 0.2413, 0.2413, 0.2413",0.7088494598865509
1,log analysis,,1.0151255130767822,"0.0953, 0.1581, 0.2489, 0.2489, 0.2489",0.7025554478168488
1,propositional logic,,0.8755044341087341,"0.2250, 0.0537, 0.2404, 0.2404, 0.2404",0.8868763670325279
1,finite automata theory,,0.8927751183509827,"0.2457, 0.2251, 0.0586, 0.2353, 0.2353",0.7954685688018799
1,random binary tree,,1.3214508295059204,"0.2146, 0.0894, 0.2047, 0.2456, 0.2456",0.7574417144060135
1,scientific computing,,0.5106520056724548,"0.1935, 0.0596, 0.2490, 0.2490, 0.2490",0.2580556273460388
1,correlation matrix,,0.6622977256774902,"0.1408, 0.1906, 0.2229, 0.2229, 0.2229",0.927961677312851
1,neural abstraction pyramid,,1.166149377822876,"0.1592, 0.1617, 0.1922, 0.2434, 0.2434",0.670208066701889
1,computer games,,0.7176882028579712,"0.0942, 0.1825, 0.2411, 0.2411, 0.2411",0.45230036973953247
1,javascript computer programming,,1.1196211576461792,"0.2309, 0.1726, 0.0985, 0.2490, 0.2490",0.5696043968200684
1,eager learning,,0.5582751631736755,"0.2260, 0.0301, 0.2479, 0.2479, 0.2479",0.743834912776947
1,ip routing,,0.9858911037445068,"0.1274, 0.1720, 0.2336, 0.2336, 0.2336",0.9477778226137161
1,markov model,,1.269262433052063,"0.2208, 0.0430, 0.2454, 0.2454, 0.2454",0.8174147009849548
1,regularized logistic regression,,1.0812604427337646,"0.2165, 0.1906, 0.0979, 0.2475, 0.2475",0.9225523248314857
1,randomization function,,1.0904313325881958,"0.2404, 0.0223, 0.2458, 0.2458, 0.2458",0.8024997860193253
1,storage space,,0.7364749312400818,"0.1013, 0.2296, 0.2230, 0.2230, 0.2230",0.7853173315525055
1,relational algebra,,0.5540855526924133,"0.1078, 0.1950, 0.2324, 0.2324, 0.2324",0.8675632327795029
1,sigmoid curve,,0.7803594470024109,"0.1548, 0.1598, 0.2285, 0.2285, 0.2285",0.929823026061058
1,progressive networks,,0.8508245944976807,"0.1920, 0.0708, 0.2457, 0.2457, 0.2457",0.702141135931015
1,linear bayesian svm,,1.5016542673110962,"0.1921, 0.1524, 0.1746, 0.2405, 0.2405",0.8521299213171005
1,sql systems,,0.7928536534309387,"0.1214, 0.1404, 0.2461, 0.2461, 0.2461",0.6873291730880737
1,image processing,,0.845771074295044,"0.1953, 0.0615, 0.2477, 0.2477, 0.2477",0.7625307738780975
1,computer learning,,0.8927133083343506,"0.2277, 0.0247, 0.2492, 0.2492, 0.2492",0.32777857780456543
1,programming language,,0.9970746040344238,"0.1372, 0.1332, 0.2432, 0.2432, 0.2432",0.5577075779438019
1,analytical hierarchy,,0.5360403656959534,"0.0464, 0.2271, 0.2422, 0.2422, 0.2422",0.6386323273181915
1,artificial neural networks,,1.4204543828964233,"0.2095, 0.1805, 0.1108, 0.2496, 0.2496",0.6891476511955261
1,binary search tree data structures,,1.1356111764907837,"0.2348, 0.1271, 0.2331, 0.1593, 0.2457",0.7331275641918182
1,computer mouse,,1.0629035234451294,"0.1066, 0.1628, 0.2436, 0.2436, 0.2436",0.567329466342926
1,typed lambda calculus,,0.5920074582099915,"0.1205, 0.1925, 0.1920, 0.2476, 0.2476",0.8456858098506927
1,semantic predicates,,0.5493055582046509,"0.0477, 0.2110, 0.2471, 0.2471, 0.2471",0.9065469652414322
1,sentiment analysis,,0.5290461182594299,"0.0669, 0.1882, 0.2483, 0.2483, 0.2483",0.8698859214782715
1,feature learning,,0.7694276571273804,"0.2160, 0.0386, 0.2485, 0.2485, 0.2485",0.7345084846019745
1,sequence data,,0.9385950565338135,"0.2147, 0.0421, 0.2477, 0.2477, 0.2477",0.7471506595611572
1,prototype-based supervised classification algorithm,,0.9993020296096802,"0.2476, 0.2153, 0.1299, 0.1573, 0.2499",0.7591925263404846
1,input layer,,0.8781453371047974,"0.0783, 0.2037, 0.2394, 0.2394, 0.2394",0.8365012556314468
1,boolean algebra,,0.7594330310821533,"0.1094, 0.2010, 0.2299, 0.2299, 0.2299",0.9247242882847786
1,information security,,0.5298688411712646,"0.0391, 0.2210, 0.2466, 0.2466, 0.2466",0.5953158438205719
1,zip files,,0.5456190705299377,"0.1895, 0.1423, 0.2227, 0.2227, 0.2227",0.9139908105134964
1,virtual intelligence,,1.0386439561843872,"0.1221, 0.1368, 0.2470, 0.2470, 0.2470",0.5333933234214783
1,accelerated processing unit,,1.0367214679718018,"0.2411, 0.0439, 0.2376, 0.2387, 0.2387",0.592353492975235
1,bivariate analysis,,0.537365734577179,"0.1793, 0.0879, 0.2443, 0.2443, 0.2443",0.8640113323926926
1,stochastic gradient langevin dynamics,,0.8563300967216492,"0.2354, 0.2178, 0.1075, 0.1964, 0.2429",0.9278711974620819
1,data analysis,,0.6555954217910767,"0.1145, 0.1395, 0.2487, 0.2487, 0.2487",0.5908973515033722
1,generalized additive models,,0.9781473875045776,"0.2326, 0.1886, 0.0838, 0.2475, 0.2475",0.9266290217638016
1,Log analysis,,1.0151255130767822,"0.0953, 0.1581, 0.2489, 0.2489, 0.2489",0.7025554478168488
1,hidden layer,,1.097512125968933,"0.0535, 0.2176, 0.2430, 0.2430, 0.2430",0.8891206830739975
1,compound logic gates,,0.989754319190979,"0.2169, 0.1012, 0.1889, 0.2465, 0.2465",0.6620456874370575
1,system matrix,,0.6587471961975098,"0.0643, 0.2054, 0.2434, 0.2434, 0.2434",0.7741265892982483
1,sequential linear programming,,1.549770712852478,"0.1817, 0.2240, 0.0971, 0.2486, 0.2486",0.7648961246013641
1,neuron clusters,,0.5032231211662292,"0.1485, 0.2125, 0.2130, 0.2130, 0.2130",0.7891392111778259
1,convolutional neural networks,,1.5166131258010864,"0.2266, 0.1801, 0.0957, 0.2489, 0.2489",0.781034916639328
1,deterministic encryption schemes,,0.8850582242012024,"0.2288, 0.2003, 0.0792, 0.2459, 0.2459",0.8037974983453751
1,quantum data,,0.7962689399719238,"0.2428, 0.0193, 0.2460, 0.2460, 0.2460",0.6962906122207642
1,relational semantics,,0.5876465439796448,"0.1959, 0.0652, 0.2463, 0.2463, 0.2463",0.825468897819519
1,recurrent neural network,,1.3963499069213867,"0.2086, 0.1947, 0.0993, 0.2487, 0.2487",0.6838411092758179
1,address pool,,0.5025930404663086,"0.1302, 0.2119, 0.2193, 0.2193, 0.2193",0.8783387020230293
1,computational geometry,,1.066522240638733,"0.0992, 0.2017, 0.2330, 0.2330, 0.2330",0.7311467826366425
1,random decision forests,,0.5345984697341919,"0.2442, 0.0309, 0.2278, 0.2485, 0.2485",0.7990788072347641
1,computer code,,1.4415735006332397,"0.1295, 0.1280, 0.2475, 0.2475, 0.2475",0.4354766011238098
1,markov chain,,1.1332420110702515,"0.1974, 0.0983, 0.2348, 0.2348, 0.2348",0.8061579018831253
1,map function,,0.9349482655525208,"0.2389, 0.0277, 0.2445, 0.2445, 0.2445",0.9973593198228627
1,memory management unit,,0.7406396269798279,"0.1943, 0.0793, 0.2437, 0.2414, 0.2414",0.6420403718948364
1,transductive learning,,0.7728362083435059,"0.2350, 0.0181, 0.2490, 0.2490, 0.2490",0.6667288243770599
1,abstract framework,,0.5432581305503845,"0.2088, 0.0506, 0.2468, 0.2468, 0.2468",0.8188519030809402
1,beta encoders,,1.0501586198806763,"0.0841, 0.2041, 0.2373, 0.2373, 0.2373",0.824741929769516
1,markup language,,0.6505711674690247,"0.1405, 0.1664, 0.2310, 0.2310, 0.2310",0.7531756162643433
1,binary search tree,,1.4547065496444702,"0.2154, 0.0569, 0.2293, 0.2492, 0.2492",0.7198639810085297
1,polynomial sequences,,0.6459461450576782,"0.1201, 0.1958, 0.2280, 0.2280, 0.2280",0.8800050690770149
1,sigmoid function,,0.9601114392280579,"0.2066, 0.0585, 0.2450, 0.2450, 0.2450",0.9210830703377724
1,continuous-time recurrent neural networks,,1.3753427267074585,"0.2451, 0.2092, 0.1956, 0.1014, 0.2489",0.7929542511701584
1,markov random field,,1.001829981803894,"0.2175, 0.2142, 0.0935, 0.2374, 0.2374",0.8705627918243408
1,hilbert space,,0.7556520700454712,"0.1566, 0.1670, 0.2255, 0.2255, 0.2255",0.9172873347997665
1,non-negative matrix factorization,,0.6645203232765198,"0.0956, 0.2172, 0.2013, 0.2429, 0.2429",0.9741582199931145
1,gaussian distribution,,0.8072712421417236,"0.1726, 0.1546, 0.2243, 0.2243, 0.2243",0.9098516628146172
1,markov partitions,,0.7089176177978516,"0.1376, 0.2067, 0.2186, 0.2186, 0.2186",0.8531530052423477
1,Symmetric-key algorithm,,1.2952264547348022,"0.2367, 0.0339, 0.2431, 0.2431, 0.2431",0.8676692843437195
1,hash maps,,1.279490351676941,"0.0683, 0.2124, 0.2398, 0.2398, 0.2398",0.9960118336603045
1,optimization software,,0.8021467924118042,"0.2247, 0.0300, 0.2484, 0.2484, 0.2484",0.6430798470973969
1,stochastic matrix,,0.9431202411651611,"0.1751, 0.1374, 0.2292, 0.2292, 0.2292",0.8784553185105324
1,symbolic-numeric computation,,1.3008791208267212,"0.2260, 0.0320, 0.2474, 0.2474, 0.2474",0.6656303703784943
1,implicit euler method,,0.6680755615234375,"0.1915, 0.2244, 0.0870, 0.2486, 0.2486",0.9642040319740772
1,temporal database,,0.9625979661941528,"0.1633, 0.1030, 0.2446, 0.2446, 0.2446",0.7386875152587891
1,wigner function,,0.9505910277366638,"0.1985, 0.0672, 0.2448, 0.2448, 0.2448",0.9110593050718307
1,computational methods,,0.6655380725860596,"0.2172, 0.0389, 0.2480, 0.2480, 0.2480",0.6105825901031494
1,markov chain monte carlo sampler,,0.8776066303253174,"0.2489, 0.2454, 0.2313, 0.2106, 0.0638",0.7895614355802536
1,approximation algorithms,,1.2008131742477417,"0.2301, 0.0387, 0.2437, 0.2437, 0.2437",0.8244922459125519
1,functional architecture,,0.5619910955429077,"0.1020, 0.1916, 0.2355, 0.2355, 0.2355",0.6194872558116913
1,cross-site scripting,,0.5991146564483643,"0.1749, 0.0919, 0.2444, 0.2444, 0.2444",0.8042753040790558
1,cache coherence,,1.0777233839035034,"0.0949, 0.2029, 0.2340, 0.2340, 0.2340",0.8284520953893661
1,logic programming languages,,1.1167734861373901,"0.2025, 0.1212, 0.1811, 0.2476, 0.2476",0.6500926613807678
1,order logics,,0.6899100542068481,"0.1801, 0.0968, 0.2410, 0.2410, 0.2410",0.8161620050668716
1,superconducting quantum computing,,0.9257852435112,"0.2498, 0.2474, 0.0072, 0.2478, 0.2478",0.8431999236345291
1,randomized algorithm,,1.2749906778335571,"0.2405, 0.0180, 0.2471, 0.2471, 0.2471",0.7465018928050995
1,economic game theory,,0.7577141523361206,"0.1766, 0.1945, 0.1439, 0.2425, 0.2425",0.8176433891057968
1,semi-structured model,,0.9016280770301819,"0.2308, 0.0407, 0.2428, 0.2428, 0.2428",0.7937335520982742
1,specification language,,0.5021001100540161,"0.1906, 0.1571, 0.2174, 0.2174, 0.2174",0.681461900472641
1,explicit regression gradient boosting algorithms,,1.1112593412399292,"0.2211, 0.2122, 0.2382, 0.1825, 0.1460",0.8887329995632172
1,sequence labeling,,0.6497792601585388,"0.2275, 0.0345, 0.2460, 0.2460, 0.2460",0.8882548287510872
1,deterministic global optimization,,0.7819421291351318,"0.2250, 0.1734, 0.1151, 0.2433, 0.2433",0.8166678249835968
1,intelligent machines,,0.5785672068595886,"0.1922, 0.0686, 0.2464, 0.2464, 0.2464",0.47041934728622437
1,eigenmode expansion,,0.6016273498535156,"0.1157, 0.1910, 0.2311, 0.2311, 0.2311",0.861550897359848
1,regression models,,1.152933955192566,"0.1115, 0.1453, 0.2477, 0.2477, 0.2477",0.8800875544548035
1,hash table,,1.1279369592666626,"0.1399, 0.1142, 0.2486, 0.2486, 0.2486",0.9529551528394222
1,spectral methods,,0.5524073839187622,"0.2394, 0.0540, 0.2355, 0.2355, 0.2355",0.9304465502500534
1,boltzmann learning rule,,1.0413215160369873,"0.2443, 0.0715, 0.1888, 0.2477, 0.2477",0.8038485795259476
1,software problem,,0.8486933708190918,"0.0320, 0.2277, 0.2467, 0.2467, 0.2467",0.7327515780925751
1,generative adversarial networks,,1.125364899635315,"0.2185, 0.1920, 0.0916, 0.2490, 0.2490",0.7588644027709961
1,statistical inference,,0.8787859082221985,"0.2229, 0.0324, 0.2482, 0.2482, 0.2482",0.7710323482751846
1,balanced tree,,0.5582375526428223,"0.2011, 0.1752, 0.2079, 0.2079, 0.2079",0.8290157169103622
1,control theory,,0.6181806325912476,"0.1849, 0.1272, 0.2293, 0.2293, 0.2293",0.7809354066848755
1,microsoft windows application programming interface,,0.7262650728225708,"0.2090, 0.2308, 0.1647, 0.1696, 0.2260",0.5624828636646271
1,pattern recognition,,0.921544075012207,"0.2401, 0.0121, 0.2493, 0.2493, 0.2493",0.8162706941366196
1,child vertices,,0.5005930066108704,"0.2088, 0.1559, 0.2118, 0.2118, 0.2118",0.9782869536429644
1,bitwise operation,,0.5717952251434326,"0.2039, 0.0557, 0.2468, 0.2468, 0.2468",0.8789294362068176
1,similarity learning,,0.6945021152496338,"0.2098, 0.0454, 0.2483, 0.2483, 0.2483",0.7299200892448425
1,sorting algorithm,,1.1117502450942993,"0.1613, 0.0969, 0.2473, 0.2473, 0.2473",0.7794760763645172
1,maximin models,,1.0133370161056519,"0.1673, 0.1080, 0.2416, 0.2416, 0.2416",0.7889967560768127
1,buffer overflows,,0.8230493664741516,"0.1660, 0.1350, 0.2330, 0.2330, 0.2330",0.8373187035322189
1,quasilinear time algorithms,,1.1609587669372559,"0.2443, 0.2293, 0.0389, 0.2438, 0.2438",0.8844650983810425
1,plane sweep algorithm,,1.1921643018722534,"0.2316, 0.2137, 0.0629, 0.2459, 0.2459",0.8420726358890533
1,physical neural networks,,1.0979150533676147,"0.2463, 0.1923, 0.0704, 0.2455, 0.2455",0.608033686876297
1,residual bit error rate,,0.8309111595153809,"0.1464, 0.1373, 0.2196, 0.2486, 0.2480",0.888816811144352
1,cognitive theories,,0.6665859222412109,"0.1436, 0.1237, 0.2442, 0.2442, 0.2442",0.7388090491294861
1,data encryption standard,,0.8376580476760864,"0.0755, 0.1962, 0.2339, 0.2472, 0.2472",0.8213157802820206
1,structured data,,0.733828067779541,"0.2163, 0.0404, 0.2478, 0.2478, 0.2478",0.7076732516288757
1,pseudorandom number generators,,0.6617271900177002,"0.1778, 0.2124, 0.1562, 0.2268, 0.2268",0.8063062578439713
1,minimum degree algorithm,,1.0406423807144165,"0.2378, 0.2275, 0.0753, 0.2297, 0.2297",0.7769344002008438
1,markov chains,,0.9722451567649841,"0.1864, 0.1271, 0.2288, 0.2288, 0.2288",0.8407929241657257
1,conditional probability distribution,,0.5365412831306458,"0.0844, 0.2377, 0.2021, 0.2379, 0.2379",0.8497893959283829
1,embedded data,,0.6916306614875793,"0.1662, 0.0928, 0.2470, 0.2470, 0.2470",0.6302056014537811
1,directed acyclic graph,,0.8579468727111816,"0.2395, 0.1969, 0.0679, 0.2479, 0.2479",0.7888806760311127
1,categorical label,,0.6755149960517883,"0.1398, 0.1494, 0.2370, 0.2370, 0.2370",0.945680420845747
1,probabilistic methods,,0.6225777864456177,"0.2306, 0.0432, 0.2421, 0.2421, 0.2421",0.7951591312885284
1,tree decompositions,,0.9731870889663696,"0.1588, 0.1468, 0.2315, 0.2315, 0.2315",0.8239776343107224
1,typed programming languages,,0.7921814918518066,"0.1550, 0.1458, 0.2023, 0.2484, 0.2484",0.624322772026062
1,bit bashing,,0.6986292600631714,"0.0872, 0.1927, 0.2401, 0.2401, 0.2401",0.8365244120359421
1,dynamic host configuration protocol,,0.856482744216919,"0.2391, 0.1698, 0.1925, 0.1524, 0.2462",0.8815066963434219
1,cryptographic protocols,,0.801657497882843,"0.1910, 0.0986, 0.2368, 0.2368, 0.2368",0.7522398084402084
1,semiautomatic data processing systems,,0.7587803602218628,"0.2471, 0.1962, 0.1630, 0.1441, 0.2496",0.7036879658699036
1,computer terminals,,0.8305999040603638,"0.0893, 0.1785, 0.2440, 0.2440, 0.2440",0.5136216878890991
1,encryption keys,,0.7670022249221802,"0.1337, 0.1789, 0.2291, 0.2291, 0.2291",0.9023873209953308
1,language specification,,0.5228438973426819,"0.1876, 0.1206, 0.2306, 0.2306, 0.2306",0.6918332874774933
1,call stack,,0.6231950521469116,"0.0715, 0.1878, 0.2469, 0.2469, 0.2469",0.8601631969213486
1,application crashing,,0.5949628353118896,"0.0499, 0.2072, 0.2476, 0.2476, 0.2476",0.7937988936901093
1,digital logic,,0.7842313051223755,"0.1403, 0.1157, 0.2480, 0.2480, 0.2480",0.5521730482578278
1,vector optimization,,0.8667717576026917,"0.2430, 0.0718, 0.2284, 0.2284, 0.2284",0.8818160817027092
1,computational system,,0.6772487163543701,"0.2006, 0.0549, 0.2482, 0.2482, 0.2482",0.4767459034919739
1,higher-order logics,,0.7455369830131531,"0.2259, 0.0908, 0.2278, 0.2278, 0.2278",0.757618859410286
1,communications network,,0.9160261154174805,"0.1927, 0.0689, 0.2461, 0.2461, 0.2461",0.6612149775028229
1,deep learning,,0.9792200326919556,"0.2308, 0.0324, 0.2456, 0.2456, 0.2456",0.7305314242839813
1,skew heap,,0.7830761671066284,"0.1975, 0.0846, 0.2393, 0.2393, 0.2393",0.8891714587807655
1,ai control problem,,0.5617716312408447,"0.0785, 0.2065, 0.2196, 0.2477, 0.2477",0.770818293094635
1,backpropagation based artificial neural networks,,0.8258997797966003,"0.2453, 0.2136, 0.1906, 0.1866, 0.1639",0.7954874187707901
1,optimization problems,,0.5311199426651001,"0.1812, 0.1117, 0.2357, 0.2357, 0.2357",0.8452789634466171
1,connectionist networks,,1.1065852642059326,"0.1986, 0.0603, 0.2470, 0.2470, 0.2470",0.7014954686164856
1,complex functions,,0.6071169376373291,"0.2346, 0.0588, 0.2355, 0.2355, 0.2355",0.8550904542207718
1,schwartzian transform,,0.5036543607711792,"0.2272, 0.0666, 0.2354, 0.2354, 0.2354",0.9563411325216293
1,clipper processors,,0.8935995697975159,"0.1715, 0.1572, 0.2237, 0.2237, 0.2237",0.673807829618454
1,feedback connections,,0.9817231893539429,"0.1357, 0.1359, 0.2428, 0.2428, 0.2428",0.8317137956619263
1,data storage,,0.6854790449142456,"0.0316, 0.2268, 0.2472, 0.2472, 0.2472",0.610968679189682
1,computational logic,,1.0523390769958496,"0.2159, 0.0400, 0.2480, 0.2480, 0.2480",0.6419933438301086
1,autonomic networking,,1.1700574159622192,"0.2029, 0.0597, 0.2458, 0.2458, 0.2458",0.7483201026916504
1,min-conflicts algorithm,,1.1014655828475952,"0.2387, 0.0341, 0.2424, 0.2424, 0.2424",0.7672157436609268
1,geometrical model,,0.951825737953186,"0.2438, 0.0240, 0.2441, 0.2441, 0.2441",0.8793897405266762
1,screen cursor,,0.8683845400810242,"0.0611, 0.2260, 0.2376, 0.2376, 0.2376",0.7132051289081573
1,avl trees,,0.9296087622642517,"0.0830, 0.1987, 0.2394, 0.2394, 0.2394",0.8230421841144562
1,managed code,,0.8364413380622864,"0.1402, 0.1208, 0.2463, 0.2463, 0.2463",0.7640836834907532
1,factory method pattern,,0.6627589464187622,"0.1986, 0.1234, 0.1791, 0.2494, 0.2494",0.7452233135700226
1,programming language theory,,0.8739476799964905,"0.2106, 0.2002, 0.0937, 0.2477, 0.2477",0.5451182126998901
1,spectral graph theory,,1.112666130065918,"0.2470, 0.1701, 0.0893, 0.2468, 0.2468",0.8529637008905411
1,numerical analysis,,0.5053134560585022,"0.2441, 0.0353, 0.2402, 0.2402, 0.2402",0.7559485733509064
1,cognitive robotics,,0.9091816544532776,"0.1074, 0.1604, 0.2441, 0.2441, 0.2441",0.6316733360290527
1,computability theorists,,0.6503620147705078,"0.2006, 0.0828, 0.2389, 0.2389, 0.2389",0.462574303150177
