IfCS,Phrase,Correct,Probablity,Attention
1,decision making problems,,0.006165683269500732,"0.2494, 0.0008, 0.2498, 0.2500, 0.2500"
1,conventional dynamic memory allocation libraries,,0.2968059182167053,"0.0002, 0.2499, 0.2500, 0.2500, 0.2499"
1,negative transfer learning,,0.3442962169647217,"0.0166, 0.2490, 0.2485, 0.2439, 0.2419"
1,language modeling,,0.4741079807281494,"0.2462, 0.2152, 0.1498, 0.1836, 0.2052"
1,division multiplexing,,0.42472946643829346,"0.2489, 0.1500, 0.1814, 0.2024, 0.2173"
1,joint density,,0.4442210793495178,"0.2191, 0.2429, 0.1862, 0.1819, 0.1700"
1,internal network,,0.41679084300994873,"0.0170, 0.2417, 0.2465, 0.2476, 0.2472"
1,pattern matching,,0.2897631525993347,"0.2482, 0.1003, 0.1985, 0.2227, 0.2303"
1,amdahl's law,,0.3034067153930664,"0.2430, 0.2350, 0.1323, 0.1854, 0.2043"
1,yield intelligent behavior,,0.4305003881454468,"0.2421, 0.2460, 0.2126, 0.1462, 0.1532"
1,accurate identification method,,0.4667479991912842,"0.1097, 0.2474, 0.2145, 0.2027, 0.2257"
1,normal distribution,,0.49125614762306213,"0.1771, 0.1292, 0.2133, 0.2373, 0.2432"
1,software architects,,0.3492799401283264,"0.2495, 0.1114, 0.2268, 0.2161, 0.1962"
1,scalar response,,0.07520639896392822,"0.2493, 0.0420, 0.2250, 0.2394, 0.2443"
1,software construction,,0.4834568500518799,"0.2497, 0.1373, 0.2197, 0.2098, 0.1834"
1,electronic signatures,,0.31608596444129944,"0.0840, 0.2218, 0.2292, 0.2325, 0.2325"
1,fitts's law,,0.07590559124946594,"0.1910, 0.2142, 0.1285, 0.2242, 0.2422"
1,attention mechanisms,,0.1423603892326355,"0.1312, 0.2197, 0.2014, 0.2210, 0.2267"
1,random access,,0.4433486759662628,"0.2385, 0.1089, 0.2173, 0.2199, 0.2155"
1,maximal subtree isomorphism,,0.48519885540008545,"0.2019, 0.2499, 0.2493, 0.1658, 0.1330"
1,analog recording,,0.07686993479728699,"0.0143, 0.2368, 0.2496, 0.2497, 0.2497"
1,amazon prime video,,0.08595377206802368,"0.0005, 0.2497, 0.2500, 0.2499, 0.2499"
1,sort keys,,0.1760568916797638,"0.2438, 0.0904, 0.1972, 0.2287, 0.2398"
1,buffer overflowsruntime error detection tools,,0.4534892737865448,"0.2500, 0.2499, 0.2498, 0.2479, 0.0024"
1,structured model,,0.43850627541542053,"0.2485, 0.2355, 0.1372, 0.1790, 0.1998"
1,code development,,0.15831324458122253,"0.2500, 0.0373, 0.2383, 0.2384, 0.2361"
1,copyright investigation,,0.4784438908100128,"0.2424, 0.1457, 0.2157, 0.2089, 0.1874"
1,cambridge quantum computing,,0.3226048946380615,"0.0003, 0.2500, 0.2500, 0.2499, 0.2498"
1,standard computer algorithms,,0.49420803785324097,"0.0154, 0.2493, 0.2498, 0.2441, 0.2414"
1,point distribution model,,0.39962470531463623,"0.2411, 0.2053, 0.2256, 0.1285, 0.1995"
1,lookup table,,0.282480388879776,"0.0357, 0.2494, 0.2380, 0.2393, 0.2375"
1,proxy object,,0.37961506843566895,"0.0010, 0.2499, 0.2495, 0.2498, 0.2499"
1,classification criteria,,0.173951655626297,"0.2496, 0.0886, 0.2001, 0.2252, 0.2365"
1,star network,,0.48055359721183777,"0.1112, 0.2003, 0.2262, 0.2326, 0.2297"
1,data objects,,0.441581666469574,"0.2472, 0.2189, 0.1592, 0.1837, 0.1910"
1,future data,,0.3637743890285492,"0.0651, 0.2479, 0.2356, 0.2318, 0.2196"
1,helmholtz machines,,0.3830244243144989,"0.0533, 0.2266, 0.2413, 0.2413, 0.2375"
1,extensible text framework,,0.20211225748062134,"0.2321, 0.1359, 0.2336, 0.1968, 0.2017"
1,runtime efficiency,,0.3068690299987793,"0.2071, 0.2241, 0.1498, 0.1992, 0.2198"
1,systems theory,,0.4629509150981903,"0.2493, 0.2476, 0.1529, 0.1718, 0.1784"
1,successive parabolic interpolation,,0.4644605815410614,"0.2416, 0.2481, 0.2482, 0.1359, 0.1262"
1,rational data type,,0.49469447135925293,"0.2494, 0.2466, 0.1510, 0.1628, 0.1902"
1,knapsack problem,,0.3628227710723877,"0.2132, 0.1914, 0.1889, 0.2042, 0.2023"
1,proxy pattern,,0.43677276372909546,"0.0334, 0.2434, 0.2307, 0.2447, 0.2479"
1,mathematical formula,,0.1261533796787262,"0.2496, 0.0054, 0.2455, 0.2496, 0.2499"
1,relational semantics,,0.47803381085395813,"0.2478, 0.2483, 0.1832, 0.1710, 0.1497"
1,code points,,0.46498581767082214,"0.2499, 0.1876, 0.1880, 0.1878, 0.1867"
1,image file formats,,0.36909353733062744,"0.2150, 0.2395, 0.2028, 0.1779, 0.1648"
1,scientific study,,0.06071043014526367,"0.2114, 0.0399, 0.2490, 0.2497, 0.2499"
1,schwartzian transform,,0.4516679048538208,"0.2492, 0.1874, 0.1575, 0.1951, 0.2109"
1,processing power,,0.4987734854221344,"0.2499, 0.1117, 0.1951, 0.2181, 0.2251"
1,reward-based selection,,0.4721972942352295,"0.2440, 0.2386, 0.1586, 0.1739, 0.1848"
1,prune and search,,0.002657592296600342,"0.2499, 0.0003, 0.2498, 0.2500, 0.2500"
1,scientific language,,0.3221394419670105,"0.1651, 0.1837, 0.2052, 0.2224, 0.2236"
1,visual objects,,0.42744022607803345,"0.2481, 0.2204, 0.1729, 0.1824, 0.1762"
1,operating system,,0.15140753984451294,"0.0004, 0.2500, 0.2499, 0.2499, 0.2498"
1,receive quality metric,,0.3221660256385803,"0.0049, 0.2486, 0.2476, 0.2492, 0.2498"
1,programming environments,,0.43871527910232544,"0.2499, 0.0499, 0.2349, 0.2348, 0.2305"
1,analytical hierarchy process,,0.30070704221725464,"0.2461, 0.2495, 0.1860, 0.1233, 0.1951"
1,supervised method,,0.4928789436817169,"0.1947, 0.1760, 0.1800, 0.2186, 0.2307"
1,pattern language,,0.41742563247680664,"0.2483, 0.1420, 0.1837, 0.2103, 0.2156"
1,regularization methods,,0.45393437147140503,"0.2500, 0.1461, 0.1627, 0.2100, 0.2313"
1,object recognition  technical report icg,,0.1808111071586609,"0.2499, 0.2490, 0.2131, 0.2284, 0.0595"
1,bounds checking,,0.4907435178756714,"0.2492, 0.0930, 0.2127, 0.2208, 0.2243"
1,priority queues,,0.46948057413101196,"0.0149, 0.2464, 0.2459, 0.2464, 0.2463"
1,pooling layers,,0.30615174770355225,"0.1397, 0.2464, 0.2050, 0.2045, 0.2044"
1,backpropagation based artificial neural networks,,0.4503069221973419,"0.2498, 0.0002, 0.2500, 0.2500, 0.2500"
1,hadamard product,,0.35081756114959717,"0.1628, 0.2110, 0.2218, 0.2144, 0.1900"
1,support vector machines algorithm,,0.32059502601623535,"0.0001, 0.2500, 0.2500, 0.2500, 0.2500"
1,lightweight software,,0.4980398118495941,"0.1301, 0.2489, 0.2299, 0.2111, 0.1801"
1,category theory,,0.2786385416984558,"0.2001, 0.2461, 0.1516, 0.1932, 0.2089"
1,electronic signature,,0.43391650915145874,"0.1345, 0.2357, 0.2158, 0.2124, 0.2016"
1,graph minor theory,,0.2953653633594513,"0.2499, 0.0662, 0.2483, 0.2100, 0.2256"
1,state machines,,0.41995126008987427,"0.2184, 0.1277, 0.2195, 0.2222, 0.2121"
1,enhanced double hashing,,0.009999215602874756,"0.0847, 0.1660, 0.2495, 0.2498, 0.2500"
1,doubly linked list,,0.04400819540023804,"0.0049, 0.2500, 0.2499, 0.2478, 0.2473"
1,radial functions,,0.42902302742004395,"0.2486, 0.2473, 0.1124, 0.1807, 0.2110"
1,uninitialized pointer,,0.08478033542633057,"0.0294, 0.2499, 0.2432, 0.2403, 0.2371"
1,membership inference,,0.4251817464828491,"0.0596, 0.2499, 0.2405, 0.2331, 0.2168"
1,minimum message length,,0.32885807752609253,"0.0055, 0.2460, 0.2486, 0.2498, 0.2500"
1,spatial multiplexing,,0.4784012734889984,"0.1283, 0.1872, 0.2194, 0.2305, 0.2346"
1,natural language,,0.3807922601699829,"0.2130, 0.1788, 0.1903, 0.2092, 0.2086"
1,statistical model comparison,,0.12414532899856567,"0.2498, 0.2496, 0.0035, 0.2479, 0.2492"
1,local minima,,0.060282737016677856,"0.0031, 0.2497, 0.2489, 0.2491, 0.2491"
1,dynamical systems theory,,0.4165583848953247,"0.2500, 0.2497, 0.2477, 0.1207, 0.1319"
1,side channel attack,,0.03625360131263733,"0.1308, 0.1540, 0.2172, 0.2483, 0.2498"
1,weighted round robin,,0.13572677969932556,"0.0583, 0.2204, 0.2223, 0.2492, 0.2497"
1,conditional dependence structure,,0.38421469926834106,"0.2491, 0.1916, 0.2400, 0.1347, 0.1846"
1,oriented analysis,,0.44234567880630493,"0.2343, 0.2292, 0.1528, 0.1857, 0.1981"
1,robbinsmonro optimization algorithm,,0.4094640910625458,"0.0383, 0.2497, 0.2497, 0.2342, 0.2282"
1,labeled training data,,0.25205177068710327,"0.0889, 0.1701, 0.2471, 0.2460, 0.2479"
1,algebraic theories,,0.201472669839859,"0.1839, 0.2100, 0.1498, 0.2197, 0.2366"
1,belief network,,0.46069034934043884,"0.0164, 0.2414, 0.2466, 0.2478, 0.2477"
1,bounded flat surface,,0.17786726355552673,"0.0470, 0.2413, 0.2397, 0.2350, 0.2371"
1,transformation rules,,0.15496844053268433,"0.2495, 0.1596, 0.1497, 0.2122, 0.2289"
1,evaluation method,,0.3932836651802063,"0.2484, 0.1547, 0.1433, 0.2158, 0.2377"
1,floor space,,0.41453197598457336,"0.0840, 0.2477, 0.2270, 0.2249, 0.2163"
1,unified modelling language,,0.09222984313964844,"0.2279, 0.2272, 0.0766, 0.2242, 0.2440"
1,ambient networks,,0.339003324508667,"0.0106, 0.2485, 0.2451, 0.2477, 0.2482"
1,uniqueness theorem,,0.44699421525001526,"0.2497, 0.2491, 0.1401, 0.1729, 0.1882"
1,linearly dependent,,0.29239335656166077,"0.2500, 0.0109, 0.2448, 0.2470, 0.2473"
1,oriented decomposition,,0.4654103219509125,"0.2469, 0.2493, 0.1638, 0.1639, 0.1761"
1,multimedia communication,,0.26937663555145264,"0.2151, 0.1695, 0.1895, 0.2104, 0.2155"
1,reinforcement learning agent,,0.3680247962474823,"0.2500, 0.2463, 0.2105, 0.1297, 0.1635"
1,decision rules,,0.3982173502445221,"0.2484, 0.2088, 0.1569, 0.1900, 0.1959"
1,labeled data,,0.38055723905563354,"0.0682, 0.2420, 0.2286, 0.2319, 0.2293"
1,information technologysystems designsoftware design descriptions,,0.4739830791950226,"0.0985, 0.2493, 0.2351, 0.2112, 0.2059"
1,random permutation,,0.4865715503692627,"0.2439, 0.2428, 0.1761, 0.1719, 0.1653"
1,ai control problem,,0.32648521661758423,"0.2440, 0.2210, 0.1527, 0.1775, 0.2049"
1,double-ended priority queue,,0.19632256031036377,"0.0829, 0.1721, 0.2484, 0.2481, 0.2484"
1,statistical properties,,0.2528007924556732,"0.1924, 0.2419, 0.1395, 0.1995, 0.2266"
1,instance-based learning,,0.4772290289402008,"0.1282, 0.2188, 0.2163, 0.2209, 0.2158"
1,network environments,,0.4088575839996338,"0.2064, 0.0576, 0.2437, 0.2462, 0.2461"
1,serial manipulators,,0.20026320219039917,"0.0245, 0.2497, 0.2435, 0.2424, 0.2399"
1,lookahead carry unit,,0.14583712816238403,"0.0723, 0.1791, 0.2497, 0.2491, 0.2497"
1,computational resources,,0.43408867716789246,"0.2491, 0.0897, 0.2201, 0.2227, 0.2184"
1,discrete mathematics,,0.34199461340904236,"0.2491, 0.1496, 0.1493, 0.2164, 0.2356"
1,gaming systems,,0.3113683760166168,"0.0396, 0.2493, 0.2370, 0.2380, 0.2361"
1,reverse lookup,,0.096996009349823,"0.2489, 0.0035, 0.2486, 0.2494, 0.2496"
1,truth value object,,0.334750235080719,"0.2143, 0.1602, 0.2441, 0.1955, 0.1859"
1,hash maps,,0.4180642366409302,"0.2441, 0.2412, 0.1449, 0.1736, 0.1961"
1,unrolled linked list,,0.31598737835884094,"0.2258, 0.2492, 0.2451, 0.1358, 0.1440"
1,big data applications,,0.2400551438331604,"0.0298, 0.2310, 0.2449, 0.2471, 0.2472"
1,subrecursive hierarchies,,0.4551404118537903,"0.2488, 0.2498, 0.1830, 0.1640, 0.1544"
1,hardware technologies,,0.48291119933128357,"0.0132, 0.2420, 0.2482, 0.2485, 0.2482"
1,clock cycle,,0.1769428253173828,"0.1809, 0.1659, 0.1944, 0.2253, 0.2335"
1,explanatory variables,,0.46078962087631226,"0.2285, 0.2156, 0.1739, 0.1918, 0.1901"
1,advanced message queuing protocol,,0.12176772952079773,"0.0097, 0.2425, 0.2484, 0.2498, 0.2496"
1,flowers method,,0.4663599729537964,"0.2476, 0.1515, 0.1572, 0.2138, 0.2300"
1,hinge loss,,0.2574380338191986,"0.2405, 0.1670, 0.1834, 0.2025, 0.2066"
1,randomized meldable priority queue,,0.4630658030509949,"0.2302, 0.2013, 0.1042, 0.2410, 0.2233"
1,general programming languages,,0.45966753363609314,"0.2462, 0.2499, 0.1728, 0.1579, 0.1732"
1,formal knowledge representation languages,,0.15297892689704895,"0.2273, 0.2445, 0.2489, 0.0942, 0.1851"
1,confidence score,,0.2352815568447113,"0.2018, 0.0627, 0.2416, 0.2461, 0.2479"
1,global minimum,,0.26563459634780884,"0.2497, 0.0057, 0.2458, 0.2491, 0.2498"
1,bio-inspired computing,,0.24730783700942993,"0.0001, 0.2500, 0.2500, 0.2500, 0.2500"
1,squared euclidean distances,,0.39234811067581177,"0.1798, 0.2335, 0.1105, 0.2305, 0.2458"
1,scientific method,,0.44826844334602356,"0.2196, 0.1771, 0.1614, 0.2134, 0.2286"
1,random vectors,,0.3398105502128601,"0.2448, 0.2489, 0.1689, 0.1614, 0.1760"
1,heterogeneous environment,,0.3950180411338806,"0.2375, 0.1006, 0.2141, 0.2240, 0.2238"
1,multiplexing technique,,0.0910976231098175,"0.2476, 0.0101, 0.2443, 0.2485, 0.2495"
1,multiclass classification,,0.47430071234703064,"0.2488, 0.2481, 0.1920, 0.1637, 0.1474"
1,single core cpu,,0.11850959062576294,"0.0000, 0.2500, 0.2500, 0.2500, 0.2500"
1,distance metric learning,,0.2787661850452423,"0.2439, 0.1743, 0.1360, 0.2101, 0.2357"
1,combinatorial optimization problems,,0.3003016710281372,"0.2498, 0.2470, 0.1228, 0.1789, 0.2015"
1,data set,,0.33532702922821045,"0.2496, 0.0659, 0.2196, 0.2316, 0.2334"
1,abstract algebra,,0.2191416323184967,"0.2494, 0.2450, 0.1098, 0.1781, 0.2177"
1,priority queue based data structure,,0.23076856136322021,"0.2270, 0.2495, 0.0235, 0.2499, 0.2500"
1,composition filters,,0.39470726251602173,"0.2211, 0.2483, 0.1719, 0.1739, 0.1848"
1,network elements,,0.4883432388305664,"0.2208, 0.1855, 0.1810, 0.2026, 0.2102"
1,big data,,0.29421234130859375,"0.0604, 0.2365, 0.2274, 0.2368, 0.2389"
1,analytical hierarchy,,0.3723304569721222,"0.2463, 0.2493, 0.1321, 0.1682, 0.2042"
1,structural analysis,,0.3894355297088623,"0.2490, 0.2342, 0.1430, 0.1787, 0.1952"
1,creational pattern,,0.1635740101337433,"0.0841, 0.2464, 0.2194, 0.2268, 0.2234"
1,solving sparse linear systems,,0.30251991748809814,"0.0143, 0.2496, 0.2500, 0.2497, 0.2364"
1,minimum degree algorithms,,0.48502281308174133,"0.0198, 0.2310, 0.2499, 0.2495, 0.2498"
1,data flows,,0.3060092628002167,"0.2463, 0.0728, 0.2195, 0.2307, 0.2308"
1,pattern calculus,,0.46819281578063965,"0.2494, 0.2478, 0.1423, 0.1674, 0.1931"
1,semantic predicates,,0.07524144649505615,"0.2483, 0.0779, 0.2147, 0.2287, 0.2304"
1,computer skills,,0.4451647102832794,"0.2470, 0.1124, 0.2150, 0.2162, 0.2095"
1,conditional mutual information,,0.45171859860420227,"0.2415, 0.1972, 0.1868, 0.1883, 0.1862"
1,linear combination,,0.3721610903739929,"0.2499, 0.0677, 0.2283, 0.2290, 0.2250"
1,frequent pattern discovery,,0.02329695224761963,"0.0013, 0.2498, 0.2492, 0.2498, 0.2499"
1,system usability scale,,0.23565998673439026,"0.2466, 0.2482, 0.0415, 0.2258, 0.2379"
1,adaptive systems,,0.4032096266746521,"0.2484, 0.2451, 0.1484, 0.1705, 0.1876"
1,compiler optimization technique,,0.24878045916557312,"0.2500, 0.2500, 0.0195, 0.2390, 0.2416"
1,recursively dividing,,0.44231605529785156,"0.2500, 0.1962, 0.1770, 0.1870, 0.1898"
1,information distances,,0.49733874201774597,"0.2307, 0.1530, 0.2001, 0.2090, 0.2072"
1,taxonomic databases,,0.4928974509239197,"0.0148, 0.2499, 0.2479, 0.2460, 0.2413"
1,speech signals,,0.3267734944820404,"0.1907, 0.2312, 0.1735, 0.2004, 0.2042"
1,internet service providers,,0.09052112698554993,"0.1468, 0.1403, 0.2131, 0.2499, 0.2500"
1,single nearest neighbor,,0.18720269203186035,"0.0594, 0.1913, 0.2494, 0.2499, 0.2500"
1,null reference,,0.29398494958877563,"0.2044, 0.1562, 0.2183, 0.2162, 0.2049"
1,known classes,,0.024999111890792847,"0.0002, 0.2499, 0.2499, 0.2500, 0.2500"
1,integrated computational materials engineering,,0.3194645047187805,"0.0139, 0.2496, 0.2475, 0.2462, 0.2429"
1,relational mapping,,0.49486246705055237,"0.2456, 0.2434, 0.1796, 0.1716, 0.1598"
1,supervised machine learning,,0.49563509225845337,"0.0037, 0.2493, 0.2495, 0.2489, 0.2486"
1,table structure,,0.4735044538974762,"0.2497, 0.2470, 0.1613, 0.1690, 0.1731"
1,affective computing,,0.2140582799911499,"0.0010, 0.2500, 0.2498, 0.2497, 0.2495"
1,automated space docking,,0.4508240818977356,"0.0198, 0.2487, 0.2482, 0.2447, 0.2386"
1,autonomous operation,,0.2622676491737366,"0.2331, 0.0911, 0.2099, 0.2305, 0.2354"
1,traditional convolutional layers,,0.018918752670288086,"0.0000, 0.2500, 0.2500, 0.2500, 0.2500"
1,fully recurrent neural networks,,0.15253907442092896,"0.0005, 0.2500, 0.2500, 0.2500, 0.2496"
1,informatics techniques,,0.3170768618583679,"0.2499, 0.0429, 0.2306, 0.2373, 0.2394"
1,highly correlated,,0.07696819305419922,"0.0299, 0.2234, 0.2474, 0.2495, 0.2499"
1,meldable heap implementation,,0.4910646080970764,"0.2478, 0.2500, 0.0996, 0.2093, 0.1934"
1,spectral methods,,0.49947816133499146,"0.2499, 0.1229, 0.1701, 0.2198, 0.2373"
1,descriptive statistics,,0.05747869610786438,"0.2448, 0.0059, 0.2494, 0.2499, 0.2500"
1,sorting lists,,0.18539345264434814,"0.2473, 0.2286, 0.0977, 0.1969, 0.2295"
1,information technology,,0.4843152165412903,"0.1554, 0.2230, 0.2230, 0.2129, 0.1857"
1,random indexing,,0.464277982711792,"0.2386, 0.2127, 0.1837, 0.1795, 0.1855"
1,abstract machines,,0.34512001276016235,"0.2332, 0.0956, 0.2179, 0.2270, 0.2263"
1,global solutions,,0.08392056822776794,"0.2493, 0.0479, 0.2131, 0.2420, 0.2477"
1,input sentence,,0.04033547639846802,"0.2478, 0.0191, 0.2421, 0.2453, 0.2457"
1,least linear,,0.25980037450790405,"0.0217, 0.2499, 0.2449, 0.2431, 0.2404"
1,k nearest neighbors,,0.32595762610435486,"0.0946, 0.1642, 0.2433, 0.2484, 0.2494"
1,comparison sort,,0.3358227610588074,"0.0702, 0.2310, 0.2244, 0.2349, 0.2394"
1,parsimonious reductions,,0.12310945987701416,"0.2483, 0.0940, 0.1856, 0.2306, 0.2416"
1,information interchange,,0.11859136819839478,"0.1707, 0.1229, 0.2388, 0.2375, 0.2301"
1,implementation language,,0.2984672784805298,"0.1126, 0.1990, 0.2220, 0.2326, 0.2337"
1,objective programming,,0.4572436511516571,"0.1119, 0.2497, 0.2290, 0.2158, 0.1935"
1,system performance,,0.10504639148712158,"0.2269, 0.0569, 0.2305, 0.2412, 0.2445"
1,block range index,,0.2344397008419037,"0.2497, 0.2293, 0.0587, 0.2176, 0.2447"
1,call stack,,0.42676758766174316,"0.0068, 0.2500, 0.2489, 0.2482, 0.2462"
1,division algorithms fall,,0.2499314248561859,"0.2499, 0.2493, 0.0556, 0.2189, 0.2263"
1,max-flow min-cut theorem,,0.36546504497528076,"0.2481, 0.2493, 0.2486, 0.0958, 0.1583"
1,portable distributed objects,,0.14036336541175842,"0.0007, 0.2496, 0.2499, 0.2499, 0.2500"
1,significant digits,,0.012701153755187988,"0.0012, 0.2488, 0.2500, 0.2500, 0.2500"
1,assembling sequences,,0.4688878655433655,"0.0860, 0.2482, 0.2293, 0.2249, 0.2117"
1,complex event processing,,0.03796163201332092,"0.2367, 0.0142, 0.2500, 0.2495, 0.2496"
1,independent variable,,0.2184188961982727,"0.0922, 0.2298, 0.2135, 0.2295, 0.2350"
1,unrolled linked lists,,0.2338034212589264,"0.2225, 0.2491, 0.2402, 0.1216, 0.1666"
1,traditional artificial intelligence,,0.044165462255477905,"0.0001, 0.2500, 0.2500, 0.2499, 0.2499"
1,manifold alignment,,0.4237805902957916,"0.2495, 0.2422, 0.1633, 0.1702, 0.1748"
1,lookup tables,,0.2629241347312927,"0.0155, 0.2485, 0.2437, 0.2460, 0.2463"
1,evolution strategies,,0.02903646230697632,"0.2492, 0.0031, 0.2483, 0.2496, 0.2498"
1,handwriting recognition,,0.1414317488670349,"0.0197, 0.2498, 0.2461, 0.2444, 0.2401"
1,abstract data structures,,0.35712695121765137,"0.2489, 0.2481, 0.2471, 0.1183, 0.1376"
1,conceptual design discipline,,0.035841673612594604,"0.0806, 0.2235, 0.2033, 0.2440, 0.2486"
1,stochastic optimal control,,0.4859497547149658,"0.2500, 0.2422, 0.1602, 0.1522, 0.1954"
1,information science,,0.4050479531288147,"0.2182, 0.1739, 0.1998, 0.2077, 0.2004"
1,computer games,,0.19402161240577698,"0.2449, 0.0228, 0.2438, 0.2448, 0.2436"
1,complex vector spaces,,0.49606308341026306,"0.1746, 0.2497, 0.2410, 0.1746, 0.1602"
1,Singleton pattern,,0.3523472845554352,"0.2155, 0.2325, 0.1384, 0.1974, 0.2162"
1,instruction execution time,,0.38291478157043457,"0.1686, 0.2049, 0.2149, 0.2104, 0.2013"
1,optimization methods,,0.48842644691467285,"0.2499, 0.1124, 0.1790, 0.2218, 0.2370"
1,classical statistical databases,,0.3193206489086151,"0.0814, 0.1735, 0.2499, 0.2481, 0.2471"
1,analog filters,,0.339368999004364,"0.1815, 0.2480, 0.1730, 0.1897, 0.2079"
1,multi layer perceptron,,0.12820196151733398,"0.0008, 0.2499, 0.2497, 0.2498, 0.2499"
1,3d user interaction techniques,,0.4249536693096161,"0.2499, 0.2441, 0.2490, 0.0208, 0.2361"
1,public key encryption models,,0.3663536012172699,"0.1009, 0.2348, 0.2500, 0.2483, 0.1660"
1,computational materials science,,0.2592928409576416,"0.2494, 0.2279, 0.1101, 0.1943, 0.2184"
1,algorithm design technique,,0.12144356966018677,"0.2500, 0.2463, 0.0073, 0.2474, 0.2490"
1,gap analysis naturally flows,,0.20253145694732666,"0.2498, 0.2496, 0.1495, 0.1110, 0.2400"
1,speech processing,,0.3088487982749939,"0.0933, 0.2498, 0.2360, 0.2241, 0.1969"
1,flexible cluster extraction,,0.4072158932685852,"0.2479, 0.2497, 0.2098, 0.1367, 0.1559"
1,optical character recognition,,0.3733317255973816,"0.1922, 0.2076, 0.2438, 0.1773, 0.1791"
1,modulo scheduling,,0.4886977970600128,"0.1495, 0.1689, 0.2324, 0.2294, 0.2199"
1,statistical mechanics,,0.2964929938316345,"0.1145, 0.1847, 0.2161, 0.2389, 0.2458"
1,internet addressing structure,,0.05720013380050659,"0.2304, 0.0204, 0.2500, 0.2495, 0.2497"
1,hardware links,,0.40859389305114746,"0.0144, 0.2445, 0.2476, 0.2474, 0.2461"
1,data elements,,0.42022770643234253,"0.2461, 0.1957, 0.1711, 0.1886, 0.1984"
1,2007  algorithmic mechanism design,,0.4545389413833618,"0.2323, 0.2491, 0.2500, 0.2493, 0.0193"
1,basic function,,0.4855178892612457,"0.2144, 0.2473, 0.1485, 0.1883, 0.2016"
1,traditional computer networking,,0.06482797861099243,"0.0000, 0.2500, 0.2500, 0.2500, 0.2500"
1,classic search algorithms,,0.04380425810813904,"0.0020, 0.2494, 0.2500, 0.2493, 0.2493"
1,spatial relations,,0.20633643865585327,"0.1760, 0.2166, 0.1618, 0.2163, 0.2293"
1,vague set,,0.19258975982666016,"0.2496, 0.0828, 0.2139, 0.2264, 0.2273"
1,las vegas algorithms,,0.38987091183662415,"0.1325, 0.2333, 0.2462, 0.1926, 0.1954"
1,collision resolution schemes,,0.43338730931282043,"0.2498, 0.2499, 0.2464, 0.1058, 0.1481"
1,classical backpropagation rule,,0.3814980387687683,"0.2450, 0.2498, 0.2434, 0.0970, 0.1648"
1,applied mathematics,,0.0693560242652893,"0.0255, 0.2297, 0.2456, 0.2494, 0.2498"
1,current databases,,0.4666421413421631,"0.0390, 0.2498, 0.2443, 0.2389, 0.2279"
1,dynamic prefetched arrays,,0.42879629135131836,"0.2467, 0.1219, 0.2490, 0.2002, 0.1822"
1,maximum likelihood,,0.34038084745407104,"0.0067, 0.2460, 0.2482, 0.2494, 0.2497"
1,arnoldi iteration,,0.2781769037246704,"0.0732, 0.2496, 0.2303, 0.2264, 0.2204"
1,online information,,0.36521005630493164,"0.0084, 0.2488, 0.2482, 0.2479, 0.2467"
1,ecb mode,,0.3424708843231201,"0.2314, 0.1008, 0.2099, 0.2255, 0.2324"
1,primitive data types,,0.18166375160217285,"0.2499, 0.2496, 0.0424, 0.2214, 0.2367"
1,random subset,,0.43086937069892883,"0.2457, 0.2209, 0.1556, 0.1813, 0.1965"
1,iterator concept,,0.20352643728256226,"0.2500, 0.0695, 0.2203, 0.2285, 0.2318"
1,mathematical constructors,,0.2225349247455597,"0.1394, 0.2224, 0.1744, 0.2242, 0.2396"
1,common language runtime,,0.0739542543888092,"0.0080, 0.2429, 0.2492, 0.2499, 0.2500"
1,fibonacci search technique,,0.1677059829235077,"0.2500, 0.2462, 0.0204, 0.2394, 0.2441"
1,optimizing compiler,,0.35096991062164307,"0.0269, 0.2499, 0.2463, 0.2423, 0.2345"
1,computational statistics,,0.40517720580101013,"0.2499, 0.0085, 0.2459, 0.2477, 0.2480"
1,dynamic models,,0.46622276306152344,"0.2500, 0.2467, 0.1542, 0.1638, 0.1853"
1,artificial intelligent agents,,0.42243558168411255,"0.2482, 0.2495, 0.1904, 0.1468, 0.1652"
1,zero fields,,0.196794331073761,"0.0136, 0.2433, 0.2440, 0.2492, 0.2498"
1,multi-label classification,,0.46524885296821594,"0.2311, 0.2467, 0.1835, 0.1720, 0.1667"
1,mean shift algorithm,,0.08830127120018005,"0.0014, 0.2497, 0.2500, 0.2494, 0.2495"
1,supervised learning,,0.34958183765411377,"0.0515, 0.2373, 0.2373, 0.2385, 0.2354"
1,source programs,,0.07338941097259521,"0.0056, 0.2491, 0.2486, 0.2486, 0.2481"
1,gibbs sampling,,0.26712971925735474,"0.0210, 0.2361, 0.2477, 0.2479, 0.2473"
1,euclidean distance,,0.4849867522716522,"0.2443, 0.1511, 0.1727, 0.2066, 0.2253"
1,special memory allocation libraries,,0.09778913855552673,"0.0009, 0.2500, 0.2500, 0.2499, 0.2492"
1,design problem,,0.2249305248260498,"0.1424, 0.1878, 0.2124, 0.2278, 0.2297"
1,matroid problems,,0.33859989047050476,"0.2241, 0.1229, 0.2011, 0.2229, 0.2290"
1,test bits,,0.24823537468910217,"0.0039, 0.2499, 0.2492, 0.2488, 0.2482"
1,neighbouring vertices,,0.24257948994636536,"0.0827, 0.2204, 0.2176, 0.2373, 0.2420"
1,resizable array,,0.4067431688308716,"0.2396, 0.2495, 0.1904, 0.1682, 0.1523"
1,object-oriented design,,0.32482898235321045,"0.2497, 0.1481, 0.2030, 0.2039, 0.1952"
1,functional presence engine,,0.030140727758407593,"0.2495, 0.0011, 0.2494, 0.2500, 0.2500"
1,conjunctive normal form,,0.018011629581451416,"0.1567, 0.2175, 0.1280, 0.2485, 0.2493"
1,optimal solution,,0.050425320863723755,"0.2483, 0.0142, 0.2385, 0.2491, 0.2499"
1,application crashing,,0.4915226101875305,"0.2060, 0.1409, 0.2286, 0.2213, 0.2032"
1,application design,,0.43445152044296265,"0.2370, 0.1480, 0.2089, 0.2088, 0.1973"
1,abstract data type,,0.4703306555747986,"0.2497, 0.2484, 0.1621, 0.1584, 0.1814"
1,method call,,0.1368885338306427,"0.2477, 0.0077, 0.2461, 0.2489, 0.2495"
1,binary dependent variable,,0.4265924394130707,"0.2500, 0.0723, 0.2391, 0.2198, 0.2188"
1,single core processors,,0.12539318203926086,"0.0000, 0.2500, 0.2500, 0.2500, 0.2500"
1,nonorthogonal problems,,0.07703229784965515,"0.0629, 0.2072, 0.2393, 0.2448, 0.2457"
1,spice protocol,,0.2583012580871582,"0.0446, 0.2455, 0.2398, 0.2379, 0.2322"
1,iterative refinement,,0.46907585859298706,"0.2500, 0.2044, 0.1984, 0.1824, 0.1648"
1,revision control software,,0.31728416681289673,"0.2267, 0.0768, 0.2492, 0.2346, 0.2127"
1,sequence labeling task,,0.42314478754997253,"0.2498, 0.2444, 0.1922, 0.1494, 0.1642"
1,hybrid merge sort,,0.36738821864128113,"0.2434, 0.2468, 0.2172, 0.1466, 0.1459"
1,classifier chain,,0.49106064438819885,"0.2500, 0.2499, 0.2032, 0.1617, 0.1352"
1,natural language text,,0.4054486155509949,"0.2401, 0.2351, 0.1561, 0.1801, 0.1885"
1,private key set,,0.1723819077014923,"0.2449, 0.2465, 0.0487, 0.2238, 0.2362"
1,weighted majority algorithm,,0.4091428220272064,"0.0760, 0.2050, 0.2489, 0.2313, 0.2388"
1,biologically inspired computing,,0.04171222448348999,"0.2227, 0.0273, 0.2500, 0.2500, 0.2500"
1,adaptive equalizer,,0.22314885258674622,"0.2498, 0.0808, 0.1967, 0.2294, 0.2432"
1,speech detection,,0.2712394595146179,"0.1193, 0.2413, 0.2217, 0.2165, 0.2012"
1,exact function,,0.2505961060523987,"0.0576, 0.2491, 0.2235, 0.2341, 0.2356"
1,dirichlet process,,0.3766026496887207,"0.2494, 0.2314, 0.1578, 0.1739, 0.1874"
1,joint entropies,,0.02902814745903015,"0.2355, 0.0257, 0.2416, 0.2480, 0.2493"
1,red hat virtualization,,0.006972908973693848,"0.0089, 0.2411, 0.2500, 0.2500, 0.2500"
1,finite automata theory,,0.36346638202667236,"0.0481, 0.2500, 0.2498, 0.2304, 0.2217"
1,ocaml languages,,0.48105138540267944,"0.2455, 0.1723, 0.1850, 0.2005, 0.1967"
1,generalized additive models,,0.4985482692718506,"0.2498, 0.2410, 0.2384, 0.1007, 0.1701"
1,streaming media,,0.12459304928779602,"0.1310, 0.1266, 0.2481, 0.2478, 0.2465"
1,axiomatic set theory,,0.14704328775405884,"0.1857, 0.0879, 0.2486, 0.2350, 0.2429"
1,incidence matrix,,0.23828721046447754,"0.0472, 0.2500, 0.2386, 0.2352, 0.2291"
1,serial manipulator,,0.23162841796875,"0.0264, 0.2498, 0.2443, 0.2421, 0.2374"
1,universal approximation theorem,,0.49883466958999634,"0.2446, 0.2498, 0.2488, 0.1021, 0.1547"
1,quantum mechanics,,0.211552232503891,"0.2492, 0.1820, 0.1491, 0.1955, 0.2240"
1,dynamically allocated array,,0.4795769453048706,"0.2369, 0.2228, 0.2492, 0.1662, 0.1248"
1,modern deep learning models,,0.49686628580093384,"0.2046, 0.2490, 0.2485, 0.2439, 0.0540"
1,hashing problem,,0.4258885979652405,"0.2447, 0.1713, 0.1731, 0.2006, 0.2103"
1,support vectors,,0.10156890749931335,"0.0006, 0.2500, 0.2497, 0.2498, 0.2499"
1,world wide web,,0.25921231508255005,"0.1694, 0.1475, 0.2431, 0.2235, 0.2166"
1,connected wireless device,,0.37247899174690247,"0.2353, 0.0554, 0.2098, 0.2497, 0.2499"
1,speech tagging,,0.2783622741699219,"0.2250, 0.2428, 0.1691, 0.1785, 0.1846"
1,sweep surface,,0.2739771902561188,"0.2323, 0.2048, 0.1840, 0.1901, 0.1886"
1,boosting methods,,0.20415052771568298,"0.2388, 0.0604, 0.2072, 0.2444, 0.2491"
1,combinatorial explosion,,0.10347452759742737,"0.2493, 0.0321, 0.2332, 0.2410, 0.2444"
1,exhaustive search,,0.22323676943778992,"0.1752, 0.1424, 0.2179, 0.2314, 0.2332"
1,reduction systems,,0.2142336666584015,"0.1416, 0.2339, 0.1653, 0.2217, 0.2375"
1,child nodes,,0.18728339672088623,"0.0717, 0.2479, 0.2184, 0.2291, 0.2329"
1,imperative quantum programming languages,,0.17455130815505981,"0.0083, 0.2500, 0.2500, 0.2477, 0.2440"
1,soft decision viterbi decoders,,0.4675118327140808,"0.2443, 0.2033, 0.2057, 0.2385, 0.1081"
1,finite state machines,,0.08920338749885559,"0.0009, 0.2495, 0.2496, 0.2500, 0.2500"
1,cost allocation,,0.3178681433200836,"0.0078, 0.2498, 0.2469, 0.2476, 0.2478"
1,functional presence engines,,0.02347874641418457,"0.2497, 0.0065, 0.2439, 0.2500, 0.2500"
1,distributed object communication,,0.2903199791908264,"0.2326, 0.2495, 0.1617, 0.1669, 0.1892"
1,python package,,0.28702378273010254,"0.1542, 0.2260, 0.1998, 0.2082, 0.2119"
1,join trees,,0.35146400332450867,"0.0870, 0.2490, 0.2261, 0.2241, 0.2138"
1,hopfield learning rule,,0.4757615327835083,"0.2472, 0.2495, 0.2357, 0.0979, 0.1697"
1,n log n comparisons,,0.006758958101272583,"0.0176, 0.2500, 0.2325, 0.2500, 0.2500"
1,audit trail records,,0.32270002365112305,"0.2341, 0.1784, 0.1169, 0.2333, 0.2373"
1,thus trees,,0.027431219816207886,"0.0005, 0.2500, 0.2498, 0.2499, 0.2498"
1,computationally intractable,,0.1508362889289856,"0.2499, 0.0007, 0.2496, 0.2498, 0.2499"
1,performance analyzer,,0.18103817105293274,"0.0946, 0.2276, 0.2021, 0.2321, 0.2436"
1,speech activity detection,,0.04531869292259216,"0.0723, 0.2147, 0.2434, 0.2339, 0.2357"
1,abstract state machines,,0.22927570343017578,"0.1473, 0.2288, 0.1559, 0.2323, 0.2357"
1,systems architecture,,0.4974866509437561,"0.2298, 0.2361, 0.1880, 0.1815, 0.1645"
1,fully connected layers,,0.10871097445487976,"0.0063, 0.2438, 0.2500, 0.2500, 0.2500"
1,time complexity,,0.2871720492839813,"0.2456, 0.2474, 0.1427, 0.1726, 0.1918"
1,run time,,0.05857574939727783,"0.0002, 0.2498, 0.2500, 0.2500, 0.2500"
1,intelligent agents,,0.2453572154045105,"0.2494, 0.1789, 0.1577, 0.1960, 0.2180"
1,eager learning,,0.056698620319366455,"0.0107, 0.2450, 0.2472, 0.2485, 0.2487"
1,classical computer,,0.20565646886825562,"0.0226, 0.2471, 0.2456, 0.2442, 0.2405"
1,classification tasks,,0.4459678828716278,"0.2490, 0.1925, 0.1757, 0.1916, 0.1911"
1,mathematical study,,0.05899474024772644,"0.2474, 0.0035, 0.2493, 0.2499, 0.2500"
1,static  pure spatial patterns,,0.20271563529968262,"0.2500, 0.2495, 0.0071, 0.2442, 0.2492"
1,structural induction,,0.3527774214744568,"0.2337, 0.2013, 0.1807, 0.1938, 0.1904"
1,compressed suffix array,,0.42696279287338257,"0.2500, 0.1775, 0.2492, 0.1756, 0.1477"
1,extensible encoding system,,0.38452738523483276,"0.1105, 0.2110, 0.2434, 0.2175, 0.2176"
1,intelligent agent paradigm,,0.13196036219596863,"0.2500, 0.2490, 0.0115, 0.2424, 0.2471"
1,characteristic polynomial,,0.4314228892326355,"0.2499, 0.2290, 0.0963, 0.1983, 0.2265"
1,industrial protocol,,0.4635379910469055,"0.1311, 0.2292, 0.2144, 0.2157, 0.2096"
1,grading sentiment analysis,,0.40948614478111267,"0.2459, 0.2335, 0.2391, 0.1345, 0.1470"
1,imperative features,,0.024987787008285522,"0.0008, 0.2493, 0.2499, 0.2500, 0.2500"
1,bonferroni testing,,0.23963233828544617,"0.0818, 0.1865, 0.2444, 0.2445, 0.2429"
1,brute-force search,,0.4110872149467468,"0.2499, 0.1289, 0.1921, 0.2109, 0.2182"
1,physical qualities,,0.013624787330627441,"0.1915, 0.0602, 0.2484, 0.2499, 0.2500"
1,mathematical framework,,0.48272600769996643,"0.1491, 0.2310, 0.1998, 0.2094, 0.2108"
1,data structures,,0.4944531321525574,"0.2488, 0.2484, 0.1652, 0.1673, 0.1703"
1,operating systems,,0.172037273645401,"0.0015, 0.2500, 0.2494, 0.2496, 0.2495"
1,system level analysis,,0.25437724590301514,"0.2488, 0.1562, 0.2134, 0.1586, 0.2230"
1,learning state,,0.2857685685157776,"0.1015, 0.2436, 0.2290, 0.2218, 0.2041"
1,cholesky factor,,0.47300341725349426,"0.2450, 0.1315, 0.2005, 0.2113, 0.2117"
1,active networking,,0.3541035056114197,"0.0196, 0.2384, 0.2451, 0.2480, 0.2488"
1,sibling calls,,0.027242988348007202,"0.1139, 0.1364, 0.2498, 0.2500, 0.2500"
1,ordered sets,,0.1500805914402008,"0.1759, 0.1891, 0.1628, 0.2298, 0.2424"
1,database indexing technique,,0.26651233434677124,"0.2500, 0.2497, 0.0282, 0.2340, 0.2381"
1,cryogenic computing,,0.43898847699165344,"0.0057, 0.2500, 0.2491, 0.2485, 0.2467"
1,noise ratio,,0.41847074031829834,"0.2321, 0.1687, 0.1700, 0.2087, 0.2205"
1,environmental prediction,,0.23237690329551697,"0.0299, 0.2498, 0.2453, 0.2416, 0.2334"
1,software solution,,0.45022210478782654,"0.2500, 0.1432, 0.1976, 0.2055, 0.2038"
1,unreversed indexes,,0.4120950698852539,"0.2008, 0.1872, 0.1946, 0.2063, 0.2112"
1,computational linguistics,,0.18910068273544312,"0.2500, 0.0118, 0.2449, 0.2467, 0.2466"
1,euclidean division,,0.3033504784107208,"0.2424, 0.2448, 0.1408, 0.1706, 0.2014"
1,general-purpose language,,0.2173449993133545,"0.2361, 0.1418, 0.1847, 0.2151, 0.2224"
1,graphic design,,0.3835221827030182,"0.2448, 0.1209, 0.2107, 0.2149, 0.2087"
1,scientific visualization,,0.36663818359375,"0.0451, 0.2492, 0.2403, 0.2368, 0.2285"
1,strategy pattern,,0.30152150988578796,"0.2389, 0.2210, 0.1210, 0.1990, 0.2201"
1,parent class,,0.10174250602722168,"0.0043, 0.2492, 0.2478, 0.2491, 0.2496"
1,training data,,0.48146891593933105,"0.0831, 0.2364, 0.2190, 0.2295, 0.2320"
1,character sets,,0.42105090618133545,"0.2447, 0.2154, 0.1396, 0.1925, 0.2078"
1,economic game theory,,0.2952096462249756,"0.2148, 0.0996, 0.2485, 0.2129, 0.2241"
1,analog signal,,0.36562567949295044,"0.1957, 0.2117, 0.1517, 0.2115, 0.2293"
1,propositional calculuswhich sets,,0.4413895606994629,"0.2499, 0.2500, 0.2283, 0.1129, 0.1589"
1,intelligent agent,,0.42006513476371765,"0.2498, 0.2335, 0.1589, 0.1698, 0.1880"
1,principal component analysis,,0.36800479888916016,"0.0763, 0.2472, 0.2461, 0.2154, 0.2149"
1,ram usage,,0.058412134647369385,"0.2499, 0.0054, 0.2488, 0.2485, 0.2474"
1,formal language theory,,0.1608494520187378,"0.1657, 0.1888, 0.2468, 0.1823, 0.2163"
1,mathematical model,,0.4934859573841095,"0.2361, 0.2278, 0.1245, 0.1920, 0.2196"
1,training recursive neural nets,,0.4827689528465271,"0.0149, 0.2499, 0.2496, 0.2485, 0.2372"
1,adaptive filters,,0.4824672341346741,"0.2499, 0.2493, 0.1856, 0.1555, 0.1597"
1,speech processing applications,,0.10616558790206909,"0.0259, 0.2497, 0.2454, 0.2429, 0.2361"
1,relational algebra,,0.30658596754074097,"0.2485, 0.2440, 0.1225, 0.1780, 0.2069"
1,managed code,,0.13834774494171143,"0.0143, 0.2500, 0.2466, 0.2455, 0.2435"
1,uniform binary search,,0.47357428073883057,"0.1500, 0.2500, 0.2016, 0.2051, 0.1933"
1,classify patterns,,0.29222965240478516,"0.2487, 0.2183, 0.1071, 0.1977, 0.2282"
1,balanced binary search trees,,0.3781488537788391,"0.0570, 0.2500, 0.2385, 0.2485, 0.2059"
1,input operands,,0.11287927627563477,"0.2121, 0.0549, 0.2421, 0.2452, 0.2457"
1,numerical operations,,0.16082683205604553,"0.2161, 0.1463, 0.1738, 0.2261, 0.2377"
1,language specification,,0.48126527667045593,"0.2281, 0.2446, 0.1873, 0.1778, 0.1622"
1,logical expressions,,0.39726120233535767,"0.2500, 0.2057, 0.1476, 0.1921, 0.2046"
1,ordered tree,,0.25252020359039307,"0.0327, 0.2499, 0.2433, 0.2406, 0.2335"
1,batch learning techniques,,0.3327763080596924,"0.2467, 0.2454, 0.0401, 0.2324, 0.2353"
1,continuous unimodal function,,0.027887970209121704,"0.1726, 0.0863, 0.2498, 0.2447, 0.2466"
1,data origin authentication,,0.3916004002094269,"0.2460, 0.0193, 0.2484, 0.2443, 0.2419"
1,child vertices,,0.14444485306739807,"0.1266, 0.2056, 0.1961, 0.2311, 0.2406"
1,motion graphics design,,0.35877925157546997,"0.2423, 0.2488, 0.1286, 0.1940, 0.1864"
1,numerical method,,0.4774041473865509,"0.2475, 0.1757, 0.1454, 0.2057, 0.2258"
1,comparison sorts,,0.13646608591079712,"0.1274, 0.1522, 0.2297, 0.2439, 0.2468"
1,dimensional complexity theory,,0.45965638756752014,"0.2499, 0.2498, 0.2469, 0.1114, 0.1419"
1,structural recursion,,0.3059885501861572,"0.2486, 0.2499, 0.1915, 0.1634, 0.1466"
1,ux design,,0.340337336063385,"0.0736, 0.2061, 0.2390, 0.2413, 0.2399"
1,supervised feature learning,,0.48511427640914917,"0.0557, 0.2497, 0.2409, 0.2296, 0.2240"
1,first-order reduction,,0.21791788935661316,"0.2410, 0.1445, 0.1598, 0.2195, 0.2352"
1,fortran basic linear algebra subprograms,,0.3955686688423157,"0.2477, 0.0609, 0.2498, 0.2479, 0.1937"
1,recommendation systems,,0.2838621735572815,"0.0344, 0.2487, 0.2330, 0.2402, 0.2437"
1,multivariate mutual information,,0.40250924229621887,"0.2439, 0.1718, 0.1694, 0.2015, 0.2134"
1,entanglement measurement,,0.19345441460609436,"0.2500, 0.0153, 0.2374, 0.2478, 0.2496"
1,theoretical computer science,,0.49214327335357666,"0.0903, 0.2455, 0.2217, 0.2235, 0.2190"
1,artificial bee colony algorithm,,0.4880410432815552,"0.2268, 0.0273, 0.2493, 0.2499, 0.2466"
1,exception handling,,0.2547423839569092,"0.2491, 0.0808, 0.2181, 0.2252, 0.2267"
1,phase distinction,,0.010438859462738037,"0.2498, 0.0033, 0.2472, 0.2497, 0.2499"
1,mobile ad hoc networks,,0.41033005714416504,"0.0655, 0.2251, 0.2152, 0.2482, 0.2459"
1,abstract state machine,,0.3134879767894745,"0.0885, 0.2206, 0.2269, 0.2347, 0.2292"
1,feature maps,,0.4836420714855194,"0.2499, 0.2449, 0.1744, 0.1689, 0.1619"
1,loop body,,0.4019094407558441,"0.2500, 0.0972, 0.2308, 0.2186, 0.2035"
1,advanced encryption standard,,0.07651981711387634,"0.0406, 0.2499, 0.2218, 0.2417, 0.2460"
1,medical imaging,,0.00844225287437439,"0.0000, 0.2500, 0.2500, 0.2500, 0.2500"
1,Geometric modeling,,0.36100494861602783,"0.2431, 0.1763, 0.1375, 0.2077, 0.2354"
1,cognitive science,,0.4788844585418701,"0.2429, 0.1804, 0.1976, 0.1974, 0.1817"
1,mathematical duality,,0.28740566968917847,"0.1679, 0.2353, 0.1539, 0.2107, 0.2323"
1,optimization problems,,0.40040889382362366,"0.2471, 0.1449, 0.1909, 0.2071, 0.2099"
1,semantic predicate,,0.14528995752334595,"0.2483, 0.1114, 0.2026, 0.2183, 0.2193"
1,term complex data type,,0.29768574237823486,"0.0440, 0.2438, 0.2482, 0.2294, 0.2346"
1,de morgan's law,,0.015907853841781616,"0.0046, 0.2488, 0.2497, 0.2481, 0.2489"
1,error monitoring,,0.368050754070282,"0.2494, 0.0143, 0.2438, 0.2460, 0.2466"
1,training set,,0.05852794647216797,"0.2342, 0.0289, 0.2394, 0.2481, 0.2494"
1,mobile software agent,,0.4653482735157013,"0.0130, 0.2500, 0.2492, 0.2449, 0.2429"
1,signal generation,,0.26535701751708984,"0.2417, 0.0739, 0.2105, 0.2337, 0.2402"
1,hurwitz stable,,0.18096265196800232,"0.2230, 0.1745, 0.1670, 0.2097, 0.2257"
1,main stack register,,0.48071569204330444,"0.0377, 0.2496, 0.2471, 0.2404, 0.2251"
1,optimality problem,,0.2718704342842102,"0.2477, 0.1402, 0.1712, 0.2133, 0.2276"
1,automatic speech recognition,,0.1409531831741333,"0.0946, 0.1942, 0.2492, 0.2339, 0.2280"
1,physical memory,,0.22154554724693298,"0.0084, 0.2500, 0.2487, 0.2476, 0.2454"
1,local minimum,,0.10611045360565186,"0.2071, 0.0436, 0.2493, 0.2500, 0.2500"
1,biological data,,0.4844711422920227,"0.0219, 0.2479, 0.2434, 0.2441, 0.2426"
1,statistical modeling,,0.47228872776031494,"0.2366, 0.2074, 0.1447, 0.1920, 0.2193"
1,minimum k-cut,,0.18208271265029907,"0.0014, 0.2490, 0.2498, 0.2499, 0.2500"
1,right stochastic matrix,,0.10426470637321472,"0.0031, 0.2500, 0.2500, 0.2489, 0.2480"
1,based learning,,0.11098071932792664,"0.0007, 0.2496, 0.2498, 0.2499, 0.2499"
1,human learning,,0.1546303927898407,"0.0116, 0.2447, 0.2470, 0.2482, 0.2484"
1,simple directed graphs,,0.028759688138961792,"0.0005, 0.2499, 0.2500, 0.2498, 0.2499"
1,boolean algebra,,0.4091428816318512,"0.2500, 0.2482, 0.1504, 0.1641, 0.1874"
1,rnyi information dimension,,0.4710356593132019,"0.0115, 0.2493, 0.2499, 0.2461, 0.2432"
1,computational fluid dynamics,,0.3436768651008606,"0.2482, 0.0348, 0.2495, 0.2354, 0.2321"
1,support vector machines,,0.22402223944664001,"0.0001, 0.2500, 0.2500, 0.2500, 0.2500"
1,software engineering body,,0.31222063302993774,"0.2499, 0.2483, 0.0291, 0.2387, 0.2340"
1,specification language,,0.3637884259223938,"0.2494, 0.1924, 0.1763, 0.1912, 0.1906"
1,structured svm,,0.4623495042324066,"0.1872, 0.2425, 0.1993, 0.1924, 0.1787"
1,progressive networks,,0.2587723135948181,"0.0217, 0.2482, 0.2412, 0.2445, 0.2444"
