IfCS,Phrase,Correct,Probablity,Attention,Distance
1,conceptual design discipline,,0.0931951105594635,"0.2270, 0.2223, 0.2015, 0.1746, 0.1746",0.7273746728897095
1,distributed search,,0.17495271563529968,"0.2327, 0.2339, 0.1778, 0.1778, 0.1778",0.742485761642456
1,bit slicing,,0.39801913499832153,"0.1193, 0.2060, 0.2249, 0.2249, 0.2249",0.8309449702501297
1,neuron clusters,,0.24394631385803223,"0.2076, 0.1888, 0.2012, 0.2012, 0.2012",0.7891392111778259
1,linear combination,,0.1797950267791748,"0.2197, 0.2181, 0.1874, 0.1874, 0.1874",0.8603199869394302
1,randomized meldable priority queue,,0.28284862637519836,"0.2476, 0.2217, 0.1801, 0.1675, 0.1831",0.8670157343149185
1,polynomial functions,,0.4982970654964447,"0.2020, 0.2131, 0.1950, 0.1950, 0.1950",0.9229496121406555
1,ai alignment,,0.24310541152954102,"0.2144, 0.2366, 0.1830, 0.1830, 0.1830",0.7944859266281128
1,hybrid merge sort,,0.11912907660007477,"0.1903, 0.2240, 0.1860, 0.1999, 0.1999",0.8225346207618713
1,decimal computers,,0.18042677640914917,"0.2335, 0.2199, 0.1822, 0.1822, 0.1822",0.5522959530353546
1,digital picture processing,,0.4463014602661133,"0.2421, 0.2107, 0.1976, 0.1748, 0.1748",0.6420237421989441
1,state space,,0.1126905083656311,"0.1658, 0.2034, 0.2103, 0.2103, 0.2103",0.7531171441078186
1,javascript pseudorandom number generators,,0.3403349816799164,"0.2170, 0.2305, 0.2152, 0.1675, 0.1698",0.8759980276226997
1,processor time,,0.46952617168426514,"0.1535, 0.1845, 0.2207, 0.2207, 0.2207",0.6464866399765015
1,scalar response,,0.1591404229402542,"0.2323, 0.2236, 0.1814, 0.1814, 0.1814",0.8596505522727966
1,linear equality,,0.296979159116745,"0.2106, 0.2234, 0.1886, 0.1886, 0.1886",0.921931691467762
1,iteratively solving,,0.4428919553756714,"0.1992, 0.2297, 0.1904, 0.1904, 0.1904",0.7770276218652725
1,ridge regression estimator,,0.4717310965061188,"0.1849, 0.1778, 0.1801, 0.2286, 0.2286",0.9307036399841309
1,maximal subtree isomorphism,,0.3867078423500061,"0.2167, 0.2346, 0.1209, 0.2139, 0.2139",0.9704168830066919
1,design problem,,0.14041030406951904,"0.2212, 0.2053, 0.1912, 0.1912, 0.1912",0.727954775094986
1,single core processors,,0.3686712682247162,"0.2240, 0.2034, 0.1792, 0.1967, 0.1967",0.7317091226577759
1,combinatorial explosion,,0.10182975232601166,"0.2131, 0.1301, 0.2189, 0.2189, 0.2189",0.7722115814685822
1,binary space partitioning,,0.4443420171737671,"0.1838, 0.2091, 0.2026, 0.2023, 0.2023",0.8590690791606903
1,n log n comparisons,,0.0,"0.2450, 0.2356, 0.2262, 0.1527, 0.1406",0.7884631007909775
1,nervous system,,0.4284597635269165,"0.1788, 0.1834, 0.2126, 0.2126, 0.2126",0.767600491642952
1,weighted round robin,,0.19190886616706848,"0.2312, 0.2359, 0.2003, 0.1663, 0.1663",0.9648184068500996
1,implicit euler method,,0.423528254032135,"0.1954, 0.2391, 0.2217, 0.1719, 0.1719",0.9642040319740772
1,Singleton pattern,,0.4718419015407562,"0.1751, 0.1749, 0.2167, 0.2167, 0.2167",0.9980960543034598
1,random subset,,0.2361297458410263,"0.2031, 0.2130, 0.1946, 0.1946, 0.1946",0.8996616676449776
1,advanced message queuing protocol,,0.3119846284389496,"0.2217, 0.1703, 0.2411, 0.2285, 0.1384",0.8156225085258484
1,assembly language programmers,,0.33792105317115784,"0.2376, 0.1833, 0.2078, 0.1857, 0.1857",0.5336757898330688
1,data encryption standard,,0.1661045104265213,"0.2369, 0.2009, 0.1420, 0.2101, 0.2101",0.8213157802820206
1,golay code,,0.4927842915058136,"0.1840, 0.2320, 0.1947, 0.1947, 0.1947",0.9009874314069748
1,audit trail records,,0.43097084760665894,"0.1853, 0.1882, 0.1819, 0.2223, 0.2223",0.84254589676857
1,program synthesis,,0.25250914692878723,"0.1975, 0.2313, 0.1904, 0.1904, 0.1904",0.5490275919437408
1,residual bit error rate,,0.3709229826927185,"0.2467, 0.2170, 0.1200, 0.1725, 0.2438",0.888816811144352
1,network environments,,0.46268975734710693,"0.1425, 0.2286, 0.2096, 0.2096, 0.2096",0.7154724299907684
1,memory management,,0.38005515933036804,"0.1611, 0.2149, 0.2080, 0.2080, 0.2080",0.6569816470146179
1,user virtualization,,0.05509934201836586,"0.2457, 0.2491, 0.1684, 0.1684, 0.1684",0.6384157538414001
1,k-means clustering,,0.48778361082077026,"0.1928, 0.1775, 0.2099, 0.2099, 0.2099",0.8562512397766113
1,future data,,0.43880271911621094,"0.1889, 0.2051, 0.2020, 0.2020, 0.2020",0.6074473261833191
1,null pointer,,0.3910194933414459,"0.2039, 0.1702, 0.2086, 0.2086, 0.2086",0.8809968903660774
1,table structure,,0.04586850106716156,"0.2499, 0.2426, 0.1691, 0.1691, 0.1691",0.875904493033886
1,software performance analysis,,0.3950195610523224,"0.2052, 0.1981, 0.1869, 0.2049, 0.2049",0.5841157734394073
1,compound logic gates,,0.3889545500278473,"0.2360, 0.1729, 0.1615, 0.2148, 0.2148",0.6620456874370575
1,speech processing applications,,0.37710583209991455,"0.2024, 0.1798, 0.2303, 0.1938, 0.1938",0.7101928889751434
1,global minimum,,0.043916769325733185,"0.2456, 0.2402, 0.1714, 0.1714, 0.1714",0.9487920626997948
1,universal approximation theorem,,0.48127281665802,"0.2252, 0.1839, 0.1856, 0.2027, 0.2027",0.9535630159080029
1,input sentence,,0.1272721290588379,"0.2412, 0.2301, 0.1762, 0.1762, 0.1762",0.9321343824267387
1,hash functions,,0.44534367322921753,"0.1928, 0.2075, 0.1999, 0.1999, 0.1999",0.978934807702899
1,human learning,,0.19109101593494415,"0.2311, 0.2192, 0.1832, 0.1832, 0.1832",0.7032551169395447
1,red hat virtualization,,0.04434894397854805,"0.2376, 0.2334, 0.2445, 0.1422, 0.1422",0.7414621710777283
1,economic game theory,,0.41609692573547363,"0.2247, 0.2176, 0.1638, 0.1969, 0.1969",0.8176433891057968
1,max-flow min-cut theorem,,0.3573957681655884,"0.2299, 0.1946, 0.1719, 0.2018, 0.2018",0.9810319915413857
1,radix sort,,0.08793386816978455,"0.1921, 0.1224, 0.2285, 0.2285, 0.2285",0.8790292665362358
1,computer science,,0.36237308382987976,"0.1889, 0.2038, 0.2024, 0.2024, 0.2024",5.960464477539063e-08
1,function interaction,,0.4544553756713867,"0.1968, 0.2268, 0.1921, 0.1921, 0.1921",0.8368425518274307
1,web servers,,0.47331905364990234,"0.1814, 0.2351, 0.1945, 0.1945, 0.1945",0.6408212780952454
1,distributed key generation,,0.20311330258846283,"0.2387, 0.2257, 0.2188, 0.1584, 0.1584",0.7583089619874954
1,unrolled linked lists,,0.35886985063552856,"0.2142, 0.1971, 0.2457, 0.1715, 0.1715",0.9788346439599991
1,runtime framework,,0.32683703303337097,"0.2016, 0.2375, 0.1870, 0.1870, 0.1870",0.7548885345458984
1,knowledge discovery,,0.27546820044517517,"0.2068, 0.1987, 0.1981, 0.1981, 0.1981",0.6050162613391876
1,logical unit,,0.39220887422561646,"0.1492, 0.2115, 0.2131, 0.2131, 0.2131",0.7795663326978683
1,hamming distance,,0.09668819606304169,"0.2098, 0.2030, 0.1957, 0.1957, 0.1957",0.8256139308214188
1,single core cpu,,0.210751011967659,"0.2303, 0.2142, 0.1370, 0.2093, 0.2093",0.7600317001342773
1,mnist database,,0.3343459665775299,"0.1554, 0.2298, 0.2049, 0.2049, 0.2049",0.7693594545125961
1,activation functions,,0.3919025659561157,"0.2010, 0.2085, 0.1969, 0.1969, 0.1969",0.8364423513412476
1,system level analysis,,0.3708920478820801,"0.2191, 0.2279, 0.1719, 0.1905, 0.1905",0.5568204820156097
1,observation function,,0.4830862283706665,"0.1721, 0.2137, 0.2047, 0.2047, 0.2047",0.7403550446033478
1,linear probing,,0.39230117201805115,"0.2020, 0.2132, 0.1949, 0.1949, 0.1949",0.7990257889032364
1,virtual intelligence,,0.3598893880844116,"0.2436, 0.1949, 0.1872, 0.1872, 0.1872",0.5333933234214783
1,markup languages,,0.2056654840707779,"0.2156, 0.1910, 0.1978, 0.1978, 0.1978",0.7743701785802841
1,pigeonhole sort,,0.28403806686401367,"0.2101, 0.1553, 0.2115, 0.2115, 0.2115",0.9862829009070992
1,primitive data types,,0.27622267603874207,"0.1981, 0.2103, 0.1886, 0.2015, 0.2015",0.7041106224060059
1,supervised machine learning,,0.29237812757492065,"0.2331, 0.2119, 0.2170, 0.1690, 0.1690",0.6646007597446442
1,joint probability distribution,,0.4127477705478668,"0.2437, 0.2201, 0.1320, 0.2021, 0.2021",0.8485342562198639
1,learning automaton,,0.3471929132938385,"0.2037, 0.2276, 0.1896, 0.1896, 0.1896",0.6990512013435364
1,external node,,0.3167378902435303,"0.2034, 0.2317, 0.1883, 0.1883, 0.1883",0.9150275066494942
1,logical expressions,,0.45418620109558105,"0.1584, 0.1931, 0.2162, 0.2162, 0.2162",0.9133126139640808
1,soft decision viterbi decoders,,0.21223674714565277,"0.2448, 0.2340, 0.2064, 0.1513, 0.1635",0.8396105170249939
1,simulated neurons,,0.2640060782432556,"0.2174, 0.1970, 0.1952, 0.1952, 0.1952",0.7434898614883423
1,numpy bindings,,0.2899667024612427,"0.1766, 0.1990, 0.2081, 0.2081, 0.2081",0.927499920129776
1,exact function,,0.440199613571167,"0.1465, 0.1830, 0.2235, 0.2235, 0.2235",0.8575364947319031
1,computational process,,0.49134841561317444,"0.1968, 0.2141, 0.1964, 0.1964, 0.1964",0.5740346014499664
1,delay-tolerant networking,,0.45474115014076233,"0.1884, 0.2054, 0.2021, 0.2021, 0.2021",0.7487810850143433
1,information security,,0.42236918210983276,"0.1691, 0.1822, 0.2162, 0.2162, 0.2162",0.5953158438205719
1,digital signal,,0.20301157236099243,"0.2396, 0.1632, 0.1991, 0.1991, 0.1991",0.6780680418014526
1,primitive recursive,,0.3727414608001709,"0.1690, 0.2123, 0.2062, 0.2062, 0.2062",0.8240684121847153
1,user queries,,0.1429317444562912,"0.2382, 0.2431, 0.1729, 0.1729, 0.1729",0.8638170957565308
1,monic polynomials,,0.22047412395477295,"0.2301, 0.1875, 0.1941, 0.1941, 0.1941",0.9013306051492691
1,osi model,,0.4864734411239624,"0.1213, 0.1925, 0.2287, 0.2287, 0.2287",0.5640356540679932
1,digital sort,,0.292393296957016,"0.2354, 0.1573, 0.2024, 0.2024, 0.2024",0.6917886435985565
1,acoustic model,,0.2960447072982788,"0.1426, 0.1844, 0.2243, 0.2243, 0.2243",0.7901722341775894
1,regularization methods,,0.39278775453567505,"0.2198, 0.2011, 0.1930, 0.1930, 0.1930",0.8025817424058914
1,topos theory,,0.4985136389732361,"0.1902, 0.1445, 0.2218, 0.2218, 0.2218",0.7153179049491882
1,linearithmic time,,0.4387724995613098,"0.2058, 0.2063, 0.1960, 0.1960, 0.1960",0.874482050538063
1,memory management unit,,0.2940371036529541,"0.1867, 0.2071, 0.2192, 0.1935, 0.1935",0.6420403718948364
1,probabilistic relationships,,0.4312724471092224,"0.1427, 0.1982, 0.2197, 0.2197, 0.2197",0.7967346459627151
1,language modeling,,0.44184309244155884,"0.1455, 0.2222, 0.2108, 0.2108, 0.2108",0.7163299918174744
1,raspberry pi,,0.25352126359939575,"0.1797, 0.2207, 0.1999, 0.1999, 0.1999",0.8317938297986984
1,data differencing,,0.387328565120697,"0.2011, 0.2297, 0.1897, 0.1897, 0.1897",0.719972550868988
1,cholesky factorization,,0.3190907835960388,"0.2142, 0.2065, 0.1931, 0.1931, 0.1931",0.897040992975235
1,metamathematics unit,,0.2899317741394043,"0.2173, 0.2184, 0.1881, 0.1881, 0.1881",0.7458565831184387
1,meldable heap implementation,,0.3996414542198181,"0.2040, 0.1359, 0.2281, 0.2159, 0.2159",0.806744709610939
1,3d user interaction techniques,,0.20711101591587067,"0.2430, 0.2404, 0.2246, 0.2326, 0.0594",0.691605806350708
1,markov partitions,,0.4325656592845917,"0.1986, 0.2149, 0.1955, 0.1955, 0.1955",0.8531530052423477
1,spatial relations,,0.31291329860687256,"0.2265, 0.1972, 0.1921, 0.1921, 0.1921",0.9077555015683174
1,subrecursive hierarchies,,0.4530496597290039,"0.2073, 0.1948, 0.1993, 0.1993, 0.1993",0.8962529674172401
1,method call,,0.28293314576148987,"0.2055, 0.2362, 0.1861, 0.1861, 0.1861",0.8738499134778976
1,ocaml languages,,0.09370149672031403,"0.2402, 0.2129, 0.1823, 0.1823, 0.1823",0.7901014983654022
1,quantum cryptography,,0.4502805173397064,"0.2048, 0.1123, 0.2276, 0.2276, 0.2276",0.724221259355545
1,cryptographic protocols,,0.444374680519104,"0.1686, 0.1829, 0.2162, 0.2162, 0.2162",0.7522398084402084
1,synthetic consciousness,,0.13908423483371735,"0.2340, 0.1982, 0.1892, 0.1892, 0.1892",0.8060187995433807
1,computer language,,0.41115641593933105,"0.2005, 0.1928, 0.2022, 0.2022, 0.2022",0.3127949833869934
1,computational complexity,,0.4048963785171509,"0.2301, 0.1486, 0.2071, 0.2071, 0.2071",0.6247101724147797
1,pci express,,0.3189135193824768,"0.2115, 0.1852, 0.2011, 0.2011, 0.2011",0.6075612604618073
1,hadamard product,,0.08584550023078918,"0.2039, 0.2129, 0.1944, 0.1944, 0.1944",0.7573004364967346
1,dma attack,,0.20819173753261566,"0.2012, 0.1667, 0.2107, 0.2107, 0.2107",0.8823098167777061
1,industrial design,,0.04305834323167801,"0.2129, 0.2183, 0.1896, 0.1896, 0.1896",0.6614539325237274
1,operating systems,,0.3216974139213562,"0.1442, 0.2165, 0.2131, 0.2131, 0.2131",0.6041920185089111
1,serial manipulators,,0.14864619076251984,"0.1746, 0.1969, 0.2095, 0.2095, 0.2095",0.8934773802757263
1,private key,,0.11093355715274811,"0.2270, 0.1879, 0.1950, 0.1950, 0.1950",0.9248378649353981
1,input error,,0.3617323040962219,"0.2294, 0.1960, 0.1915, 0.1915, 0.1915",0.9868149496614933
1,association rule learning,,0.317548930644989,"0.2180, 0.2105, 0.2120, 0.1797, 0.1797",0.8228544294834137
1,statistical modelling,,0.39283880591392517,"0.1405, 0.2165, 0.2143, 0.2143, 0.2143",0.7873016744852066
1,intelligent agent,,0.28374001383781433,"0.2124, 0.2311, 0.1855, 0.1855, 0.1855",0.777938187122345
1,mutable ordered lists,,0.27896761894226074,"0.2313, 0.2232, 0.2429, 0.1513, 0.1513",0.888711966574192
1,machine learning,,0.38595443964004517,"0.1936, 0.2134, 0.1977, 0.1977, 0.1977",0.5827093422412872
1,fitts's law,,0.11986982822418213,"0.2152, 0.1538, 0.2103, 0.2103, 0.2103",0.920041449368
1,natural language text,,0.2733801007270813,"0.2310, 0.1784, 0.2271, 0.1817, 0.1817",0.7521016895771027
1,semantic predicates,,0.22559580206871033,"0.2063, 0.2192, 0.1915, 0.1915, 0.1915",0.9065469652414322
1,joint distribution,,0.2190496027469635,"0.2360, 0.2029, 0.1870, 0.1870, 0.1870",0.8891988545656204
1,bit string,,0.33627402782440186,"0.1587, 0.1349, 0.2355, 0.2355, 0.2355",0.8936329334974289
1,software frameworks,,0.4407925605773926,"0.1538, 0.2315, 0.2049, 0.2049, 0.2049",0.5859002768993378
1,digital signatures,,0.06762714684009552,"0.2456, 0.2339, 0.1735, 0.1735, 0.1735",0.8358921557664871
1,normalized compression distance,,0.37431252002716064,"0.2369, 0.1530, 0.1772, 0.2165, 0.2165",0.9050332903862
1,contract methodologies,,0.33482420444488525,"0.2124, 0.2221, 0.1885, 0.1885, 0.1885",0.8791329190135002
1,structural recursion,,0.24042171239852905,"0.1808, 0.2223, 0.1990, 0.1990, 0.1990",0.797620952129364
1,address pool,,0.14878541231155396,"0.2137, 0.2249, 0.1871, 0.1871, 0.1871",0.8783387020230293
1,digital  web pages,,0.27389955520629883,"0.2359, 0.1499, 0.2184, 0.2459, 0.1499",0.6059304177761078
1,zip files,,0.06310498714447021,"0.1107, 0.2142, 0.2250, 0.2250, 0.2250",0.9139908105134964
1,support vectors,,0.4564390182495117,"0.1915, 0.1879, 0.2069, 0.2069, 0.2069",0.8651872128248215
1,linear dependency,,0.23524096608161926,"0.2149, 0.2043, 0.1936, 0.1936, 0.1936",0.8983345404267311
1,continuous unimodal function,,0.299119770526886,"0.2456, 0.1822, 0.1942, 0.1890, 0.1890",0.9210282862186432
1,fold functions,,0.3391863703727722,"0.2098, 0.2197, 0.1902, 0.1902, 0.1902",0.9462942592799664
1,gap analysis,,0.40397077798843384,"0.1869, 0.1579, 0.2184, 0.2184, 0.2184",0.7578229755163193
1,boundary singularity,,0.20414288341999054,"0.2203, 0.2117, 0.1893, 0.1893, 0.1893",0.9453877508640289
1,memory space,,0.4917013645172119,"0.1602, 0.2079, 0.2106, 0.2106, 0.2106",0.781878724694252
1,doubly linked list,,0.2603478729724884,"0.2002, 0.1699, 0.2411, 0.1944, 0.1944",0.9638472497463226
1,programming paradigm,,0.41211509704589844,"0.2071, 0.2156, 0.1924, 0.1924, 0.1924",0.5615545213222504
1,markup language,,0.2877916991710663,"0.2109, 0.1899, 0.1997, 0.1997, 0.1997",0.7531756162643433
1,character encoding,,0.495687335729599,"0.2223, 0.1707, 0.2023, 0.2023, 0.2023",0.8739133924245834
1,modal interpretations,,0.4381706714630127,"0.2323, 0.1024, 0.2218, 0.2218, 0.2218",0.907476082444191
1,computability theorists,,0.46857011318206787,"0.2069, 0.1927, 0.2001, 0.2001, 0.2001",0.462574303150177
1,degree matrix,,0.49154236912727356,"0.2141, 0.1371, 0.2163, 0.2163, 0.2163",0.8466027975082397
1,electronic signature,,0.14028006792068481,"0.2283, 0.2076, 0.1881, 0.1881, 0.1881",0.6980462968349457
1,compressed sensing,,0.3201151490211487,"0.1991, 0.1774, 0.2078, 0.2078, 0.2078",0.8315271586179733
1,misleading equivalence,,0.4181320071220398,"0.1898, 0.1576, 0.2175, 0.2175, 0.2175",0.8704959154129028
1,modelling software,,0.3723926544189453,"0.2095, 0.2175, 0.1910, 0.1910, 0.1910",0.6022297739982605
1,deterministic encryption,,0.38530266284942627,"0.2060, 0.1507, 0.2144, 0.2144, 0.2144",0.8033159077167511
1,boltzmann learning rule,,0.41558411717414856,"0.2303, 0.2276, 0.2259, 0.1581, 0.1581",0.8038485795259476
1,streaming media,,0.167754128575325,"0.2266, 0.2206, 0.1843, 0.1843, 0.1843",0.7728746384382248
1,truth value,,0.36961156129837036,"0.1942, 0.2093, 0.1988, 0.1988, 0.1988",0.8630131632089615
1,plate notation,,0.32349348068237305,"0.2266, 0.1843, 0.1964, 0.1964, 0.1964",0.8655395358800888
1,joint density,,0.1608351320028305,"0.2365, 0.2177, 0.1819, 0.1819, 0.1819",0.9324682131409645
1,numerical analysis,,0.3989659547805786,"0.2300, 0.1826, 0.1958, 0.1958, 0.1958",0.7559485733509064
1,hebbian learning,,0.3324492573738098,"0.2225, 0.2037, 0.1913, 0.1913, 0.1913",0.7491991519927979
1,tensor product,,0.21401646733283997,"0.1974, 0.2091, 0.1978, 0.1978, 0.1978",0.763838917016983
1,assembling sequences,,0.39151710271835327,"0.2247, 0.1944, 0.1936, 0.1936, 0.1936",0.8131665736436844
1,biologically inspired computing,,0.2691885232925415,"0.2321, 0.1650, 0.2120, 0.1955, 0.1955",0.42281877994537354
1,combinational circuits,,0.18649114668369293,"0.2094, 0.2007, 0.1967, 0.1967, 0.1967",0.6548555791378021
1,abstract framework,,0.4451949894428253,"0.1718, 0.2366, 0.1972, 0.1972, 0.1972",0.8188519030809402
1,transfer learning,,0.23513314127922058,"0.2284, 0.2234, 0.1827, 0.1827, 0.1827",0.7156574428081512
1,iterator concept,,0.2985192537307739,"0.2276, 0.2120, 0.1868, 0.1868, 0.1868",0.8134019672870636
1,bit mips processors,,0.3049371540546417,"0.2023, 0.1387, 0.1815, 0.2387, 0.2387",0.7362562716007233
1,state machines,,0.10084500908851624,"0.1320, 0.2001, 0.2226, 0.2226, 0.2226",0.5964223742485046
1,humanistic intelligence,,0.3703647553920746,"0.2284, 0.1807, 0.1969, 0.1969, 0.1969",0.7778071314096451
1,natural language,,0.20441944897174835,"0.2234, 0.1891, 0.1958, 0.1958, 0.1958",0.749484121799469
1,creational pattern,,0.46246999502182007,"0.2082, 0.1818, 0.2034, 0.2034, 0.2034",0.8603224158287048
1,embedded systems,,0.4248788356781006,"0.1683, 0.2204, 0.2038, 0.2038, 0.2038",0.5851967334747314
1,business analysis,,0.3728340268135071,"0.1999, 0.2013, 0.1996, 0.1996, 0.1996",0.6603339314460754
1,root node,,0.4897712767124176,"0.1525, 0.2135, 0.2113, 0.2113, 0.2113",0.9825194161385298
1,quantum error,,0.37137076258659363,"0.1987, 0.1006, 0.2336, 0.2336, 0.2336",0.8951331898570061
1,explanatory variables,,0.3086923658847809,"0.1474, 0.2161, 0.2122, 0.2122, 0.2122",0.8704491257667542
1,reward-based selection,,0.2210751175880432,"0.2278, 0.2166, 0.1852, 0.1852, 0.1852",0.8537029176950455
1,beta encoder,,0.34629374742507935,"0.2090, 0.1562, 0.2116, 0.2116, 0.2116",0.8310898989439011
1,gap analysis naturally flows,,0.4533405303955078,"0.2457, 0.2376, 0.1715, 0.1230, 0.2221",0.8715119361877441
1,intelligent agents,,0.1976427137851715,"0.2231, 0.2316, 0.1818, 0.1818, 0.1818",0.7135713696479797
1,computer ethics,,0.3715156316757202,"0.1979, 0.2055, 0.1988, 0.1988, 0.1988",0.4197990894317627
1,user experience design,,0.029917839914560318,"0.2472, 0.2365, 0.2304, 0.1429, 0.1429",0.7024873197078705
1,imperative quantum programming languages,,0.2836427688598633,"0.2392, 0.2004, 0.1908, 0.1768, 0.1928",0.6957063376903534
1,least square estimators,,0.09114161133766174,"0.2353, 0.2293, 0.1331, 0.2011, 0.2011",0.88515904545784
1,ipn design,,0.19841279089450836,"0.2046, 0.2094, 0.1953, 0.1953, 0.1953",0.7244925498962402
1,data type,,0.49891120195388794,"0.2001, 0.1881, 0.2039, 0.2039, 0.2039",0.6445462107658386
1,sql systems,,0.3415590822696686,"0.2223, 0.2258, 0.1840, 0.1840, 0.1840",0.6873291730880737
1,artificial systems,,0.4394633173942566,"0.1947, 0.2106, 0.1982, 0.1982, 0.1982",0.5958646833896637
1,software development,,0.19353145360946655,"0.2009, 0.2205, 0.1929, 0.1929, 0.1929",0.5374779105186462
1,partitioning design pattern,,0.3407452404499054,"0.2245, 0.2042, 0.1508, 0.2102, 0.2102",0.8170642256736755
1,theorem  computer science,,0.40284401178359985,"0.2116, 0.1947, 0.2014, 0.1976, 0.1947",0.3522565960884094
1,asymptotic analysis,,0.49312764406204224,"0.2103, 0.1851, 0.2015, 0.2015, 0.2015",0.8516676127910614
1,semantic predicate,,0.24034017324447632,"0.2050, 0.2196, 0.1918, 0.1918, 0.1918",0.9037532433867455
1,distributed computing,,0.40219664573669434,"0.2136, 0.2291, 0.1858, 0.1858, 0.1858",0.5777640044689178
1,milnermycroft calculus,,0.39303237199783325,"0.1881, 0.2056, 0.2021, 0.2021, 0.2021",0.8542164266109467
1,cluster centers,,0.17850595712661743,"0.2080, 0.2356, 0.1855, 0.1855, 0.1855",0.8236838132143021
1,range queries,,0.44947999715805054,"0.1506, 0.2275, 0.2073, 0.2073, 0.2073",0.8953700289130211
1,desktop virtualization,,0.08833219110965729,"0.2383, 0.2476, 0.1714, 0.1714, 0.1714",0.5948322415351868
1,random iterates,,0.4689270853996277,"0.1847, 0.1905, 0.2083, 0.2083, 0.2083",0.8310337215662003
1,multivariate normal distributions,,0.4188346862792969,"0.2397, 0.2243, 0.1395, 0.1982, 0.1982",0.9967619027011096
1,sample space,,0.1852632761001587,"0.2292, 0.2016, 0.1897, 0.1897, 0.1897",0.7812630832195282
1,immersive design,,0.11131739616394043,"0.2301, 0.2273, 0.1809, 0.1809, 0.1809",0.6603149175643921
1,turing machine,,0.4370309114456177,"0.1853, 0.1777, 0.2124, 0.2124, 0.2124",0.5805822908878326
1,multiplexing technique,,0.1535530984401703,"0.2264, 0.2241, 0.1832, 0.1832, 0.1832",0.8373410850763321
1,mobile ad hoc networks,,0.3026612401008606,"0.2479, 0.2344, 0.2175, 0.1260, 0.1741",0.9392801150679588
1,similarity learning,,0.351291686296463,"0.1364, 0.2060, 0.2192, 0.2192, 0.2192",0.7299200892448425
1,recursively subdividing,,0.22203108668327332,"0.2298, 0.2298, 0.1801, 0.1801, 0.1801",0.8598319888114929
1,fibonacci search technique,,0.18431556224822998,"0.2374, 0.2095, 0.2037, 0.1747, 0.1747",0.7714154273271561
1,modeling software,,0.3767988681793213,"0.2084, 0.2154, 0.1921, 0.1921, 0.1921",0.6053316593170166
1,logical calculi,,0.2750690281391144,"0.1744, 0.2279, 0.1992, 0.1992, 0.1992",0.8086384236812592
1,soft computing,,0.43203234672546387,"0.1550, 0.2135, 0.2105, 0.2105, 0.2105",0.4732034206390381
1,decision boundary,,0.4557511806488037,"0.1842, 0.2008, 0.2050, 0.2050, 0.2050",0.8880769163370132
1,collision resolution schemes,,0.35810500383377075,"0.1798, 0.2424, 0.2043, 0.1868, 0.1868",0.8065034002065659
1,rnyi information dimension,,0.4635393023490906,"0.2354, 0.1805, 0.2016, 0.1912, 0.1912",0.6993487775325775
1,visual programming languages,,0.28653743863105774,"0.2214, 0.2336, 0.2266, 0.1592, 0.1592",0.5618718564510345
1,adaptive huffman coding,,0.4371911883354187,"0.2189, 0.2227, 0.2051, 0.1766, 0.1766",0.7990763038396835
1,buffer overflows,,0.448591947555542,"0.1718, 0.1687, 0.2198, 0.2198, 0.2198",0.8373187035322189
1,immersive virtual environment,,0.1519264578819275,"0.2399, 0.2452, 0.2302, 0.1423, 0.1423",0.7142864763736725
1,classification performance,,0.3996660113334656,"0.1674, 0.1697, 0.2209, 0.2209, 0.2209",0.7022674381732941
1,object-oriented design,,0.2719805836677551,"0.2073, 0.2339, 0.1863, 0.1863, 0.1863",0.6789301037788391
1,3d user interaction,,0.1930573284626007,"0.2403, 0.2407, 0.2319, 0.1436, 0.1436",0.6824816465377808
1,euclidean cubes,,0.4511895775794983,"0.1914, 0.2161, 0.1975, 0.1975, 0.1975",0.8793757185339928
1,conjunctive normal form,,0.03049980103969574,"0.2403, 0.1884, 0.2269, 0.1722, 0.1722",0.9700084682554007
1,generalised loop splitting,,0.49954089522361755,"0.2216, 0.1981, 0.2211, 0.1796, 0.1796",0.9366192147135735
1,software design,,0.2984260320663452,"0.1723, 0.2268, 0.2003, 0.2003, 0.2003",0.5477716624736786
1,desktop computers,,0.20800097286701202,"0.2247, 0.2287, 0.1822, 0.1822, 0.1822",0.549475759267807
1,general recursive functions,,0.35738641023635864,"0.2248, 0.2154, 0.2142, 0.1728, 0.1728",0.8567172884941101
1,code space,,0.3367007374763489,"0.2138, 0.2193, 0.1890, 0.1890, 0.1890",0.8324073255062103
1,evidence toolkit,,0.48392438888549805,"0.1231, 0.2099, 0.2223, 0.2223, 0.2223",0.6518976092338562
1,hurwitz stable,,0.1293041855096817,"0.2291, 0.2059, 0.1883, 0.1883, 0.1883",0.9395585991442204
1,instance-based learning,,0.26187753677368164,"0.2195, 0.2308, 0.1833, 0.1833, 0.1833",0.7351500689983368
1,computer security,,0.46418529748916626,"0.1817, 0.1742, 0.2147, 0.2147, 0.2147",0.4986443519592285
1,distributed artificial intelligence,,0.4048193693161011,"0.2368, 0.2296, 0.1986, 0.1675, 0.1675",0.6574107706546783
1,polymorphic association,,0.38384687900543213,"0.2048, 0.1829, 0.2041, 0.2041, 0.2041",0.8495725393295288
1,computer games,,0.32319924235343933,"0.1889, 0.2204, 0.1969, 0.1969, 0.1969",0.45230036973953247
1,number theory,,0.4766618311405182,"0.2240, 0.1492, 0.2089, 0.2089, 0.2089",0.8132842034101486
1,polynomial sequences,,0.46731656789779663,"0.2198, 0.1905, 0.1966, 0.1966, 0.1966",0.8800050690770149
1,theoretical computer science,,0.31799235939979553,"0.2105, 0.2002, 0.2000, 0.1946, 0.1946",0.12055164575576782
1,complexity bounds,,0.41458845138549805,"0.1836, 0.1322, 0.2281, 0.2281, 0.2281",0.8223248571157455
1,logical security boundaries,,0.39647626876831055,"0.2187, 0.1840, 0.1691, 0.2141, 0.2141",0.7945042699575424
1,exhaustive search,,0.16870835423469543,"0.2058, 0.2183, 0.1920, 0.1920, 0.1920",0.6837579309940338
1,heterogeneous environment,,0.2420332133769989,"0.2126, 0.2163, 0.1904, 0.1904, 0.1904",0.8822070509195328
1,speech tagging,,0.15344932675361633,"0.2040, 0.2206, 0.1918, 0.1918, 0.1918",0.9766284786164761
1,linearly independent variables,,0.3163842260837555,"0.2328, 0.2157, 0.2160, 0.1678, 0.1678",0.8972848206758499
1,markov chain monte carlo,,0.4757685661315918,"0.2299, 0.2026, 0.1945, 0.2061, 0.1669",0.7770867943763733
1,automatic memory management,,0.32201701402664185,"0.2400, 0.1957, 0.2200, 0.1722, 0.1722",0.7045445740222931
1,code libraries,,0.38760215044021606,"0.2047, 0.2330, 0.1875, 0.1875, 0.1875",0.7137033045291901
1,maximum-margin hyperplane,,0.29283732175827026,"0.1896, 0.1992, 0.2037, 0.2037, 0.2037",0.8674881011247635
1,run time,,0.18695317208766937,"0.1931, 0.2060, 0.2003, 0.2003, 0.2003",0.8094958811998367
1,system performance,,0.3417108654975891,"0.1921, 0.1936, 0.2048, 0.2048, 0.2048",0.5839947462081909
1,prune and search,,0.0020601004362106323,"0.2390, 0.1993, 0.2105, 0.1756, 0.1756",0.8484828323125839
1,software programs,,0.3521992564201355,"0.1691, 0.2216, 0.2031, 0.2031, 0.2031",0.5353997945785522
1,cognitive robotics,,0.3138590455055237,"0.1778, 0.2253, 0.1990, 0.1990, 0.1990",0.6316733360290527
1,video sequence,,0.42729997634887695,"0.2118, 0.1949, 0.1977, 0.1977, 0.1977",0.8124122321605682
1,block cipher,,0.48203274607658386,"0.1928, 0.1522, 0.2183, 0.2183, 0.2183",0.903949998319149
1,parent class,,0.2601102888584137,"0.1646, 0.2335, 0.2006, 0.2006, 0.2006",0.9378820955753326
1,directed edge,,0.3339933753013611,"0.1936, 0.1925, 0.2046, 0.2046, 0.2046",0.8876145780086517
1,digital data,,0.46118438243865967,"0.2304, 0.2032, 0.1888, 0.1888, 0.1888",0.5145390033721924
1,internet applications,,0.27850019931793213,"0.1913, 0.2270, 0.1939, 0.1939, 0.1939",0.5270381569862366
1,information technology,,0.33265650272369385,"0.1766, 0.2224, 0.2003, 0.2003, 0.2003",0.3491266965866089
1,structural analysis,,0.3571171462535858,"0.1766, 0.1761, 0.2158, 0.2158, 0.2158",0.6998788714408875
1,hashing problem,,0.24145235121250153,"0.2245, 0.2003, 0.1917, 0.1917, 0.1917",0.9844932081177831
1,data origin authentication,,0.3507325351238251,"0.2227, 0.2089, 0.1914, 0.1885, 0.1885",0.8609321266412735
1,bernstein polynomials,,0.22613999247550964,"0.1972, 0.1781, 0.2082, 0.2082, 0.2082",0.9430446028709412
1,online machine learning,,0.3064258098602295,"0.2332, 0.2112, 0.2168, 0.1694, 0.1694",0.5803017914295197
1,recursively dividing,,0.2695431411266327,"0.2319, 0.2193, 0.1829, 0.1829, 0.1829",0.8607188761234283
1,intelligent agent paradigm,,0.24034413695335388,"0.2348, 0.2309, 0.2140, 0.1602, 0.1602",0.7653694301843643
1,optimal solution,,0.13048091530799866,"0.2172, 0.2332, 0.1832, 0.1832, 0.1832",0.883571170270443
1,scientific computing,,0.39181995391845703,"0.1906, 0.2080, 0.2005, 0.2005, 0.2005",0.2580556273460388
1,reduction systems,,0.3330276608467102,"0.2085, 0.1977, 0.1979, 0.1979, 0.1979",0.7506159991025925
1,reinforcement learning,,0.3526245653629303,"0.1889, 0.2269, 0.1947, 0.1947, 0.1947",0.8227697014808655
1,function join,,0.11681768298149109,"0.2347, 0.2488, 0.1722, 0.1722, 0.1722",0.9729555305093527
1,screen cursor,,0.2100505232810974,"0.2302, 0.2413, 0.1762, 0.1762, 0.1762",0.7132051289081573
1,dma attacks,,0.2598129212856293,"0.2015, 0.1611, 0.2125, 0.2125, 0.2125",0.8683241456747055
1,software design description,,0.3810405433177948,"0.1947, 0.2199, 0.1913, 0.1970, 0.1970",0.6146649718284607
1,software engineeringis,,0.31876569986343384,"0.1744, 0.1866, 0.2130, 0.2130, 0.2130",0.526218444108963
1,computational materials science,,0.09620757400989532,"0.2408, 0.2360, 0.1959, 0.1637, 0.1637",0.4962971806526184
1,imperative features,,0.28575170040130615,"0.1929, 0.2034, 0.2012, 0.2012, 0.2012",0.7945356220006943
1,bitwise operations,,0.46066540479660034,"0.1790, 0.2073, 0.2046, 0.2046, 0.2046",0.8663259744644165
1,abstract state machines,,0.18910856544971466,"0.2215, 0.1595, 0.2047, 0.2071, 0.2071",0.5920303165912628
1,insertion sort,,0.4504302442073822,"0.2035, 0.1616, 0.2116, 0.2116, 0.2116",0.8928763717412949
1,knapsack problem,,0.15013714134693146,"0.1992, 0.2005, 0.2001, 0.2001, 0.2001",0.8748576492071152
1,amazon prime video,,0.27941110730171204,"0.2352, 0.2056, 0.1946, 0.1824, 0.1824",0.8723700642585754
1,abstract machines,,0.4749770164489746,"0.1643, 0.2201, 0.2052, 0.2052, 0.2052",0.5709852874279022
1,advanced encryption standard,,0.0,"0.2439, 0.1964, 0.1303, 0.2147, 0.2147",0.790719747543335
1,case gradient descent,,0.43653202056884766,"0.2178, 0.2008, 0.1918, 0.1948, 0.1948",0.8750094473361969
1,computing power,,0.31361961364746094,"0.2172, 0.1975, 0.1951, 0.1951, 0.1951",0.43523913621902466
1,reinforcement learning agent,,0.3465921878814697,"0.2042, 0.2196, 0.2341, 0.1711, 0.1711",0.865093857049942
1,compression rate,,0.41853630542755127,"0.1619, 0.1552, 0.2276, 0.2276, 0.2276",0.8665044158697128
1,User interface design,,0.1957976520061493,"0.2346, 0.2357, 0.2382, 0.1457, 0.1457",0.6930996477603912
1,receive quality metric,,0.27212265133857727,"0.2456, 0.2087, 0.1712, 0.1873, 0.1873",0.7770266085863113
1,encryption keys,,0.1510261744260788,"0.1722, 0.1662, 0.2205, 0.2205, 0.2205",0.9023873209953308
1,computational linguistics,,0.24406731128692627,"0.2298, 0.2118, 0.1861, 0.1861, 0.1861",0.6438738405704498
1,software architect,,0.29357215762138367,"0.1555, 0.2121, 0.2108, 0.2108, 0.2108",0.6269014179706573
1,global robustness,,0.2577086389064789,"0.2367, 0.2150, 0.1828, 0.1828, 0.1828",0.8536235839128494
1,linear objective function,,0.491985946893692,"0.2262, 0.1942, 0.2094, 0.1851, 0.1851",0.9156737625598907
1,buffer overflowsruntime error detection tools,,0.41879475116729736,"0.2390, 0.2323, 0.1698, 0.1423, 0.2165",0.8233829587697983
1,computationally intelligent,,0.266575425863266,"0.2268, 0.2253, 0.1826, 0.1826, 0.1826",0.545166552066803
1,classification problem,,0.4388706088066101,"0.1614, 0.1914, 0.2157, 0.2157, 0.2157",0.7417080104351044
1,matlab code,,0.45785170793533325,"0.1894, 0.2109, 0.1999, 0.1999, 0.1999",0.8539543449878693
1,pattern matching,,0.39376726746559143,"0.1852, 0.2227, 0.1973, 0.1973, 0.1973",0.9382257796823978
1,binary floating point,,0.39394816756248474,"0.1778, 0.2278, 0.2176, 0.1884, 0.1884",0.7935574948787689
1,2007  algorithmic mechanism design,,0.40628379583358765,"0.2184, 0.1862, 0.1896, 0.1956, 0.2101",0.6575497686862946
1,computational framework,,0.36440175771713257,"0.2078, 0.2298, 0.1875, 0.1875, 0.1875",0.6102553009986877
1,negative transfer learning,,0.2672104835510254,"0.2359, 0.2248, 0.2148, 0.1623, 0.1623",0.8090358972549438
1,cumulative reward,,0.12497475743293762,"0.2258, 0.2270, 0.1824, 0.1824, 0.1824",0.9352821484208107
1,computational resources,,0.19098761677742004,"0.2311, 0.2171, 0.1839, 0.1839, 0.1839",0.5229502618312836
1,computational morality,,0.29564231634140015,"0.2205, 0.2166, 0.1876, 0.1876, 0.1876",0.6948114931583405
1,double-ended priority queue,,0.25675228238105774,"0.2122, 0.2011, 0.1991, 0.1938, 0.1938",0.9575669728219509
1,uniform binary search,,0.4043378233909607,"0.2254, 0.1641, 0.2087, 0.2009, 0.2009",0.762798935174942
1,temporal coupling,,0.3421020805835724,"0.1936, 0.2045, 0.2006, 0.2006, 0.2006",0.8897521942853928
1,helmholtz machines,,0.21028980612754822,"0.1653, 0.2110, 0.2079, 0.2079, 0.2079",0.7012511193752289
1,adjacent vertices,,0.14735418558120728,"0.2170, 0.2346, 0.1828, 0.1828, 0.1828",0.9627114348113537
1,transition function,,0.4668501019477844,"0.1817, 0.2089, 0.2031, 0.2031, 0.2031",0.8850225582718849
1,cache coherence,,0.4312407672405243,"0.1703, 0.2021, 0.2092, 0.2092, 0.2092",0.8284520953893661
1,character recognition,,0.4646341800689697,"0.2122, 0.1798, 0.2027, 0.2027, 0.2027",0.8437566161155701
1,schematic diagram,,0.48811811208724976,"0.1743, 0.2282, 0.1992, 0.1992, 0.1992",0.6646826565265656
1,object recognition  technical report icg,,0.0,"0.2439, 0.2336, 0.1863, 0.2089, 0.1273",0.6332859992980957
1,parallel solution,,0.20524311065673828,"0.2090, 0.2377, 0.1844, 0.1844, 0.1844",0.7928523123264313
1,deterministic global optimization,,0.23378074169158936,"0.2148, 0.2376, 0.2152, 0.1662, 0.1662",0.8166678249835968
1,hilbert space,,0.42297741770744324,"0.1790, 0.2093, 0.2039, 0.2039, 0.2039",0.9172873347997665
1,nearest neighbor problem,,0.0,"0.2340, 0.1549, 0.1792, 0.2160, 0.2160",0.9300123825669289
1,based learning,,0.24669961631298065,"0.2212, 0.2283, 0.1835, 0.1835, 0.1835",0.6836716830730438
1,3d user interaction systems,,0.3388281762599945,"0.2415, 0.2373, 0.2091, 0.2308, 0.0813",0.6604018211364746
1,leaf nodes,,0.39950495958328247,"0.1906, 0.2188, 0.1969, 0.1969, 0.1969",0.9651307202875614
1,medical imaging,,0.0680299699306488,"0.2168, 0.2266, 0.1855, 0.1855, 0.1855",0.7719188630580902
1,polynomial expression,,0.441700279712677,"0.2192, 0.1968, 0.1946, 0.1946, 0.1946",0.8920264765620232
1,digital computer,,0.3958873152732849,"0.2304, 0.1993, 0.1901, 0.1901, 0.1901",0.3547009825706482
1,incidence matrix,,0.467365026473999,"0.1477, 0.1719, 0.2268, 0.2268, 0.2268",0.9091937318444252
1,database tuning,,0.4120372533798218,"0.2097, 0.2203, 0.1900, 0.1900, 0.1900",0.7700836807489395
1,internet route objects,,0.4939501881599426,"0.2092, 0.1807, 0.2242, 0.1929, 0.1929",0.755245566368103
1,system usability scale,,0.0558636449277401,"0.2312, 0.2324, 0.2126, 0.1619, 0.1619",0.5359116196632385
1,ux design,,0.07868829369544983,"0.2220, 0.2167, 0.1871, 0.1871, 0.1871",0.7001894414424896
1,memory search,,0.44002094864845276,"0.1689, 0.2182, 0.2043, 0.2043, 0.2043",0.649963766336441
1,software application,,0.4385419487953186,"0.1509, 0.2355, 0.2045, 0.2045, 0.2045",0.5811133980751038
1,code development,,0.18154403567314148,"0.2291, 0.2221, 0.1829, 0.1829, 0.1829",0.6626313924789429
1,traditional convolutional layers,,0.25223955512046814,"0.2420, 0.1983, 0.1656, 0.1971, 0.1971",0.8846034035086632
1,optimizing compiler,,0.4639955163002014,"0.2175, 0.1721, 0.2035, 0.2035, 0.2035",0.6958943605422974
1,discrete mathematics,,0.4300156533718109,"0.1930, 0.1854, 0.2072, 0.2072, 0.2072",0.7996708154678345
1,combinatorial optimization,,0.4840499758720398,"0.1830, 0.1742, 0.2143, 0.2143, 0.2143",0.7854668200016022
1,computer science fields,,0.39869096875190735,"0.2112, 0.1963, 0.2152, 0.1887, 0.1887",0.0830923318862915
1,extensible text framework,,0.30155545473098755,"0.2209, 0.2143, 0.2300, 0.1674, 0.1674",0.8290981501340866
1,topological quantum computer,,0.4588739573955536,"0.2100, 0.1614, 0.1701, 0.2293, 0.2293",0.646047830581665
1,lightweight software,,0.2629152536392212,"0.2132, 0.1876, 0.1997, 0.1997, 0.1997",0.5747280120849609
1,copyright investigation,,0.17493577301502228,"0.2122, 0.1650, 0.2076, 0.2076, 0.2076",0.736201286315918
1,ipv6 address pool,,0.21404853463172913,"0.2200, 0.2090, 0.2192, 0.1759, 0.1759",0.9461366422474384
1,document pattern,,0.34620410203933716,"0.2302, 0.2015, 0.1894, 0.1894, 0.1894",0.8240067660808563
1,ordered sets,,0.404534250497818,"0.2000, 0.2220, 0.1927, 0.1927, 0.1927",0.9921404169872403
1,graph exploration,,0.4078808128833771,"0.1918, 0.2237, 0.1948, 0.1948, 0.1948",0.6571864783763885
1,processing power,,0.41042202711105347,"0.1870, 0.1941, 0.2063, 0.2063, 0.2063",0.5336702764034271
1,euclidean space,,0.26913195848464966,"0.2154, 0.2070, 0.1925, 0.1925, 0.1925",0.9296770170331001
1,bio-inspired computing,,0.24621695280075073,"0.1698, 0.1985, 0.2106, 0.2106, 0.2106",0.4462280869483948
1,application design,,0.15554049611091614,"0.2235, 0.2312, 0.1817, 0.1817, 0.1817",0.617748886346817
1,comparison sort,,0.17454320192337036,"0.1869, 0.1349, 0.2261, 0.2261, 0.2261",0.7995222955942154
1,ecb mode,,0.11471211910247803,"0.2108, 0.1999, 0.1964, 0.1964, 0.1964",0.8324100524187088
1,user interface design,,0.1957976520061493,"0.2346, 0.2357, 0.2382, 0.1457, 0.1457",0.6930996477603912
1,linear frequency,,0.36388570070266724,"0.1992, 0.1811, 0.2066, 0.2066, 0.2066",0.8565215766429901
1,pseudorandom number generators,,0.3910229206085205,"0.2284, 0.2153, 0.1731, 0.1916, 0.1916",0.8063062578439713
1,strategy pattern,,0.3874800205230713,"0.1877, 0.2071, 0.2017, 0.2017, 0.2017",0.7582177072763443
1,dirichlet process,,0.43541210889816284,"0.1907, 0.2147, 0.1982, 0.1982, 0.1982",0.8978263363242149
1,database indexing technique,,0.46781980991363525,"0.2087, 0.2251, 0.2308, 0.1677, 0.1677",0.7987045496702194
1,program text,,0.34221845865249634,"0.1878, 0.2383, 0.1913, 0.1913, 0.1913",0.6495512425899506
1,applied mathematics,,0.2202099859714508,"0.2352, 0.2112, 0.1845, 0.1845, 0.1845",0.7854233086109161
1,known classes,,0.1240837424993515,"0.1948, 0.2327, 0.1908, 0.1908, 0.1908",0.8006155639886856
1,virtual machine component,,0.49376291036605835,"0.2371, 0.1772, 0.2370, 0.1743, 0.1743",0.6302196681499481
1,lazy learning systems,,0.4840628504753113,"0.2159, 0.1974, 0.2136, 0.1866, 0.1866",0.6600798964500427
1,quantum graph states,,0.49793174862861633,"0.2021, 0.1610, 0.1791, 0.2289, 0.2289",0.8012595623731613
1,linked list,,0.46310216188430786,"0.1682, 0.2434, 0.1961, 0.1961, 0.1961",0.9486110620200634
1,random projection,,0.4488452672958374,"0.1806, 0.1896, 0.2099, 0.2099, 0.2099",0.835306242108345
1,web applications,,0.25344404578208923,"0.2073, 0.2324, 0.1868, 0.1868, 0.1868",0.5122961699962616
1,python package,,0.19703945517539978,"0.1990, 0.2319, 0.1897, 0.1897, 0.1897",0.9041204899549484
1,authentication mechanism,,0.4590165913105011,"0.1998, 0.1480, 0.2174, 0.2174, 0.2174",0.8157490938901901
1,virtual reality,,0.1411883682012558,"0.2462, 0.2216, 0.1774, 0.1774, 0.1774",0.689164936542511
1,software structure,,0.4317687153816223,"0.1677, 0.2075, 0.2083, 0.2083, 0.2083",0.49953824281692505
1,structured analysis,,0.4458625316619873,"0.2061, 0.2023, 0.1972, 0.1972, 0.1972",0.7226738929748535
1,computer security software,,0.4763726592063904,"0.2029, 0.1668, 0.1913, 0.2195, 0.2195",0.44663846492767334
1,random decision forests,,0.4835221767425537,"0.2328, 0.1790, 0.1455, 0.2213, 0.2213",0.7990788072347641
1,feature learning,,0.3417222201824188,"0.2100, 0.2308, 0.1864, 0.1864, 0.1864",0.7345084846019745
1,affective computing,,0.29177314043045044,"0.1835, 0.2254, 0.1970, 0.1970, 0.1970",0.5247583091259003
1,training time,,0.1587108075618744,"0.2089, 0.1906, 0.2002, 0.2002, 0.2002",0.7606039345264435
1,3d user interaction system,,0.36436575651168823,"0.2405, 0.2367, 0.2088, 0.2270, 0.0871",0.6586925089359283
1,user interface,,0.26395049691200256,"0.2297, 0.2352, 0.1784, 0.1784, 0.1784",0.7027232050895691
