IfCS,Phrase,Correct,Probablity,Attention,Distance
1,motion graphics design,,0.1930854618549347,"0.2482, 0.2262, 0.0344, 0.2456, 0.2456",0.7804621607065201
1,soft decision viterbi decoders,,0.4884486496448517,"0.2138, 0.1028, 0.2322, 0.2101, 0.2410",0.8396105170249939
1,integrated computational materials engineering,,0.0,"0.2399, 0.2344, 0.2336, 0.0440, 0.2481",0.6207565665245056
1,priority queue based data structure,,0.4281158745288849,"0.2456, 0.2433, 0.1378, 0.1282, 0.2450",0.7958555370569229
1,optimality problem,,0.3557114601135254,"0.2017, 0.1801, 0.2061, 0.2061, 0.2061",0.9288315325975418
1,mathematical constructors,,0.0,"0.2373, 0.0710, 0.2306, 0.2306, 0.2306",0.8377158492803574
1,mathematical formula,,0.4134969413280487,"0.2185, 0.0757, 0.2353, 0.2353, 0.2353",0.8811877220869064
1,neighbouring vertices,,0.3693326413631439,"0.2138, 0.1413, 0.2150, 0.2150, 0.2150",0.9874864621087909
1,graphic design,,0.3418033719062805,"0.1996, 0.0760, 0.2415, 0.2415, 0.2415",0.6910324394702911
1,exponential convergence,,0.4730757772922516,"0.2186, 0.1621, 0.2064, 0.2064, 0.2064",0.8830647245049477
1,knowledge engineering,,0.2885020673274994,"0.0701, 0.1830, 0.2490, 0.2490, 0.2490",0.4996300935745239
1,sibling calls,,0.3761686384677887,"0.2251, 0.0598, 0.2384, 0.2384, 0.2384",0.9663575440645218
1,thus trees,,0.05712713673710823,"0.0199, 0.2340, 0.2487, 0.2487, 0.2487",0.8087240606546402
1,intelligent agent paradigm,,0.0,"0.2431, 0.2403, 0.0174, 0.2496, 0.2496",0.7653694301843643
1,labeled training data,,0.3899190425872803,"0.2154, 0.2080, 0.0787, 0.2490, 0.2490",0.6696979999542236
1,autonomous operation,,0.3891083598136902,"0.2280, 0.0272, 0.2483, 0.2483, 0.2483",0.759742945432663
1,maximum-margin hyperplane,,0.10847866535186768,"0.2398, 0.2450, 0.1718, 0.1718, 0.1718",0.8674881011247635
1,multilevel sampling system,,0.4554131031036377,"0.2435, 0.1716, 0.0891, 0.2478, 0.2478",0.8446784466505051
1,entanglement measurement,,0.4606712758541107,"0.1519, 0.1661, 0.2273, 0.2273, 0.2273",0.7856602370738983
1,fp discovery,,0.3317968249320984,"0.2167, 0.0373, 0.2487, 0.2487, 0.2487",0.6086243987083435
1,moravec's paradox,,0.23527830839157104,"0.1331, 0.1913, 0.2252, 0.2252, 0.2252",0.8771516233682632
1,state space,,0.3233518898487091,"0.1014, 0.2147, 0.2279, 0.2279, 0.2279",0.7531171441078186
1,finite element methods,,0.316769540309906,"0.2442, 0.2420, 0.0570, 0.2284, 0.2284",0.8570204824209213
1,synthetic consciousness,,0.4860701560974121,"0.1979, 0.0706, 0.2438, 0.2438, 0.2438",0.8060187995433807
1,row vectors,,0.41472744941711426,"0.1883, 0.2369, 0.1916, 0.1916, 0.1916",0.9560557082295418
1,association rule learning,,0.39392995834350586,"0.2069, 0.2369, 0.0591, 0.2486, 0.2486",0.8228544294834137
1,runtime efficiency,,0.4865436255931854,"0.1234, 0.2022, 0.2248, 0.2248, 0.2248",0.705394059419632
1,streaming media,,0.0,"0.2139, 0.0485, 0.2459, 0.2459, 0.2459",0.7728746384382248
1,graphics system,,0.3959588408470154,"0.2243, 0.0384, 0.2458, 0.2458, 0.2458",0.5988883972167969
1,clock cycle,,0.0,"0.2396, 0.0489, 0.2372, 0.2372, 0.2372",0.8425365537405014
1,prune and search,,0.0,"0.2478, 0.1020, 0.1509, 0.2497, 0.2497",0.8484828323125839
1,3d coordinate system,,0.4244838058948517,"0.2456, 0.2431, 0.0190, 0.2461, 0.2461",0.8280156403779984
1,caesar shift,,0.3867461085319519,"0.2102, 0.1273, 0.2208, 0.2208, 0.2208",0.9978640698827803
1,knowledge base,,0.43899568915367126,"0.0093, 0.2433, 0.2492, 0.2492, 0.2492",0.6105843782424927
1,programming paradigm,,0.3560105264186859,"0.2295, 0.0222, 0.2494, 0.2494, 0.2494",0.5615545213222504
1,signal generation,,0.25999513268470764,"0.1797, 0.0771, 0.2478, 0.2478, 0.2478",0.7332592308521271
1,bernstein basis polynomials,,0.13128499686717987,"0.1848, 0.0967, 0.2215, 0.2485, 0.2485",0.9359798952937126
1,ordered sets,,0.24638456106185913,"0.1185, 0.1833, 0.2327, 0.2327, 0.2327",0.9921404169872403
1,abstract state machines,,0.4146885275840759,"0.2357, 0.2164, 0.0550, 0.2464, 0.2464",0.5920303165912628
1,random projection,,0.40001997351646423,"0.2200, 0.1438, 0.2121, 0.2121, 0.2121",0.835306242108345
1,finite state machines,,0.4035361111164093,"0.2470, 0.2216, 0.0550, 0.2382, 0.2382",0.6596214473247528
1,information interchange,,0.13667826354503632,"0.1393, 0.1167, 0.2480, 0.2480, 0.2480",0.5940670967102051
1,information technology systems design,,0.0,"0.2029, 0.1851, 0.1971, 0.1653, 0.2495",0.4016190767288208
1,reasoning system,,0.49980565905570984,"0.1328, 0.1225, 0.2482, 0.2482, 0.2482",0.6635012924671173
1,information technology,,0.3585703670978546,"0.1286, 0.1251, 0.2488, 0.2488, 0.2488",0.3491266965866089
1,local minima,,0.25910791754722595,"0.1545, 0.1473, 0.2327, 0.2327, 0.2327",0.9134656116366386
1,mean shift algorithm,,0.2677648663520813,"0.0964, 0.2323, 0.1723, 0.2495, 0.2495",0.852159857749939
1,taxonomic databases,,0.3985366225242615,"0.1123, 0.1565, 0.2437, 0.2437, 0.2437",0.8146419376134872
1,max-flow min-cut theorem,,0.4446045756340027,"0.2287, 0.2223, 0.2061, 0.1714, 0.1714",0.9810319915413857
1,hardware technologies,,0.2345588505268097,"0.1985, 0.0875, 0.2380, 0.2380, 0.2380",0.4611091613769531
1,distributed key generation,,0.2965954840183258,"0.2302, 0.2045, 0.0684, 0.2484, 0.2484",0.7583089619874954
1,reverse lookup,,0.4044433832168579,"0.2148, 0.0413, 0.2480, 0.2480, 0.2480",0.790969967842102
1,compute arithmetic operations,,0.18173249065876007,"0.2268, 0.2256, 0.0494, 0.2491, 0.2491",0.7825499176979065
1,spatial multiplexing,,0.21762163937091827,"0.2319, 0.0960, 0.2240, 0.2240, 0.2240",0.8946071267127991
1,iterative refinement,,0.19342562556266785,"0.2066, 0.1155, 0.2260, 0.2260, 0.2260",0.7224308848381042
1,portable distributed objects,,0.012807894498109818,"0.2375, 0.1538, 0.1537, 0.2275, 0.2275",0.6971624791622162
1,dimensional generalization,,0.3473532795906067,"0.2406, 0.1205, 0.2130, 0.2130, 0.2130",0.8243590891361237
1,operating system,,0.33891215920448303,"0.1158, 0.1437, 0.2468, 0.2468, 0.2468",0.6549340486526489
1,empty set,,0.43566572666168213,"0.1415, 0.1515, 0.2356, 0.2356, 0.2356",0.9781188387423754
1,bio-inspired computing,,0.26532429456710815,"0.1360, 0.1156, 0.2495, 0.2495, 0.2495",0.4462280869483948
1,source programs,,0.22034206986427307,"0.1430, 0.1145, 0.2475, 0.2475, 0.2475",0.5901553928852081
1,statistical mechanics,,0.28632888197898865,"0.1776, 0.2295, 0.1976, 0.1976, 0.1976",0.7010880410671234
1,problem space,,0.48969656229019165,"0.1200, 0.2147, 0.2217, 0.2217, 0.2217",0.8664679676294327
1,creational pattern,,0.3917350172996521,"0.1416, 0.1286, 0.2432, 0.2432, 0.2432",0.8603224158287048
1,analog-to-digital converter,,0.25793567299842834,"0.1409, 0.1501, 0.2363, 0.2363, 0.2363",0.7259377837181091
1,ocaml languages,,0.33802923560142517,"0.1313, 0.1974, 0.2238, 0.2238, 0.2238",0.7901014983654022
1,copyright investigation,,0.07011068612337112,"0.2141, 0.0462, 0.2466, 0.2466, 0.2466",0.736201286315918
1,dynamic prefetched arrays,,0.42295902967453003,"0.2379, 0.1216, 0.1485, 0.2460, 0.2460",0.9397157058119774
1,empirical eigenfunction,,0.2918637692928314,"0.0758, 0.2015, 0.2409, 0.2409, 0.2409",0.7836684733629227
1,image file formats,,0.2545543909072876,"0.1636, 0.1253, 0.2202, 0.2455, 0.2455",0.885007306933403
1,decision model and notation,,0.0,"0.2267, 0.2247, 0.0570, 0.2419, 0.2496",0.7687023133039474
1,primitive data types,,0.4381795823574066,"0.2430, 0.0838, 0.1783, 0.2475, 0.2475",0.7041106224060059
1,global solutions,,0.01760624349117279,"0.2084, 0.0916, 0.2333, 0.2333, 0.2333",0.849904865026474
1,code development,,0.43221428990364075,"0.2108, 0.0468, 0.2475, 0.2475, 0.2475",0.6626313924789429
1,right stochastic matrix,,0.0,"0.0449, 0.2315, 0.2300, 0.2468, 0.2468",0.9149327576160431
1,model predictive control,,0.46342307329177856,"0.1855, 0.1124, 0.2055, 0.2483, 0.2483",0.8141402155160904
1,probability distribution,,0.4846746027469635,"0.2268, 0.1527, 0.2068, 0.2068, 0.2068",0.7930191308259964
1,arnoldi iteration,,0.29695671796798706,"0.1687, 0.1172, 0.2380, 0.2380, 0.2380",0.7422253489494324
1,normalized entropy,,0.27587395906448364,"0.1991, 0.2194, 0.1938, 0.1938, 0.1938",0.8518246412277222
1,octave scripting language,,0.47045332193374634,"0.2265, 0.1822, 0.1348, 0.2282, 0.2282",0.8015561699867249
1,statistical properties,,0.2919222414493561,"0.1807, 0.2330, 0.1955, 0.1955, 0.1955",0.777836486697197
1,fully connected layers,,0.4675462245941162,"0.1546, 0.1684, 0.2316, 0.2227, 0.2227",0.9060674831271172
1,classic ad hoc,,0.0,"0.2227, 0.1627, 0.1261, 0.2443, 0.2443",0.8764177709817886
1,buffer overflowsruntime error detection tools,,0.24775847792625427,"0.2470, 0.2451, 0.2318, 0.1553, 0.1208",0.8233829587697983
1,abstract algebra,,0.483185350894928,"0.1476, 0.1806, 0.2239, 0.2239, 0.2239",0.9364504441618919
1,significant digits,,0.0,"0.1551, 0.2455, 0.1998, 0.1998, 0.1998",0.883368730545044
1,gaming systems,,0.24976620078086853,"0.2058, 0.0782, 0.2387, 0.2387, 0.2387",0.56203892827034
1,scientific method,,0.33657294511795044,"0.1745, 0.0848, 0.2469, 0.2469, 0.2469",0.5512943863868713
1,gibbs sampling,,0.27337655425071716,"0.1127, 0.1495, 0.2460, 0.2460, 0.2460",0.8819533511996269
1,mathematical analysis,,0.492350697517395,"0.2323, 0.0300, 0.2459, 0.2459, 0.2459",0.6751924455165863
1,original data,,0.21495923399925232,"0.1308, 0.1224, 0.2489, 0.2489, 0.2489",0.7252703905105591
1,ordered tree,,0.41062575578689575,"0.0854, 0.1941, 0.2402, 0.2402, 0.2402",0.843391939997673
1,uninitialized pointer,,0.12389920651912689,"0.1371, 0.2233, 0.2132, 0.2132, 0.2132",0.8260513097047806
1,local minimum,,0.13953590393066406,"0.1316, 0.2349, 0.2112, 0.2112, 0.2112",0.9740478340536356
1,functional arguments,,0.39337801933288574,"0.1005, 0.2074, 0.2307, 0.2307, 0.2307",0.9451535530388355
1,first order logic,,0.0,"0.0930, 0.2171, 0.1920, 0.2490, 0.2490",0.774570569396019
1,time complexity,,0.2289379984140396,"0.1971, 0.2337, 0.1898, 0.1898, 0.1898",0.730131208896637
1,artificial consciousness,,0.4814041256904602,"0.1629, 0.0953, 0.2473, 0.2473, 0.2473",0.7607933133840561
1,singleton pattern,,0.4775370955467224,"0.2053, 0.1137, 0.2270, 0.2270, 0.2270",0.9980960543034598
1,kolmogorov complexity,,0.33348268270492554,"0.1503, 0.2316, 0.2060, 0.2060, 0.2060",0.8091328740119934
1,adaptive equalizers,,0.2773085832595825,"0.1872, 0.1230, 0.2299, 0.2299, 0.2299",0.844571590423584
1,design problem,,0.3508899509906769,"0.1158, 0.1763, 0.2360, 0.2360, 0.2360",0.727954775094986
1,unrolled linked list,,0.008876565843820572,"0.2357, 0.1826, 0.0867, 0.2475, 0.2475",0.9744721055030823
1,comparison sorts,,0.0,"0.0537, 0.2030, 0.2478, 0.2478, 0.2478",0.8168824464082718
1,euclidean distance,,0.31537675857543945,"0.2104, 0.2397, 0.1833, 0.1833, 0.1833",0.9338096603751183
1,desktop environment,,0.34800195693969727,"0.1896, 0.0907, 0.2399, 0.2399, 0.2399",0.6908991038799286
1,exception handling,,0.20059853792190552,"0.1842, 0.0829, 0.2443, 0.2443, 0.2443",0.9935449217446148
1,noise ratio,,0.36062753200531006,"0.1565, 0.2241, 0.2065, 0.2065, 0.2065",0.8262764513492584
1,clique trees,,0.39371776580810547,"0.2030, 0.1428, 0.2181, 0.2181, 0.2181",0.9817282110452652
1,multivariate normal distributions,,0.4211809039115906,"0.1166, 0.2139, 0.2157, 0.2269, 0.2269",0.9967619027011096
1,objective function,,0.38888734579086304,"0.1610, 0.1032, 0.2453, 0.2453, 0.2453",0.8948633074760437
1,joint density matrix,,0.41125786304473877,"0.1782, 0.2457, 0.2087, 0.1837, 0.1837",0.9427706561982632
1,file overwrites,,0.3074496388435364,"0.1473, 0.1407, 0.2373, 0.2373, 0.2373",0.9004263579845428
1,linear combination,,0.42735525965690613,"0.2162, 0.0572, 0.2422, 0.2422, 0.2422",0.8603199869394302
1,n log n comparisons,,0.0,"0.2398, 0.2163, 0.1852, 0.1089, 0.2498",0.7884631007909775
1,probabilistic tests,,0.29156333208084106,"0.2237, 0.0466, 0.2432, 0.2432, 0.2432",0.7695007920265198
1,euclidean division,,0.412834107875824,"0.2094, 0.1892, 0.2005, 0.2005, 0.2005",0.8991698175668716
1,numerical operations,,0.2099238932132721,"0.2460, 0.0434, 0.2369, 0.2369, 0.2369",0.8578810542821884
1,join trees,,0.39617180824279785,"0.0271, 0.2311, 0.2473, 0.2473, 0.2473",0.9061179906129837
1,memory sharing,,0.3867921233177185,"0.2285, 0.0350, 0.2455, 0.2455, 0.2455",0.7214422821998596
1,algebraic theories,,0.38367635011672974,"0.2380, 0.0559, 0.2353, 0.2353, 0.2353",0.8604201078414917
1,distance metric,,0.06103610619902611,"0.2453, 0.2484, 0.1688, 0.1688, 0.1688",0.8998579457402229
1,object-oriented design,,0.34335875511169434,"0.2215, 0.0693, 0.2364, 0.2364, 0.2364",0.6789301037788391
1,ux design,,0.39131832122802734,"0.1553, 0.1188, 0.2420, 0.2420, 0.2420",0.7001894414424896
1,random vectors,,0.18291160464286804,"0.2306, 0.2136, 0.1853, 0.1853, 0.1853",0.88471370190382
1,audit trail records,,0.4710737466812134,"0.1083, 0.2111, 0.1862, 0.2472, 0.2472",0.84254589676857
1,adjacency list,,0.14256034791469574,"0.2064, 0.0677, 0.2420, 0.2420, 0.2420",0.8822083249688148
1,left stochastic matrix,,0.0,"0.0639, 0.2277, 0.2213, 0.2436, 0.2436",0.9203634634613991
1,spatiotemporal pattern,,0.44404733180999756,"0.1383, 0.1575, 0.2347, 0.2347, 0.2347",0.9038861840963364
1,pooling layers,,0.2615680992603302,"0.2089, 0.2052, 0.1953, 0.1953, 0.1953",0.8835524395108223
1,highly correlated,,0.08881978690624237,"0.2048, 0.1885, 0.2022, 0.2022, 0.2022",0.8412651419639587
1,known classes,,0.0,"0.0349, 0.2341, 0.2437, 0.2437, 0.2437",0.8006155639886856
1,support vector machines,,0.39064913988113403,"0.2410, 0.2483, 0.0316, 0.2396, 0.2396",0.6459673047065735
1,boosting methods,,0.4435594379901886,"0.1666, 0.1125, 0.2403, 0.2403, 0.2403",0.7757885605096817
1,modern decision theory,,0.33075380325317383,"0.2233, 0.0787, 0.2102, 0.2439, 0.2439",0.8022914379835129
1,modal interpretations,,0.43117886781692505,"0.2328, 0.0469, 0.2401, 0.2401, 0.2401",0.907476082444191
1,independent variable,,0.4055192470550537,"0.1622, 0.1387, 0.2330, 0.2330, 0.2330",0.8700185865163803
1,ogee curve,,0.40122362971305847,"0.1136, 0.1993, 0.2290, 0.2290, 0.2290",0.8727125525474548
1,attention mechanisms,,0.14356935024261475,"0.0524, 0.2103, 0.2458, 0.2458, 0.2458",0.8469385206699371
1,input sentence,,0.2838614583015442,"0.1613, 0.1163, 0.2408, 0.2408, 0.2408",0.9321343824267387
1,hurwitz stable,,0.1823640614748001,"0.1467, 0.2257, 0.2092, 0.2092, 0.2092",0.9395585991442204
1,amdahl's law,,0.05668013542890549,"0.2329, 0.2363, 0.1770, 0.1770, 0.1770",0.9632447473704815
1,rayleigh quotient,,0.41578617691993713,"0.1708, 0.1046, 0.2415, 0.2415, 0.2415",0.9504997543990612
1,immutable objects,,0.0840248167514801,"0.2260, 0.1473, 0.2089, 0.2089, 0.2089",0.8569586277008057
1,Infinite-dimensional optimization,,0.46935200691223145,"0.2447, 0.1468, 0.2028, 0.2028, 0.2028",0.8657674938440323
1,hybrid merge sort,,0.2245195209980011,"0.2096, 0.0893, 0.2106, 0.2452, 0.2452",0.8225346207618713
1,bernstein polynomial,,0.16545464098453522,"0.0608, 0.2026, 0.2455, 0.2455, 0.2455",0.8610323965549469
1,applied mathematics,,0.1314801722764969,"0.0853, 0.1974, 0.2391, 0.2391, 0.2391",0.7854233086109161
1,revision control software,,0.4911038875579834,"0.2111, 0.2220, 0.0691, 0.2489, 0.2489",0.7075917422771454
1,temporal coupling,,0.20616528391838074,"0.1554, 0.2018, 0.2143, 0.2143, 0.2143",0.8897521942853928
1,nonorthogonal problems,,0.24867071211338043,"0.1760, 0.1545, 0.2232, 0.2232, 0.2232",0.877798967063427
1,reasoning systems,,0.46581441164016724,"0.1277, 0.1307, 0.2472, 0.2472, 0.2472",0.6759337782859802
1,parsimonious reductions,,0.4748218059539795,"0.1118, 0.2031, 0.2284, 0.2284, 0.2284",0.8886450976133347
1,dimensional space,,0.2912959158420563,"0.2303, 0.2037, 0.1887, 0.1887, 0.1887",0.9139092266559601
1,temporal sequence,,0.43837860226631165,"0.1741, 0.1149, 0.2370, 0.2370, 0.2370",0.8436400443315506
1,priority queues,,0.23426824808120728,"0.1672, 0.1853, 0.2158, 0.2158, 0.2158",0.9151100441813469
1,computer architecture courses,,0.3535667657852173,"0.1887, 0.2089, 0.1092, 0.2466, 0.2466",0.3830590844154358
1,polymorphic association,,0.20706303417682648,"0.2344, 0.0243, 0.2471, 0.2471, 0.2471",0.8495725393295288
1,combinatorial explosion,,0.3991391062736511,"0.1372, 0.2009, 0.2206, 0.2206, 0.2206",0.7722115814685822
1,classification tasks,,0.4405825734138489,"0.1770, 0.0814, 0.2472, 0.2472, 0.2472",0.6331250071525574
1,speech tagging,,0.4233446717262268,"0.1624, 0.2046, 0.2110, 0.2110, 0.2110",0.9766284786164761
1,identity matrix,,0.3780112862586975,"0.0485, 0.2130, 0.2462, 0.2462, 0.2462",0.9187984019517899
1,monic polynomials,,0.2609725296497345,"0.0801, 0.1967, 0.2411, 0.2411, 0.2411",0.9013306051492691
1,vague set,,0.23763996362686157,"0.1049, 0.1617, 0.2445, 0.2445, 0.2445",0.9108179584145546
1,training set,,0.04887855425477028,"0.2011, 0.0745, 0.2415, 0.2415, 0.2415",0.765800416469574
1,parallel solution,,0.42427587509155273,"0.2279, 0.0551, 0.2390, 0.2390, 0.2390",0.7928523123264313
1,sample space,,0.4270969331264496,"0.0303, 0.2371, 0.2442, 0.2442, 0.2442",0.7812630832195282
1,computer algebra systems,,0.22157199680805206,"0.2203, 0.2337, 0.0498, 0.2480, 0.2480",0.5437768399715424
1,probability distributions,,0.4164391756057739,"0.2277, 0.1653, 0.2023, 0.2023, 0.2023",0.8049749284982681
1,electronic signature,,0.41984179615974426,"0.1995, 0.0858, 0.2382, 0.2382, 0.2382",0.6980462968349457
1,3d user interaction systems,,0.3750518262386322,"0.2468, 0.1434, 0.1972, 0.1635, 0.2492",0.6604018211364746
1,machine learning tasks,,0.28694456815719604,"0.2445, 0.1667, 0.0892, 0.2498, 0.2498",0.5842825472354889
1,conjunctive normal form,,0.44701898097991943,"0.2408, 0.2400, 0.0532, 0.2330, 0.2330",0.9700084682554007
1,main stack register,,0.27375710010528564,"0.1221, 0.1911, 0.1985, 0.2441, 0.2441",0.8243567496538162
1,helmholtz machines,,0.4790882170200348,"0.2300, 0.0444, 0.2419, 0.2419, 0.2419",0.7012511193752289
1,randomized meldable priority queue,,0.3285823464393616,"0.2414, 0.1435, 0.1771, 0.1924, 0.2456",0.8670157343149185
1,conceptual design discipline,,0.012027855962514877,"0.1298, 0.1548, 0.2231, 0.2462, 0.2462",0.7273746728897095
1,red hat virtualization,,0.3502300977706909,"0.2204, 0.1963, 0.0931, 0.2451, 0.2451",0.7414621710777283
1,distributed object communication,,0.4101967215538025,"0.2235, 0.1830, 0.1011, 0.2462, 0.2462",0.7494012117385864
1,physical memory,,0.22588296234607697,"0.2407, 0.1705, 0.1963, 0.1963, 0.1963",0.688784271478653
1,single nearest neighbor,,0.2526514232158661,"0.1575, 0.2147, 0.2271, 0.2003, 0.2003",0.9384680390357971
1,method call,,0.41603124141693115,"0.1916, 0.0619, 0.2488, 0.2488, 0.2488",0.8738499134778976
1,term complex data type,,0.19833660125732422,"0.2109, 0.2415, 0.1153, 0.1829, 0.2493",0.6791803240776062
1,common language runtime,,0.13527671992778778,"0.1520, 0.2112, 0.1547, 0.2411, 0.2411",0.6804075241088867
1,orthogonal decomposition methods,,0.46029752492904663,"0.2477, 0.2258, 0.0319, 0.2473, 0.2473",0.9230520948767662
1,priority queue,,0.32668009400367737,"0.1583, 0.1762, 0.2218, 0.2218, 0.2218",0.936382569372654
1,bonferroni testing,,0.27621856331825256,"0.1693, 0.1024, 0.2428, 0.2428, 0.2428",0.7537525743246078
1,user experience design,,0.0,"0.1957, 0.1222, 0.1849, 0.2486, 0.2486",0.7024873197078705
1,grading sentiment analysis,,0.4718678593635559,"0.2368, 0.0729, 0.1927, 0.2488, 0.2488",0.8379699289798737
1,maximum likelihood,,0.22780077159404755,"0.2449, 0.1987, 0.1855, 0.1855, 0.1855",0.8571568429470062
1,first-order reduction,,0.27863308787345886,"0.0666, 0.2071, 0.2421, 0.2421, 0.2421",0.78818279504776
1,information science,,0.3656923174858093,"0.0650, 0.1918, 0.2477, 0.2477, 0.2477",0.31508147716522217
1,raspberry pi,,0.4750724732875824,"0.0813, 0.1936, 0.2417, 0.2417, 0.2417",0.8317938297986984
1,resizable array,,0.33240991830825806,"0.2311, 0.1537, 0.2050, 0.2050, 0.2050",0.9587380066514015
1,statistical model comparison,,0.2656078040599823,"0.2373, 0.1906, 0.0738, 0.2492, 0.2492",0.7282761633396149
1,bitwise operations,,0.47332698106765747,"0.1851, 0.0844, 0.2435, 0.2435, 0.2435",0.8663259744644165
1,spanning trees,,0.4406434893608093,"0.2280, 0.1482, 0.2079, 0.2079, 0.2079",0.8534546345472336
1,artificial systems,,0.4581720232963562,"0.1509, 0.1084, 0.2469, 0.2469, 0.2469",0.5958646833896637
1,loop body,,0.36702561378479004,"0.2222, 0.0701, 0.2359, 0.2359, 0.2359",0.8740115910768509
1,pool-based sampling,,0.4085198640823364,"0.2163, 0.0787, 0.2350, 0.2350, 0.2350",0.8089337795972824
1,multi layer perceptron,,0.41968652606010437,"0.1836, 0.1801, 0.1997, 0.2183, 0.2183",0.8408875316381454
1,intelligent agents,,0.3601129651069641,"0.1565, 0.1120, 0.2438, 0.2438, 0.2438",0.7135713696479797
1,lookup tables,,0.347629189491272,"0.0412, 0.2154, 0.2478, 0.2478, 0.2478",0.8126737475395203
1,visual objects,,0.35538119077682495,"0.1125, 0.1653, 0.2407, 0.2407, 0.2407",0.6785833537578583
1,advanced encryption standard,,0.4443371593952179,"0.1461, 0.1555, 0.2211, 0.2387, 0.2387",0.790719747543335
1,flowers method,,0.38444703817367554,"0.2079, 0.0615, 0.2435, 0.2435, 0.2435",0.9956754818558693
1,information technology methods,,0.18982726335525513,"0.1793, 0.1650, 0.1568, 0.2494, 0.2494",0.3957527279853821
1,functional presence engine,,0.4580830931663513,"0.1904, 0.0932, 0.2211, 0.2477, 0.2477",0.6589422225952148
1,hamming distance,,0.4416923224925995,"0.1359, 0.2429, 0.2071, 0.2071, 0.2071",0.8256139308214188
1,doubly linked list,,0.0,"0.1367, 0.1999, 0.1666, 0.2484, 0.2484",0.9638472497463226
1,physical qualities,,0.0,"0.2409, 0.2035, 0.1852, 0.1852, 0.1852",0.8741080313920975
1,data set,,0.44149255752563477,"0.1255, 0.1325, 0.2473, 0.2473, 0.2473",0.8302494436502457
1,mobile ad hoc networks,,0.10541653633117676,"0.2473, 0.2177, 0.1843, 0.1014, 0.2494",0.9392801150679588
1,side channel attack,,0.16575045883655548,"0.1598, 0.1927, 0.1688, 0.2394, 0.2394",0.8785629495978355
1,implementation language,,0.4101330041885376,"0.0906, 0.1749, 0.2448, 0.2448, 0.2448",0.6731508672237396
1,support vectors,,0.23343411087989807,"0.2067, 0.2415, 0.1839, 0.1839, 0.1839",0.8651872128248215
1,single core processors,,0.3119722306728363,"0.1502, 0.1566, 0.2142, 0.2395, 0.2395",0.7317091226577759
1,advanced computing environment,,0.401557594537735,"0.2375, 0.1185, 0.1449, 0.2495, 0.2495",0.41381555795669556
1,meldable heap implementation,,0.42321884632110596,"0.2383, 0.2227, 0.0411, 0.2489, 0.2489",0.806744709610939
1,sorting lists,,0.24596171081066132,"0.1395, 0.1389, 0.2405, 0.2405, 0.2405",0.8816601857542992
1,business analysis,,0.4314539432525635,"0.1034, 0.1496, 0.2490, 0.2490, 0.2490",0.6603339314460754
1,real numbers,,0.26330211758613586,"0.1147, 0.2180, 0.2224, 0.2224, 0.2224",0.8802508264780045
1,lookahead carry unit,,0.2620318531990051,"0.0437, 0.2411, 0.2467, 0.2342, 0.2342",0.8250225782394409
1,cholesky factor,,0.29988133907318115,"0.1904, 0.0999, 0.2366, 0.2366, 0.2366",0.933092400431633
1,decimal computers,,0.4682672917842865,"0.2319, 0.0389, 0.2431, 0.2431, 0.2431",0.5522959530353546
1,fast fourier transform,,0.3754695653915405,"0.2473, 0.2054, 0.0638, 0.2417, 0.2417",0.7910659462213516
1,strategy pattern,,0.444318562746048,"0.1598, 0.1308, 0.2365, 0.2365, 0.2365",0.7582177072763443
1,quantum mechanics,,0.08115127682685852,"0.2366, 0.2151, 0.1828, 0.1828, 0.1828",0.7883282005786896
1,general-purpose language,,0.335962176322937,"0.1748, 0.1529, 0.2241, 0.2241, 0.2241",0.705463320016861
1,artificial intelligent agents,,0.4213307499885559,"0.2127, 0.1631, 0.1264, 0.2489, 0.2489",0.6924784481525421
1,fitts's law,,0.05258572846651077,"0.1716, 0.2374, 0.1970, 0.1970, 0.1970",0.920041449368
1,plane sweep,,0.3459053337574005,"0.1984, 0.1536, 0.2160, 0.2160, 0.2160",0.877670057117939
1,reduction systems,,0.34808605909347534,"0.1773, 0.1228, 0.2333, 0.2333, 0.2333",0.7506159991025925
1,operating systems,,0.3014219403266907,"0.1134, 0.1514, 0.2451, 0.2451, 0.2451",0.6041920185089111
1,logical expressions,,0.44076085090637207,"0.1842, 0.0746, 0.2471, 0.2471, 0.2471",0.9133126139640808
1,python package,,0.2818043529987335,"0.1729, 0.1028, 0.2414, 0.2414, 0.2414",0.9041204899549484
1,serial manipulator,,0.2871097922325134,"0.2251, 0.1708, 0.2014, 0.2014, 0.2014",0.8912106081843376
1,degree matrix,,0.41899073123931885,"0.1733, 0.1752, 0.2172, 0.2172, 0.2172",0.8466027975082397
1,spatiotemporal patterns,,0.4987962245941162,"0.1447, 0.1424, 0.2376, 0.2376, 0.2376",0.8950505703687668
1,sweep surface,,0.4497602581977844,"0.1423, 0.1516, 0.2353, 0.2353, 0.2353",0.8806829005479813
1,abstract data types,,0.32710352540016174,"0.2223, 0.0945, 0.1863, 0.2485, 0.2485",0.7687803506851196
1,state machines,,0.4641377925872803,"0.2199, 0.0547, 0.2418, 0.2418, 0.2418",0.5964223742485046
1,hadamard product,,0.26993876695632935,"0.2134, 0.0479, 0.2462, 0.2462, 0.2462",0.7573004364967346
1,nearest neighbor problem,,0.3186454176902771,"0.2158, 0.2253, 0.1276, 0.2156, 0.2156",0.9300123825669289
1,parent class,,0.32659751176834106,"0.1947, 0.1491, 0.2187, 0.2187, 0.2187",0.9378820955753326
1,computational resources,,0.4983532428741455,"0.1907, 0.0730, 0.2454, 0.2454, 0.2454",0.5229502618312836
1,incidence matrix,,0.0,"0.0573, 0.2239, 0.2396, 0.2396, 0.2396",0.9091937318444252
1,conditional dependence structure,,0.378288209438324,"0.1081, 0.1562, 0.2458, 0.2450, 0.2450",0.8827521055936813
1,medical imaging,,0.0,"0.0126, 0.2398, 0.2492, 0.2492, 0.2492",0.7719188630580902
1,decision rules,,0.4105488657951355,"0.0703, 0.2176, 0.2374, 0.2374, 0.2374",0.8873129114508629
1,decision making problems,,0.0,"0.2265, 0.0632, 0.2118, 0.2492, 0.2492",0.8387999385595322
1,numpy bindings,,0.36597740650177,"0.2150, 0.1519, 0.2110, 0.2110, 0.2110",0.927499920129776
1,optimal solution,,0.3665071725845337,"0.2168, 0.0825, 0.2336, 0.2336, 0.2336",0.883571170270443
1,joint density,,0.10104802250862122,"0.2191, 0.2479, 0.1777, 0.1777, 0.1777",0.9324682131409645
1,graphic representation,,0.487131267786026,"0.1571, 0.1453, 0.2325, 0.2325, 0.2325",0.7413485944271088
1,dma attacks,,0.4035117030143738,"0.1312, 0.1557, 0.2377, 0.2377, 0.2377",0.8683241456747055
1,algorithm design technique,,0.1536085307598114,"0.2329, 0.1775, 0.0913, 0.2491, 0.2491",0.679436057806015
1,spectral centroid,,0.39214739203453064,"0.2162, 0.2004, 0.1945, 0.1945, 0.1945",0.9738913774490356
1,scientific visualization,,0.3141382336616516,"0.1668, 0.0925, 0.2469, 0.2469, 0.2469",0.526837021112442
1,knowledge discovery,,0.21962696313858032,"0.1646, 0.0865, 0.2496, 0.2496, 0.2496",0.6050162613391876
1,complexity theory,,0.4736281633377075,"0.2403, 0.1339, 0.2086, 0.2086, 0.2086",0.710585743188858
1,single core cpu,,0.37182068824768066,"0.1537, 0.1578, 0.2104, 0.2391, 0.2391",0.7600317001342773
1,matroid problems,,0.4285866320133209,"0.1436, 0.1421, 0.2381, 0.2381, 0.2381",0.9988733903737739
1,subrecursive hierarchies,,0.46444886922836304,"0.1840, 0.1748, 0.2137, 0.2137, 0.2137",0.8962529674172401
1,behavioral software design pattern,,0.48954829573631287,"0.2247, 0.1350, 0.1973, 0.1934, 0.2495",0.6094609797000885
1,linked list,,0.08459612727165222,"0.1747, 0.0905, 0.2449, 0.2449, 0.2449",0.9486110620200634
1,system performance,,0.41081058979034424,"0.0663, 0.2271, 0.2355, 0.2355, 0.2355",0.5839947462081909
1,network integration design,,0.444275826215744,"0.1930, 0.1721, 0.1373, 0.2488, 0.2488",0.6927649080753326
1,lazy evaluation,,0.42234349250793457,"0.1365, 0.1204, 0.2477, 0.2477, 0.2477",0.7687937170267105
1,radix sort,,0.496364563703537,"0.1857, 0.1538, 0.2202, 0.2202, 0.2202",0.8790292665362358
1,density matrix,,0.2782714366912842,"0.2444, 0.2031, 0.1842, 0.1842, 0.1842",0.9196528568863869
1,entropy calculations,,0.3257872760295868,"0.2314, 0.1547, 0.2046, 0.2046, 0.2046",0.8029078096151352
1,structural recursion,,0.20163202285766602,"0.2297, 0.2044, 0.1886, 0.1886, 0.1886",0.797620952129364
1,counterclockwise rotation,,0.3496086001396179,"0.1647, 0.2285, 0.2023, 0.2023, 0.2023",0.9537345729768276
1,3d user interaction techniques,,0.3452396094799042,"0.2468, 0.1490, 0.2000, 0.1553, 0.2490",0.691605806350708
1,back end,,0.0,"0.1378, 0.1220, 0.2467, 0.2467, 0.2467",0.9348987564444542
1,immutable object,,0.25010332465171814,"0.2262, 0.1045, 0.2231, 0.2231, 0.2231",0.8298112004995346
1,combinational circuits,,0.27350401878356934,"0.1092, 0.1970, 0.2313, 0.2313, 0.2313",0.6548555791378021
1,minimum k-cut,,0.3996002972126007,"0.2077, 0.1982, 0.1980, 0.1980, 0.1980",0.9717062003910542
1,software project,,0.4542941451072693,"0.1301, 0.1254, 0.2481, 0.2481, 0.2481",0.508047491312027
1,internet service providers,,0.12971845269203186,"0.1858, 0.1390, 0.1769, 0.2492, 0.2492",0.7599459290504456
1,cluster centers,,0.2396387755870819,"0.2148, 0.1367, 0.2161, 0.2161, 0.2161",0.8236838132143021
1,manifold alignment,,0.4001014530658722,"0.2190, 0.1639, 0.2057, 0.2057, 0.2057",0.9761175811290741
1,reverse indexes,,0.42624494433403015,"0.0961, 0.1970, 0.2356, 0.2356, 0.2356",0.8298269659280777
1,distance metric learning,,0.37835392355918884,"0.2488, 0.2492, 0.0313, 0.2354, 0.2354",0.8117695599794388
1,normal distribution,,0.21727421879768372,"0.2053, 0.2044, 0.1968, 0.1968, 0.1968",0.9316475614905357
1,matrix operations,,0.45609766244888306,"0.2248, 0.0474, 0.2426, 0.2426, 0.2426",0.9432817921042442
1,genetic representations,,0.42422693967819214,"0.2148, 0.0959, 0.2298, 0.2298, 0.2298",0.7971192598342896
1,phase distinction,,0.0,"0.2379, 0.0380, 0.2414, 0.2414, 0.2414",0.9287430346012115
1,explanatory variables,,0.3176460266113281,"0.1389, 0.1486, 0.2375, 0.2375, 0.2375",0.8704491257667542
1,zero fields,,0.2554147243499756,"0.1915, 0.2143, 0.1981, 0.1981, 0.1981",0.994401119183749
1,augmented reality,,0.0,"0.1975, 0.0864, 0.2387, 0.2387, 0.2387",0.8002863377332687
1,natural language,,0.3610036075115204,"0.1675, 0.1447, 0.2292, 0.2292, 0.2292",0.749484121799469
1,training time,,0.3936084806919098,"0.1659, 0.1685, 0.2219, 0.2219, 0.2219",0.7606039345264435
1,maximal subtree isomorphism,,0.29028522968292236,"0.2355, 0.2354, 0.2236, 0.1528, 0.1528",0.9704168830066919
1,logical calculi,,0.2858739197254181,"0.1120, 0.1595, 0.2428, 0.2428, 0.2428",0.8086384236812592
1,external node,,0.4376699924468994,"0.1109, 0.2097, 0.2265, 0.2265, 0.2265",0.9150275066494942
1,descriptive statistics,,0.11284080147743225,"0.0582, 0.2097, 0.2440, 0.2440, 0.2440",0.7880958914756775
1,frequent pattern discovery,,0.0,"0.2306, 0.2399, 0.0326, 0.2485, 0.2485",0.7473626434803009
1,polygraphic substitution,,0.42368531227111816,"0.2163, 0.0441, 0.2465, 0.2465, 0.2465",0.7767544239759445
1,formal knowledge representation languages,,0.49525558948516846,"0.2372, 0.0718, 0.2275, 0.2159, 0.2476",0.6687934696674347
1,spanning tree generation,,0.11318455636501312,"0.2464, 0.2333, 0.0318, 0.2442, 0.2442",0.7732693403959274
1,unrolled linked lists,,0.0,"0.2325, 0.1819, 0.0940, 0.2458, 0.2458",0.9788346439599991
1,category theory,,0.3143959641456604,"0.1199, 0.2007, 0.2265, 0.2265, 0.2265",0.8251079022884369
1,ecb mode,,0.36761340498924255,"0.1012, 0.1964, 0.2341, 0.2341, 0.2341",0.8324100524187088
1,imperative features,,0.0,"0.0683, 0.1940, 0.2459, 0.2459, 0.2459",0.7945356220006943
1,characteristic polynomial,,0.3689402937889099,"0.1143, 0.1785, 0.2358, 0.2358, 0.2358",0.8102921396493912
1,biologically inspired computing,,0.0,"0.2198, 0.1733, 0.1072, 0.2499, 0.2499",0.42281877994537354
1,differential equations,,0.48663315176963806,"0.1756, 0.1873, 0.2123, 0.2123, 0.2123",0.9784412011504173
1,structural induction,,0.2420823574066162,"0.2306, 0.1145, 0.2183, 0.2183, 0.2183",0.7778372466564178
1,scientific language,,0.26048654317855835,"0.1346, 0.1670, 0.2328, 0.2328, 0.2328",0.5255818367004395
1,weight-balanced tree,,0.3569037914276123,"0.2344, 0.1932, 0.1908, 0.1908, 0.1908",0.8590530753135681
1,mathematical study,,0.0,"0.2432, 0.0130, 0.2479, 0.2479, 0.2479",0.6604950726032257
1,boundary singularity,,0.18898919224739075,"0.2170, 0.1417, 0.2138, 0.2138, 0.2138",0.9453877508640289
1,adjacency list data structure,,0.4227464199066162,"0.2333, 0.1420, 0.1321, 0.2442, 0.2484",0.8217469453811646
1,data origin authentication,,0.45956870913505554,"0.2187, 0.1611, 0.1217, 0.2492, 0.2492",0.8609321266412735
1,affective computing,,0.12244327366352081,"0.1399, 0.1127, 0.2491, 0.2491, 0.2491",0.5247583091259003
1,proxy pattern,,0.4946768581867218,"0.1281, 0.1569, 0.2384, 0.2384, 0.2384",0.9115257114171982
1,ram usage,,0.0,"0.2398, 0.0231, 0.2457, 0.2457, 0.2457",0.7802511751651764
1,industrial design,,0.04890980198979378,"0.1151, 0.1473, 0.2459, 0.2459, 0.2459",0.6614539325237274
1,big data applications,,0.31600576639175415,"0.2411, 0.1276, 0.1371, 0.2471, 0.2471",0.5702171325683594
1,evolution strategies,,0.13339680433273315,"0.2258, 0.0532, 0.2403, 0.2403, 0.2403",0.7387398183345795
1,null reference,,0.4180908501148224,"0.1278, 0.1324, 0.2466, 0.2466, 0.2466",0.9488938041031361
1,child nodes,,0.41396334767341614,"0.1803, 0.1980, 0.2072, 0.2072, 0.2072",0.9746012669056654
1,main functions,,0.27964937686920166,"0.1187, 0.1587, 0.2408, 0.2408, 0.2408",0.8553065806627274
1,algorithmic paradigm,,0.4854210913181305,"0.2354, 0.0167, 0.2493, 0.2493, 0.2493",0.6878574192523956
1,software development,,0.20904558897018433,"0.1654, 0.0891, 0.2485, 0.2485, 0.2485",0.5374779105186462
1,global minimum,,0.18402309715747833,"0.1332, 0.2338, 0.2110, 0.2110, 0.2110",0.9487920626997948
1,information system,,0.44485902786254883,"0.0915, 0.1631, 0.2485, 0.2485, 0.2485",0.42776691913604736
1,analog recording,,0.19657157361507416,"0.1828, 0.0975, 0.2399, 0.2399, 0.2399",0.6498318910598755
1,multiplexing technique,,0.24905191361904144,"0.2188, 0.0641, 0.2390, 0.2390, 0.2390",0.8373410850763321
1,double-ended priority queue,,0.24252991378307343,"0.1785, 0.1740, 0.1871, 0.2302, 0.2302",0.9575669728219509
1,least square estimators,,0.13664619624614716,"0.1442, 0.2380, 0.1478, 0.2350, 0.2350",0.88515904545784
1,joint distribution,,0.3378998041152954,"0.1853, 0.1905, 0.2080, 0.2080, 0.2080",0.8891988545656204
1,abstract machines,,0.48566368222236633,"0.2096, 0.0581, 0.2441, 0.2441, 0.2441",0.5709852874279022
1,probabilistic relationships,,0.44516798853874207,"0.2040, 0.1154, 0.2269, 0.2269, 0.2269",0.7967346459627151
1,compiler correctness,,0.24388888478279114,"0.1488, 0.1221, 0.2430, 0.2430, 0.2430",0.7580536901950836
1,function join,,0.25518396496772766,"0.2085, 0.0453, 0.2488, 0.2488, 0.2488",0.9729555305093527
1,stochastic weights,,0.3144150674343109,"0.1834, 0.2410, 0.1919, 0.1919, 0.1919",0.8424661457538605
1,normalization layers,,0.4134264588356018,"0.1969, 0.2025, 0.2002, 0.2002, 0.2002",0.8559238016605377
1,proxy object,,0.25524380803108215,"0.1519, 0.1385, 0.2365, 0.2365, 0.2365",0.8626866936683655
1,nm matrix,,0.391382098197937,"0.1696, 0.1935, 0.2123, 0.2123, 0.2123",0.9108942151069641
1,dimensional theories,,0.3939553499221802,"0.2451, 0.1007, 0.2181, 0.2181, 0.2181",0.8065747320652008
1,computationally intractable,,0.0,"0.1982, 0.0727, 0.2430, 0.2430, 0.2430",0.6777459681034088
1,tensor product,,0.3559322655200958,"0.2442, 0.0168, 0.2463, 0.2463, 0.2463",0.763838917016983
1,electronic signatures,,0.30693984031677246,"0.1830, 0.1260, 0.2303, 0.2303, 0.2303",0.7335877120494843
1,insertion sort,,0.42973631620407104,"0.0377, 0.2231, 0.2464, 0.2464, 0.2464",0.8928763717412949
1,differential entropy,,0.48995333909988403,"0.1649, 0.2090, 0.2087, 0.2087, 0.2087",0.8371451050043106
1,system usability scale,,0.2878294587135315,"0.0746, 0.1975, 0.2474, 0.2403, 0.2403",0.5359116196632385
1,scalar response,,0.3707698583602905,"0.2436, 0.0194, 0.2457, 0.2457, 0.2457",0.8596505522727966
1,in-place matrix transposition,,0.49931800365448,"0.0702, 0.2218, 0.2230, 0.2425, 0.2425",0.997032119659707
1,random subset,,0.4480139911174774,"0.2139, 0.0846, 0.2339, 0.2339, 0.2339",0.8996616676449776
1,discrete mathematics,,0.3849349319934845,"0.2305, 0.1734, 0.1987, 0.1987, 0.1987",0.7996708154678345
1,cognitive science,,0.42840319871902466,"0.1138, 0.1480, 0.2461, 0.2461, 0.2461",0.5035530626773834
1,lookup table,,0.3742106854915619,"0.0705, 0.1834, 0.2487, 0.2487, 0.2487",0.7919476479291916
1,virtual technologies,,0.46426844596862793,"0.1555, 0.1053, 0.2464, 0.2464, 0.2464",0.526231586933136
1,embedded systems,,0.39771977066993713,"0.1424, 0.1319, 0.2419, 0.2419, 0.2419",0.5851967334747314
1,digital signatures,,0.43120869994163513,"0.1061, 0.1592, 0.2449, 0.2449, 0.2449",0.8358921557664871
1,visual design,,0.4035578966140747,"0.1458, 0.1164, 0.2459, 0.2459, 0.2459",0.6934097409248352
1,recommendation systems,,0.40217387676239014,"0.1121, 0.1601, 0.2426, 0.2426, 0.2426",0.7537762224674225
1,bit manipulations,,0.4594808518886566,"0.1441, 0.1460, 0.2367, 0.2367, 0.2367",0.7516601234674454
1,weighted round robin,,0.2831103801727295,"0.2273, 0.1899, 0.1666, 0.2081, 0.2081",0.9648184068500996
1,internet addressing structure,,0.0,"0.1775, 0.0815, 0.2456, 0.2477, 0.2477",0.6658850610256195
1,comparison sorting algorithms,,0.17009994387626648,"0.0777, 0.2180, 0.2059, 0.2492, 0.2492",0.7635044157505035
1,DMA attack,,0.3717643916606903,"0.1258, 0.1659, 0.2361, 0.2361, 0.2361",0.8823098167777061
1,sequential coupling,,0.40412455797195435,"0.0898, 0.2137, 0.2322, 0.2322, 0.2322",0.8845570236444473
1,unreversed indexes,,0.28605109453201294,"0.1168, 0.1851, 0.2327, 0.2327, 0.2327",0.8140498101711273
1,lazy inheritance,,0.49241605401039124,"0.1380, 0.1381, 0.2413, 0.2413, 0.2413",0.878455363214016
1,adjacent vertices,,0.4150981903076172,"0.1743, 0.1643, 0.2205, 0.2205, 0.2205",0.9627114348113537
1,multimedia communication,,0.3412073850631714,"0.1567, 0.1366, 0.2356, 0.2356, 0.2356",0.6134024262428284
1,transformation rules,,0.4061747193336487,"0.1169, 0.1645, 0.2395, 0.2395, 0.2395",0.8559868186712265
1,array list,,0.14671994745731354,"0.1954, 0.0792, 0.2418, 0.2418, 0.2418",0.9921702044084668
1,computer vision,,0.4647965431213379,"0.1938, 0.0631, 0.2477, 0.2477, 0.2477",0.5431983470916748
1,de morgan's law,,0.3654384911060333,"0.1911, 0.1062, 0.2334, 0.2346, 0.2346",0.9731665216386318
1,internet protocol suite,,0.4998692274093628,"0.1361, 0.1728, 0.1939, 0.2486, 0.2486",0.7040789723396301
1,multivariate normal distribution,,0.4589560329914093,"0.1161, 0.2128, 0.2120, 0.2296, 0.2296",0.9934649951756
1,flux architecture,,0.4679563343524933,"0.2137, 0.1154, 0.2236, 0.2236, 0.2236",0.6892081201076508
1,recursive relation,,0.3089812994003296,"0.2287, 0.0522, 0.2397, 0.2397, 0.2397",0.8560682833194733
1,systems engineering,,0.3939056992530823,"0.1880, 0.0762, 0.2453, 0.2453, 0.2453",0.4601204991340637
1,design pattern,,0.4716373682022095,"0.1455, 0.1358, 0.2395, 0.2395, 0.2395",0.7093701958656311
1,scientific study,,0.0,"0.1801, 0.0775, 0.2475, 0.2475, 0.2475",0.48096370697021484
1,3d user interaction system,,0.3717837631702423,"0.2474, 0.1565, 0.1947, 0.1519, 0.2494",0.6586925089359283
1,functional presence engines,,0.2991600036621094,"0.2044, 0.1023, 0.1965, 0.2484, 0.2484",0.6342441737651825
1,virtual reality,,0.4603968560695648,"0.1413, 0.1252, 0.2445, 0.2445, 0.2445",0.689164936542511
1,big data,,0.42024731636047363,"0.2318, 0.0635, 0.2349, 0.2349, 0.2349",0.6828360259532928
1,Singleton pattern,,0.4775370955467224,"0.2053, 0.1137, 0.2270, 0.2270, 0.2270",0.9980960543034598
1,image search tool,,0.45878902077674866,"0.2367, 0.1192, 0.1450, 0.2496, 0.2496",0.7984634935855865
1,logical variables,,0.34080857038497925,"0.1416, 0.1290, 0.2431, 0.2431, 0.2431",0.9097379222512245
1,multimodal architecture,,0.4330243766307831,"0.2241, 0.1257, 0.2167, 0.2167, 0.2167",0.6869646310806274
1,compression rate,,0.2427840232849121,"0.2211, 0.2437, 0.1784, 0.1784, 0.1784",0.8665044158697128
1,desktop computers,,0.4835800230503082,"0.2113, 0.0582, 0.2435, 0.2435, 0.2435",0.549475759267807
1,comparison sort,,0.0,"0.0199, 0.2394, 0.2469, 0.2469, 0.2469",0.7995222955942154
1,logical unit,,0.36670398712158203,"0.0842, 0.2367, 0.2264, 0.2264, 0.2264",0.7795663326978683
1,sequence labeling task,,0.49270206689834595,"0.2472, 0.2037, 0.0500, 0.2496, 0.2496",0.7346009910106659
1,systems architecture,,0.48049652576446533,"0.1209, 0.1660, 0.2377, 0.2377, 0.2377",0.4922088384628296
