IfCS,Phrase,Correct,Probablity,Attention,Distance
1,monic polynomials,,0.3061373233795166,"0.1166, 0.1566, 0.2423, 0.2423, 0.2423",0.9013306051492691
1,division multiplexing,,0.34101301431655884,"0.2131, 0.1186, 0.2227, 0.2227, 0.2227",0.8260119259357452
1,block range index,,0.37711918354034424,"0.2202, 0.2418, 0.1109, 0.2135, 0.2135",0.8545479029417038
1,source programs,,0.18356291949748993,"0.1921, 0.1094, 0.2328, 0.2328, 0.2328",0.5901553928852081
1,intelligent agent paradigm,,0.3867456316947937,"0.2359, 0.2007, 0.0715, 0.2460, 0.2460",0.7653694301843643
1,exhaustive search,,0.3120678663253784,"0.2165, 0.0417, 0.2472, 0.2472, 0.2472",0.6837579309940338
1,unrolled linked list,,0.3710726499557495,"0.2219, 0.1760, 0.1245, 0.2388, 0.2388",0.9744721055030823
1,axiomatic set theory,,0.2750133275985718,"0.2241, 0.1799, 0.1342, 0.2309, 0.2309",0.9129715114831924
1,logical unit,,0.4848060607910156,"0.1539, 0.1850, 0.2204, 0.2204, 0.2204",0.7795663326978683
1,bio-inspired computing,,0.45008373260498047,"0.1463, 0.1160, 0.2459, 0.2459, 0.2459",0.4462280869483948
1,evaluation functions,,0.39516481757164,"0.2218, 0.0460, 0.2441, 0.2441, 0.2441",0.7877671718597412
1,bounds checking,,0.36793357133865356,"0.2073, 0.1143, 0.2261, 0.2261, 0.2261",0.9312534183263779
1,extensible text framework,,0.2559593617916107,"0.2373, 0.2025, 0.1794, 0.1904, 0.1904",0.8290981501340866
1,model predictive control,,0.44358211755752563,"0.2198, 0.1174, 0.1994, 0.2317, 0.2317",0.8141402155160904
1,genetic representations,,0.4521019160747528,"0.1435, 0.1301, 0.2421, 0.2421, 0.2421",0.7971192598342896
1,traditional convolutional layers,,0.22813452780246735,"0.2221, 0.1384, 0.1569, 0.2413, 0.2413",0.8846034035086632
1,electronic signature,,0.4353892207145691,"0.1229, 0.2019, 0.2251, 0.2251, 0.2251",0.6980462968349457
1,complex functions,,0.44388633966445923,"0.2019, 0.0671, 0.2437, 0.2437, 0.2437",0.8550904542207718
1,analog recording,,0.2633650302886963,"0.1909, 0.1357, 0.2245, 0.2245, 0.2245",0.6498318910598755
1,private key set,,0.33751943707466125,"0.1883, 0.1938, 0.1695, 0.2242, 0.2242",0.9672052264213562
1,caesar cipher,,0.4702247977256775,"0.0823, 0.1786, 0.2464, 0.2464, 0.2464",0.9231075644493103
1,linear combinations,,0.3569644093513489,"0.2068, 0.0729, 0.2401, 0.2401, 0.2401",0.9383814260363579
1,optimal solution,,0.16661398112773895,"0.2239, 0.0924, 0.2279, 0.2279, 0.2279",0.883571170270443
1,motion graphics design,,0.436833918094635,"0.2344, 0.1361, 0.1419, 0.2438, 0.2438",0.7804621607065201
1,transformation rules,,0.2528977394104004,"0.1893, 0.1517, 0.2197, 0.2197, 0.2197",0.8559868186712265
1,linked list,,0.492246150970459,"0.1826, 0.1079, 0.2365, 0.2365, 0.2365",0.9486110620200634
1,software requirements analysis,,0.43241262435913086,"0.1694, 0.2053, 0.1419, 0.2417, 0.2417",0.5997700691223145
1,rnyi information dimension,,0.40616267919540405,"0.2117, 0.0866, 0.2153, 0.2432, 0.2432",0.6993487775325775
1,modern deep learning models,,0.26695120334625244,"0.2253, 0.1347, 0.1761, 0.2230, 0.2410",0.7341309785842896
1,immutable objects,,0.41271263360977173,"0.1573, 0.1489, 0.2313, 0.2313, 0.2313",0.8569586277008057
1,time delays,,0.4264427423477173,"0.1797, 0.1476, 0.2243, 0.2243, 0.2243",0.8472709953784943
1,reduction systems,,0.24349720776081085,"0.2011, 0.1909, 0.2027, 0.2027, 0.2027",0.7506159991025925
1,meta learning,,0.3375672399997711,"0.1804, 0.0993, 0.2401, 0.2401, 0.2401",0.7611471712589264
1,thus trees,,0.39813265204429626,"0.1397, 0.1206, 0.2466, 0.2466, 0.2466",0.8087240606546402
1,binary dependent variable,,0.4067935347557068,"0.2346, 0.1509, 0.1207, 0.2469, 0.2469",0.8387168645858765
1,minimum message length,,0.14013195037841797,"0.2379, 0.1956, 0.2315, 0.1675, 0.1675",0.881694108247757
1,algebraic theories,,0.4096558094024658,"0.2134, 0.0827, 0.2346, 0.2346, 0.2346",0.8604201078414917
1,division algorithms fall,,0.0,"0.2466, 0.1937, 0.0631, 0.2483, 0.2483",0.8245618790388107
1,normal distribution,,0.38283830881118774,"0.2416, 0.1404, 0.2060, 0.2060, 0.2060",0.9316475614905357
1,character map,,0.4691677391529083,"0.1308, 0.1666, 0.2342, 0.2342, 0.2342",0.9246112704277039
1,association rule learning,,0.2161605805158615,"0.2187, 0.1858, 0.1176, 0.2389, 0.2389",0.8228544294834137
1,negative transfer learning,,0.26393067836761475,"0.2203, 0.1064, 0.1859, 0.2437, 0.2437",0.8090358972549438
1,implicit euler method,,0.4275493323802948,"0.2227, 0.1993, 0.0994, 0.2394, 0.2394",0.9642040319740772
1,structured svm,,0.37870052456855774,"0.1919, 0.1225, 0.2285, 0.2285, 0.2285",0.7335398197174072
1,finite state machines,,0.3006681203842163,"0.2420, 0.2207, 0.0660, 0.2357, 0.2357",0.6596214473247528
1,quantum information,,0.3305937647819519,"0.2358, 0.0752, 0.2297, 0.2297, 0.2297",0.6895623505115509
1,parsimonious reductions,,0.26590460538864136,"0.1716, 0.1573, 0.2237, 0.2237, 0.2237",0.8886450976133347
1,ecb mode,,0.1735486537218094,"0.2113, 0.2266, 0.1874, 0.1874, 0.1874",0.8324100524187088
1,speech activity detection,,0.22996839880943298,"0.2275, 0.1321, 0.1482, 0.2461, 0.2461",0.7685564160346985
1,entanglement measurement,,0.2817997634410858,"0.1776, 0.2205, 0.2006, 0.2006, 0.2006",0.7856602370738983
1,truth value object,,0.2512347400188446,"0.2224, 0.2047, 0.0867, 0.2431, 0.2431",0.8210472613573074
1,spectral methods,,0.4977004826068878,"0.1923, 0.1294, 0.2261, 0.2261, 0.2261",0.9304465502500534
1,state machine operating,,0.3832724094390869,"0.2423, 0.1667, 0.0965, 0.2473, 0.2473",0.6874185502529144
1,plane sweep,,0.4773942232131958,"0.2244, 0.0667, 0.2363, 0.2363, 0.2363",0.877670057117939
1,hardware technologies,,0.46751144528388977,"0.1337, 0.1549, 0.2372, 0.2372, 0.2372",0.4611091613769531
1,code points,,0.43180280923843384,"0.2000, 0.1388, 0.2204, 0.2204, 0.2204",0.8185900747776031
1,decision model and notation,,0.0,"0.2450, 0.2430, 0.0324, 0.2302, 0.2494",0.7687023133039474
1,dma attacks,,0.32739391922950745,"0.1589, 0.1315, 0.2366, 0.2366, 0.2366",0.8683241456747055
1,artificial intelligent agents,,0.3459946811199188,"0.2392, 0.2052, 0.0601, 0.2477, 0.2477",0.6924784481525421
1,las vegas algorithms,,0.46452975273132324,"0.2019, 0.1949, 0.1101, 0.2466, 0.2466",0.7980998158454895
1,learnable function class,,0.35726726055145264,"0.2199, 0.0877, 0.2208, 0.2358, 0.2358",0.8029989451169968
1,classification performance,,0.3898717761039734,"0.1404, 0.1810, 0.2262, 0.2262, 0.2262",0.7022674381732941
1,neuron clusters,,0.48162558674812317,"0.1539, 0.1237, 0.2408, 0.2408, 0.2408",0.7891392111778259
1,labeled training data,,0.278158575296402,"0.1864, 0.2153, 0.1168, 0.2408, 0.2408",0.6696979999542236
1,sequential coupling,,0.43791764974594116,"0.1104, 0.2210, 0.2229, 0.2229, 0.2229",0.8845570236444473
1,classical statistical databases,,0.3456955552101135,"0.2362, 0.1598, 0.1309, 0.2366, 0.2366",0.6957366466522217
1,discrete mathematics,,0.4716668128967285,"0.1898, 0.1811, 0.2097, 0.2097, 0.2097",0.7996708154678345
1,operating system,,0.4108252227306366,"0.1252, 0.1677, 0.2357, 0.2357, 0.2357",0.6549340486526489
1,cluster centers,,0.27795761823654175,"0.2007, 0.1016, 0.2325, 0.2325, 0.2325",0.8236838132143021
1,spatial multiplexing,,0.4262896776199341,"0.1400, 0.1410, 0.2397, 0.2397, 0.2397",0.8946071267127991
1,intelligent agents,,0.3424239754676819,"0.2113, 0.0607, 0.2427, 0.2427, 0.2427",0.7135713696479797
1,lightweight software,,0.3807538151741028,"0.2393, 0.1178, 0.2143, 0.2143, 0.2143",0.5747280120849609
1,static  pure spatial patterns,,0.3619665205478668,"0.2444, 0.2391, 0.2421, 0.1767, 0.0978",0.9086146205663681
1,edge contraction,,0.2997186481952667,"0.1572, 0.1526, 0.2301, 0.2301, 0.2301",0.9709615185856819
1,pigeonhole sorting,,0.49643081426620483,"0.1910, 0.0856, 0.2411, 0.2411, 0.2411",0.9017622619867325
1,human learning,,0.19768330454826355,"0.1689, 0.1288, 0.2341, 0.2341, 0.2341",0.7032551169395447
1,mathematical framework,,0.3715746998786926,"0.1920, 0.1615, 0.2155, 0.2155, 0.2155",0.7178587019443512
1,fp discovery,,0.33786630630493164,"0.2343, 0.0274, 0.2461, 0.2461, 0.2461",0.6086243987083435
1,multiplexing technique,,0.4493035078048706,"0.1973, 0.1125, 0.2301, 0.2301, 0.2301",0.8373410850763321
1,modulo scheduling,,0.4038568139076233,"0.1707, 0.1660, 0.2211, 0.2211, 0.2211",0.8577289283275604
1,principal component analysis,,0.30423662066459656,"0.2412, 0.2132, 0.0943, 0.2256, 0.2256",0.7405823171138763
1,python package,,0.21757249534130096,"0.1161, 0.1620, 0.2406, 0.2406, 0.2406",0.9041204899549484
1,classification criteria,,0.25652453303337097,"0.1725, 0.1276, 0.2333, 0.2333, 0.2333",0.7407801151275635
1,random decision forests,,0.48737722635269165,"0.2369, 0.1623, 0.1051, 0.2478, 0.2478",0.7990788072347641
1,statistical model comparison,,0.1686488538980484,"0.2242, 0.2190, 0.0650, 0.2459, 0.2459",0.7282761633396149
1,speech tagging,,0.08331506699323654,"0.1505, 0.1976, 0.2173, 0.2173, 0.2173",0.9766284786164761
1,brute-force search,,0.49936333298683167,"0.2451, 0.0263, 0.2428, 0.2428, 0.2428",0.8131693303585052
1,function join,,0.49794432520866394,"0.1039, 0.1736, 0.2408, 0.2408, 0.2408",0.9729555305093527
1,side channel attack,,0.0,"0.2308, 0.2134, 0.1485, 0.2036, 0.2036",0.8785629495978355
1,global view,,0.47966787219047546,"0.1968, 0.0858, 0.2391, 0.2391, 0.2391",0.826891154050827
1,physical qualities,,0.0,"0.2424, 0.2321, 0.1752, 0.1752, 0.1752",0.8741080313920975
1,maximum-margin hyperplane,,0.4379934072494507,"0.2236, 0.1737, 0.2009, 0.2009, 0.2009",0.8674881011247635
1,lookup tables,,0.2961512506008148,"0.1464, 0.1398, 0.2380, 0.2380, 0.2380",0.8126737475395203
1,modern decision theory,,0.2914963364601135,"0.2446, 0.1579, 0.1219, 0.2378, 0.2378",0.8022914379835129
1,mean shift algorithm,,0.49883779883384705,"0.1918, 0.2169, 0.1014, 0.2449, 0.2449",0.852159857749939
1,linear frequency,,0.4281570315361023,"0.1800, 0.2347, 0.1951, 0.1951, 0.1951",0.8565215766429901
1,gated recurrent units,,0.06674811244010925,"0.2084, 0.0761, 0.2349, 0.2403, 0.2403",0.8158630281686783
1,single core cpu,,0.4299556314945221,"0.2276, 0.2258, 0.1221, 0.2123, 0.2123",0.7600317001342773
1,belief network,,0.48781806230545044,"0.1534, 0.1500, 0.2322, 0.2322, 0.2322",0.7072119414806366
1,scientific language,,0.3831852972507477,"0.1705, 0.1269, 0.2342, 0.2342, 0.2342",0.5255818367004395
1,radial functions,,0.3933097720146179,"0.2405, 0.0566, 0.2343, 0.2343, 0.2343",0.9381391406059265
1,standard sigmoid functions,,0.09699735790491104,"0.2489, 0.2352, 0.0904, 0.2127, 0.2127",0.886421374976635
1,managed code,,0.4007742404937744,"0.1259, 0.1609, 0.2377, 0.2377, 0.2377",0.7640836834907532
1,lookahead carry unit,,0.0,"0.1765, 0.1076, 0.2352, 0.2404, 0.2404",0.8250225782394409
1,factor approximations,,0.34625253081321716,"0.1154, 0.1958, 0.2296, 0.2296, 0.2296",0.9274319186806679
1,input operands,,0.15525244176387787,"0.1707, 0.1327, 0.2322, 0.2322, 0.2322",0.8820250779390335
1,mutable ordered lists,,0.28558599948883057,"0.2370, 0.2013, 0.0730, 0.2443, 0.2443",0.888711966574192
1,collision resolution schemes,,0.4006299078464508,"0.2255, 0.2256, 0.0762, 0.2364, 0.2364",0.8065034002065659
1,galaxies  numerical linear algebra,,0.38314610719680786,"0.2150, 0.2063, 0.2255, 0.1937, 0.1596",0.8936264961957932
1,partitioning design pattern,,0.4709392488002777,"0.1537, 0.2174, 0.1489, 0.2400, 0.2400",0.8170642256736755
1,efficient retrieval,,0.43608739972114563,"0.2306, 0.0316, 0.2459, 0.2459, 0.2459",0.7700886875391006
1,mathematical study,,0.10527247935533524,"0.2050, 0.1039, 0.2304, 0.2304, 0.2304",0.6604950726032257
1,uninitialized pointer,,0.1812458634376526,"0.1901, 0.1779, 0.2107, 0.2107, 0.2107",0.8260513097047806
1,pigeonhole sort,,0.4860993027687073,"0.1608, 0.1452, 0.2313, 0.2313, 0.2313",0.9862829009070992
1,bonferroni testing,,0.28303492069244385,"0.1935, 0.1669, 0.2132, 0.2132, 0.2132",0.7537525743246078
1,dimensional optimization problem,,0.2828536927700043,"0.2396, 0.1972, 0.0705, 0.2464, 0.2464",0.9346595704555511
1,highly correlated,,0.13595256209373474,"0.2119, 0.1237, 0.2215, 0.2215, 0.2215",0.8412651419639587
1,compute arithmetic operations,,0.2953965663909912,"0.2323, 0.2271, 0.0487, 0.2459, 0.2459",0.7825499176979065
1,storage space,,0.48585692048072815,"0.0731, 0.1910, 0.2453, 0.2453, 0.2453",0.7853173315525055
1,statistical mechanics,,0.23263689875602722,"0.1739, 0.2315, 0.1982, 0.1982, 0.1982",0.7010880410671234
1,optical character recognition,,0.17547088861465454,"0.2254, 0.1745, 0.1332, 0.2335, 0.2335",0.8608851730823517
1,general recursive functions,,0.34584367275238037,"0.2473, 0.2134, 0.0503, 0.2445, 0.2445",0.8567172884941101
1,information interchange,,0.3770042955875397,"0.1929, 0.0719, 0.2451, 0.2451, 0.2451",0.5940670967102051
1,n log n comparisons,,0.0,"0.2180, 0.2312, 0.1541, 0.1483, 0.2484",0.7884631007909775
1,operating systems,,0.3649633824825287,"0.1193, 0.1889, 0.2306, 0.2306, 0.2306",0.6041920185089111
1,simple directed graphs,,0.34435373544692993,"0.2449, 0.1767, 0.0892, 0.2447, 0.2447",0.7929496318101883
1,adaptive systems,,0.48833608627319336,"0.1935, 0.1614, 0.2150, 0.2150, 0.2150",0.7392823696136475
1,analog signal,,0.3008784055709839,"0.1920, 0.2040, 0.2013, 0.2013, 0.2013",0.7286784648895264
1,Geometric modeling,,0.4201968312263489,"0.1757, 0.1743, 0.2167, 0.2167, 0.2167",0.8494903892278671
1,complex hermitian matrices,,0.4832558035850525,"0.1879, 0.1955, 0.1443, 0.2361, 0.2361",0.97291767783463
1,sort keys,,0.4438530504703522,"0.1467, 0.1671, 0.2287, 0.2287, 0.2287",0.886773057281971
1,priority queue,,0.3185615539550781,"0.2218, 0.1729, 0.2018, 0.2018, 0.2018",0.936382569372654
1,specification language,,0.49632617831230164,"0.2320, 0.1069, 0.2204, 0.2204, 0.2204",0.681461900472641
1,significant digits,,0.0,"0.1348, 0.2426, 0.2075, 0.2075, 0.2075",0.883368730545044
1,evidence toolkit,,0.432210773229599,"0.1653, 0.1318, 0.2343, 0.2343, 0.2343",0.6518976092338562
1,manifold alignment,,0.4474599063396454,"0.1450, 0.2076, 0.2158, 0.2158, 0.2158",0.9761175811290741
1,distance metric,,0.31004273891448975,"0.1809, 0.2308, 0.1961, 0.1961, 0.1961",0.8998579457402229
1,visual objects,,0.26946955919265747,"0.1480, 0.1250, 0.2423, 0.2423, 0.2423",0.6785833537578583
1,array list,,0.4421427547931671,"0.2039, 0.0848, 0.2371, 0.2371, 0.2371",0.9921702044084668
1,dimensional real vector,,0.3312094807624817,"0.2042, 0.1254, 0.1925, 0.2389, 0.2389",0.913958877325058
1,syntactic transformations,,0.49147510528564453,"0.1147, 0.1514, 0.2446, 0.2446, 0.2446",0.913129098713398
1,soft decision viterbi decoders,,0.34524500370025635,"0.2489, 0.2265, 0.1995, 0.0808, 0.2443",0.8396105170249939
1,application design,,0.42132052779197693,"0.1417, 0.1486, 0.2366, 0.2366, 0.2366",0.617748886346817
1,case gradient descent,,0.47260582447052,"0.2330, 0.1953, 0.0763, 0.2477, 0.2477",0.8750094473361969
1,row vectors,,0.4672515392303467,"0.1726, 0.1891, 0.2128, 0.2128, 0.2128",0.9560557082295418
1,pattern recognition task,,0.45506975054740906,"0.2230, 0.1524, 0.1312, 0.2467, 0.2467",0.7390315234661102
1,garbage collection,,0.1360854208469391,"0.0974, 0.1674, 0.2451, 0.2451, 0.2451",0.7780427634716034
1,cut theorem,,0.17489318549633026,"0.1193, 0.2009, 0.2266, 0.2266, 0.2266",0.9560708962380886
1,unsupervised feature learning,,0.3733876347541809,"0.2337, 0.1051, 0.1718, 0.2447, 0.2447",0.7955181449651718
1,information science,,0.2478092759847641,"0.1265, 0.1563, 0.2391, 0.2391, 0.2391",0.31508147716522217
1,feature maps,,0.44817131757736206,"0.1045, 0.1709, 0.2415, 0.2415, 0.2415",0.8851295709609985
1,object-oriented design,,0.37824150919914246,"0.1814, 0.1320, 0.2289, 0.2289, 0.2289",0.6789301037788391
1,structural pattern recognition,,0.45321181416511536,"0.2445, 0.1961, 0.0733, 0.2431, 0.2431",0.7862794548273087
1,known classes,,0.0,"0.0571, 0.2309, 0.2373, 0.2373, 0.2373",0.8006155639886856
1,information retrieval,,0.47991204261779785,"0.2011, 0.0538, 0.2484, 0.2484, 0.2484",0.6525244116783142
1,user experience design,,0.0,"0.2175, 0.1311, 0.1754, 0.2380, 0.2380",0.7024873197078705
1,category theory,,0.28260061144828796,"0.1829, 0.1506, 0.2222, 0.2222, 0.2222",0.8251079022884369
1,plate notation,,0.33693814277648926,"0.1204, 0.1656, 0.2380, 0.2380, 0.2380",0.8655395358800888
1,comparison sorts,,0.07321660220623016,"0.1870, 0.0879, 0.2417, 0.2417, 0.2417",0.8168824464082718
1,streaming text,,0.46988049149513245,"0.0987, 0.1812, 0.2400, 0.2400, 0.2400",0.8063110262155533
1,confidence score,,0.243928924202919,"0.2005, 0.2039, 0.1985, 0.1985, 0.1985",0.9276563450694084
1,serial manipulators,,0.4997458755970001,"0.2239, 0.0941, 0.2274, 0.2274, 0.2274",0.8934773802757263
1,bounded flat surface,,0.35489529371261597,"0.1784, 0.1872, 0.1538, 0.2403, 0.2403",0.8944524228572845
1,activation functions,,0.333975613117218,"0.1798, 0.0841, 0.2454, 0.2454, 0.2454",0.8364423513412476
1,parallel solution,,0.343894898891449,"0.2084, 0.1003, 0.2304, 0.2304, 0.2304",0.7928523123264313
1,feature learning,,0.38741421699523926,"0.1041, 0.1643, 0.2439, 0.2439, 0.2439",0.7345084846019745
1,hardware links,,0.3942354917526245,"0.1162, 0.1859, 0.2326, 0.2326, 0.2326",0.6870752274990082
1,pooling layers,,0.34875059127807617,"0.1529, 0.1510, 0.2320, 0.2320, 0.2320",0.8835524395108223
1,classification tasks,,0.37945616245269775,"0.2023, 0.0737, 0.2413, 0.2413, 0.2413",0.6331250071525574
1,hinge loss,,0.0,"0.2404, 0.0707, 0.2296, 0.2296, 0.2296",0.9256937801837921
1,basic function,,0.4857548475265503,"0.2374, 0.0599, 0.2342, 0.2342, 0.2342",0.8394009172916412
1,nm matrix,,0.4558817446231842,"0.2081, 0.1253, 0.2222, 0.2222, 0.2222",0.9108942151069641
1,system performance,,0.3595818281173706,"0.1891, 0.1640, 0.2156, 0.2156, 0.2156",0.5839947462081909
1,analytical hierarchy,,0.4568929970264435,"0.1420, 0.2064, 0.2172, 0.2172, 0.2172",0.6386323273181915
1,logical structure,,0.45947176218032837,"0.1490, 0.1966, 0.2182, 0.2182, 0.2182",0.7948127090930939
1,2007  algorithmic mechanism design,,0.42311328649520874,"0.2443, 0.2475, 0.2036, 0.1361, 0.1685",0.6575497686862946
1,algorithm design technique,,0.21241123974323273,"0.2129, 0.1944, 0.0992, 0.2468, 0.2468",0.679436057806015
1,red hat virtualization,,0.0,"0.1569, 0.2032, 0.1554, 0.2422, 0.2422",0.7414621710777283
1,phase distinction,,0.007918177172541618,"0.2436, 0.0961, 0.2201, 0.2201, 0.2201",0.9287430346012115
1,learning theory,,0.46446043252944946,"0.1587, 0.1499, 0.2305, 0.2305, 0.2305",0.6721385717391968
1,amazon prime video,,0.3947356343269348,"0.2041, 0.1294, 0.1712, 0.2477, 0.2477",0.8723700642585754
1,method call,,0.30811193585395813,"0.2154, 0.0561, 0.2428, 0.2428, 0.2428",0.8738499134778976
1,learning method,,0.36435437202453613,"0.1757, 0.1206, 0.2345, 0.2345, 0.2345",0.7103533744812012
1,k nearest neighbors,,0.45138293504714966,"0.2139, 0.1759, 0.1418, 0.2342, 0.2342",0.9733934123069048
1,least linear,,0.26533111929893494,"0.2150, 0.1995, 0.1952, 0.1952, 0.1952",0.8712161779403687
1,moravec's paradox,,0.38245880603790283,"0.2041, 0.0834, 0.2375, 0.2375, 0.2375",0.8771516233682632
1,ordered sets,,0.3687567710876465,"0.1919, 0.1011, 0.2357, 0.2357, 0.2357",0.9921404169872403
1,bernstein polynomial,,0.4856245517730713,"0.2088, 0.0911, 0.2334, 0.2334, 0.2334",0.8610323965549469
1,local minima,,0.10634178668260574,"0.1736, 0.1458, 0.2269, 0.2269, 0.2269",0.9134656116366386
1,knapsack problem,,0.2933991849422455,"0.1660, 0.1184, 0.2385, 0.2385, 0.2385",0.8748576492071152
1,functional presence engines,,0.16227273643016815,"0.2211, 0.1292, 0.1673, 0.2412, 0.2412",0.6342441737651825
1,linear relationships,,0.4951390326023102,"0.1796, 0.1606, 0.2199, 0.2199, 0.2199",0.893699049949646
1,iterator concept,,0.3422168493270874,"0.2173, 0.0697, 0.2377, 0.2377, 0.2377",0.8134019672870636
1,lexicalist hypothesis,,0.433156818151474,"0.2262, 0.0460, 0.2426, 0.2426, 0.2426",0.7951600700616837
1,structural induction,,0.12365812808275223,"0.2378, 0.1374, 0.2083, 0.2083, 0.2083",0.7778372466564178
1,eager learning,,0.16474398970603943,"0.2006, 0.1120, 0.2291, 0.2291, 0.2291",0.743834912776947
1,optimality problem,,0.28336626291275024,"0.2233, 0.0830, 0.2312, 0.2312, 0.2312",0.9288315325975418
1,string kernels,,0.4997463524341583,"0.1879, 0.1459, 0.2221, 0.2221, 0.2221",0.8336014151573181
1,address pool,,0.38600948452949524,"0.1931, 0.0988, 0.2361, 0.2361, 0.2361",0.8783387020230293
1,analog filters,,0.4612308740615845,"0.1867, 0.1623, 0.2170, 0.2170, 0.2170",0.825563445687294
1,3d user interaction techniques,,0.29638588428497314,"0.2359, 0.2207, 0.1640, 0.1321, 0.2474",0.691605806350708
1,maximum likelihood,,0.1383417397737503,"0.2422, 0.1950, 0.1876, 0.1876, 0.1876",0.8571568429470062
1,adjacent vertices,,0.35941433906555176,"0.1544, 0.1532, 0.2308, 0.2308, 0.2308",0.9627114348113537
1,learning state,,0.19110730290412903,"0.1648, 0.1587, 0.2255, 0.2255, 0.2255",0.700011819601059
1,logspace reductions,,0.4020734429359436,"0.1834, 0.1537, 0.2209, 0.2209, 0.2209",0.885790728032589
1,relational algebra,,0.4759271740913391,"0.1473, 0.1494, 0.2344, 0.2344, 0.2344",0.8675632327795029
1,desktop environment,,0.4250791072845459,"0.1539, 0.1676, 0.2262, 0.2262, 0.2262",0.6908991038799286
1,truth value,,0.361072301864624,"0.1706, 0.1458, 0.2279, 0.2279, 0.2279",0.8630131632089615
1,system level analysis,,0.38257649540901184,"0.2180, 0.2347, 0.0870, 0.2301, 0.2301",0.5568204820156097
1,categorical label,,0.33390378952026367,"0.1161, 0.1871, 0.2323, 0.2323, 0.2323",0.945680420845747
1,economic game theory,,0.49936968088150024,"0.2281, 0.1911, 0.0947, 0.2430, 0.2430",0.8176433891057968
1,bitwise operations,,0.4453456401824951,"0.2299, 0.0540, 0.2387, 0.2387, 0.2387",0.8663259744644165
1,information system,,0.46556025743484497,"0.1176, 0.1699, 0.2375, 0.2375, 0.2375",0.42776691913604736
1,multimedia communication,,0.43752285838127136,"0.1172, 0.1972, 0.2285, 0.2285, 0.2285",0.6134024262428284
1,boundary singularity,,0.1271069049835205,"0.2032, 0.1523, 0.2148, 0.2148, 0.2148",0.9453877508640289
1,temporal coupling,,0.49781984090805054,"0.0797, 0.2309, 0.2298, 0.2298, 0.2298",0.8897521942853928
1,original data,,0.24490229785442352,"0.1350, 0.1294, 0.2452, 0.2452, 0.2452",0.7252703905105591
1,handwriting recognition,,0.4679470658302307,"0.1565, 0.1129, 0.2436, 0.2436, 0.2436",0.7688311189413071
1,ram usage,,0.283563494682312,"0.1846, 0.0679, 0.2492, 0.2492, 0.2492",0.7802511751651764
1,tensor product,,0.13630029559135437,"0.2228, 0.0434, 0.2446, 0.2446, 0.2446",0.763838917016983
1,sibling calls,,0.0,"0.2053, 0.1387, 0.2187, 0.2187, 0.2187",0.9663575440645218
1,polymorphic association,,0.48040348291397095,"0.1927, 0.1083, 0.2330, 0.2330, 0.2330",0.8495725393295288
1,zip files,,0.48789963126182556,"0.1575, 0.1182, 0.2415, 0.2415, 0.2415",0.9139908105134964
1,first-order reduction,,0.24870029091835022,"0.2204, 0.1301, 0.2165, 0.2165, 0.2165",0.78818279504776
1,cognitive science,,0.3815390467643738,"0.1091, 0.1564, 0.2448, 0.2448, 0.2448",0.5035530626773834
1,autonomous operation,,0.42733392119407654,"0.2232, 0.0504, 0.2421, 0.2421, 0.2421",0.759742945432663
1,receive quality metric,,0.15834684669971466,"0.1775, 0.1618, 0.2277, 0.2165, 0.2165",0.7770266085863113
1,reverse indexes,,0.4179689288139343,"0.2247, 0.0849, 0.2301, 0.2301, 0.2301",0.8298269659280777
1,training set,,0.12724101543426514,"0.2170, 0.1366, 0.2154, 0.2154, 0.2154",0.765800416469574
1,combinational circuits,,0.4609222114086151,"0.1218, 0.1813, 0.2323, 0.2323, 0.2323",0.6548555791378021
1,term complex data type,,0.07563384622335434,"0.1929, 0.1787, 0.1530, 0.2282, 0.2472",0.6791803240776062
1,software design description,,0.402295857667923,"0.1818, 0.2019, 0.1241, 0.2461, 0.2461",0.6146649718284607
1,ensemble learning method,,0.2540420591831207,"0.2380, 0.1704, 0.1155, 0.2381, 0.2381",0.8610852658748627
1,output label,,0.36255306005477905,"0.1617, 0.1791, 0.2197, 0.2197, 0.2197",0.8624155670404434
1,resizable array,,0.4832024574279785,"0.1730, 0.1511, 0.2253, 0.2253, 0.2253",0.9587380066514015
1,right stochastic matrix,,0.42964157462120056,"0.1699, 0.1960, 0.1507, 0.2417, 0.2417",0.9149327576160431
1,streaming media,,0.349959135055542,"0.1464, 0.1357, 0.2393, 0.2393, 0.2393",0.7728746384382248
1,gibbs sampling,,0.42445510625839233,"0.2305, 0.0526, 0.2390, 0.2390, 0.2390",0.8819533511996269
1,minimum degree algorithm,,0.42837998270988464,"0.2439, 0.2473, 0.0855, 0.2116, 0.2116",0.7769344002008438
1,big data applications,,0.2076212465763092,"0.2194, 0.1613, 0.1377, 0.2408, 0.2408",0.5702171325683594
1,combinatorial optimization problems,,0.17552030086517334,"0.2407, 0.1948, 0.0709, 0.2468, 0.2468",0.8471431881189346
1,automatic speech recognition,,0.38395771384239197,"0.2401, 0.1735, 0.0962, 0.2451, 0.2451",0.8718693405389786
1,central processing unit,,0.46311110258102417,"0.2213, 0.0832, 0.2065, 0.2445, 0.2445",0.6428045630455017
1,eigenmode expansion,,0.41855674982070923,"0.2176, 0.1202, 0.2207, 0.2207, 0.2207",0.861550897359848
1,caesar shift,,0.41717666387557983,"0.1287, 0.1441, 0.2424, 0.2424, 0.2424",0.9978640698827803
1,scientific visualization,,0.296207070350647,"0.1838, 0.0957, 0.2401, 0.2401, 0.2401",0.526837021112442
1,graphic design,,0.3815469741821289,"0.1596, 0.1465, 0.2313, 0.2313, 0.2313",0.6910324394702911
1,image search tool,,0.3594294786453247,"0.2291, 0.0972, 0.1764, 0.2486, 0.2486",0.7984634935855865
1,uniqueness theorem,,0.26100319623947144,"0.1314, 0.1929, 0.2252, 0.2252, 0.2252",0.9380317591130733
1,test bits,,0.2610853910446167,"0.1443, 0.1528, 0.2343, 0.2343, 0.2343",0.8140938580036163
1,bernstein basis polynomials,,0.3450932502746582,"0.2343, 0.1527, 0.1307, 0.2411, 0.2411",0.9359798952937126
1,complex vector spaces,,0.363943874835968,"0.1574, 0.1861, 0.1747, 0.2409, 0.2409",0.9528737440705299
1,electronic signatures,,0.3918944299221039,"0.1256, 0.2010, 0.2245, 0.2245, 0.2245",0.7335877120494843
1,formal knowledge representation languages,,0.12541069090366364,"0.2483, 0.1601, 0.1844, 0.1621, 0.2451",0.6687934696674347
1,time complexity,,0.43119823932647705,"0.1784, 0.1486, 0.2244, 0.2244, 0.2244",0.730131208896637
1,unreversed indexes,,0.3509286940097809,"0.2048, 0.1022, 0.2310, 0.2310, 0.2310",0.8140498101711273
1,private key,,0.317034512758255,"0.1586, 0.1831, 0.2194, 0.2194, 0.2194",0.9248378649353981
1,system usability scale,,0.30103474855422974,"0.2058, 0.1563, 0.2263, 0.2058, 0.2058",0.5359116196632385
1,hurwitz stable,,0.18626229465007782,"0.1995, 0.2108, 0.1966, 0.1966, 0.1966",0.9395585991442204
1,single core processors,,0.41068893671035767,"0.2217, 0.2206, 0.1217, 0.2180, 0.2180",0.7317091226577759
1,abstract data types,,0.44604265689849854,"0.2127, 0.1113, 0.1914, 0.2423, 0.2423",0.7687803506851196
1,software engineering body,,0.3463541269302368,"0.1789, 0.2181, 0.1165, 0.2432, 0.2432",0.44982725381851196
1,evaluation method,,0.39253664016723633,"0.2138, 0.0821, 0.2347, 0.2347, 0.2347",0.754825085401535
1,information technology methods,,0.3565201759338379,"0.1921, 0.1602, 0.1579, 0.2449, 0.2449",0.3957527279853821
1,outer node,,0.4657617211341858,"0.1554, 0.1998, 0.2149, 0.2149, 0.2149",0.9927471652626991
1,combinatorial explosion,,0.1586613804101944,"0.1658, 0.1628, 0.2238, 0.2238, 0.2238",0.7722115814685822
1,linearly dependent,,0.3617159426212311,"0.2205, 0.0595, 0.2400, 0.2400, 0.2400",0.868549033999443
1,squared euclidean distances,,0.2969484031200409,"0.2212, 0.1979, 0.1244, 0.2283, 0.2283",0.9555544890463352
1,scientific method,,0.28904640674591064,"0.1885, 0.1236, 0.2293, 0.2293, 0.2293",0.5512943863868713
1,software development,,0.3608667850494385,"0.1639, 0.1129, 0.2411, 0.2411, 0.2411",0.5374779105186462
1,creational pattern,,0.3974536955356598,"0.1306, 0.1353, 0.2447, 0.2447, 0.2447",0.8603224158287048
1,logical expressions,,0.38309842348098755,"0.2131, 0.0567, 0.2434, 0.2434, 0.2434",0.9133126139640808
1,quantum mechanics,,0.078846774995327,"0.2395, 0.2421, 0.1728, 0.1728, 0.1728",0.7883282005786896
1,cumulative reward,,0.2246541976928711,"0.1720, 0.1143, 0.2379, 0.2379, 0.2379",0.9352821484208107
1,max-flow min-cut theorem,,0.47714963555336,"0.1968, 0.1359, 0.2014, 0.2329, 0.2329",0.9810319915413857
1,analog-to-digital converter,,0.4497939944267273,"0.1291, 0.2163, 0.2182, 0.2182, 0.2182",0.7259377837181091
1,nearest neighbor problem,,0.43233349919319153,"0.2189, 0.1967, 0.1108, 0.2368, 0.2368",0.9300123825669289
1,scalar response,,0.1995847076177597,"0.2409, 0.0857, 0.2245, 0.2245, 0.2245",0.8596505522727966
1,structure mining,,0.4964747428894043,"0.2391, 0.0527, 0.2361, 0.2361, 0.2361",0.733813464641571
1,exception handling,,0.3109835982322693,"0.2319, 0.0495, 0.2395, 0.2395, 0.2395",0.9935449217446148
1,application crashing,,0.2244863063097,"0.1566, 0.1316, 0.2373, 0.2373, 0.2373",0.7937988936901093
1,boltzmann learning rule,,0.479051798582077,"0.2401, 0.1666, 0.1416, 0.2258, 0.2258",0.8038485795259476
1,constraint decision model,,0.4045933485031128,"0.2452, 0.1139, 0.1548, 0.2430, 0.2430",0.8489910811185837
1,hadamard product,,0.18909011781215668,"0.2099, 0.0503, 0.2466, 0.2466, 0.2466",0.7573004364967346
1,clock cycle,,0.17414312064647675,"0.2254, 0.1955, 0.1930, 0.1930, 0.1930",0.8425365537405014
1,reinforcement learning,,0.47198399901390076,"0.1960, 0.0964, 0.2359, 0.2359, 0.2359",0.8227697014808655
1,classic search algorithms,,0.29742419719696045,"0.2304, 0.1339, 0.1425, 0.2466, 0.2466",0.6928314864635468
1,explanatory variables,,0.24981126189231873,"0.1530, 0.1206, 0.2421, 0.2421, 0.2421",0.8704491257667542
1,decision making problems,,0.0,"0.2244, 0.1396, 0.1445, 0.2457, 0.2457",0.8387999385595322
1,adjacency list,,0.44605058431625366,"0.2044, 0.0661, 0.2432, 0.2432, 0.2432",0.8822083249688148
1,gaming systems,,0.40690740942955017,"0.1602, 0.1660, 0.2246, 0.2246, 0.2246",0.56203892827034
1,sweep surface,,0.4162156283855438,"0.1832, 0.0873, 0.2432, 0.2432, 0.2432",0.8806829005479813
1,main functions,,0.22993609309196472,"0.2291, 0.0801, 0.2303, 0.2303, 0.2303",0.8553065806627274
1,schwartzian transform,,0.3645966053009033,"0.2084, 0.1184, 0.2244, 0.2244, 0.2244",0.9563411325216293
1,optimization problems,,0.33079004287719727,"0.1954, 0.0748, 0.2433, 0.2433, 0.2433",0.8452789634466171
1,margin classifier,,0.4588800072669983,"0.1983, 0.1831, 0.2062, 0.2062, 0.2062",0.81126968562603
1,mathematical formula,,0.3170602321624756,"0.2081, 0.1198, 0.2240, 0.2240, 0.2240",0.8811877220869064
1,objective function,,0.49334752559661865,"0.2270, 0.0352, 0.2459, 0.2459, 0.2459",0.8948633074760437
1,mathematical duality,,0.3985362648963928,"0.1676, 0.1943, 0.2127, 0.2127, 0.2127",0.8358010053634644
1,prune and search,,0.0,"0.2476, 0.1604, 0.0954, 0.2483, 0.2483",0.8484828323125839
1,design pattern,,0.45654287934303284,"0.2046, 0.0913, 0.2347, 0.2347, 0.2347",0.7093701958656311
1,minimum degree algorithms,,0.3978559374809265,"0.2439, 0.2473, 0.0834, 0.2127, 0.2127",0.7500473260879517
1,knowledge discovery,,0.1213134229183197,"0.2024, 0.0518, 0.2486, 0.2486, 0.2486",0.6050162613391876
1,semantic predicates,,0.1495794653892517,"0.1599, 0.1132, 0.2423, 0.2423, 0.2423",0.9065469652414322
1,doubly linked list,,0.003992373123764992,"0.1417, 0.1923, 0.1774, 0.2443, 0.2443",0.9638472497463226
1,accurate identification method,,0.37791526317596436,"0.2160, 0.1521, 0.1424, 0.2447, 0.2447",0.7875840663909912
1,gap analysis,,0.37716978788375854,"0.1739, 0.1274, 0.2329, 0.2329, 0.2329",0.7578229755163193
1,minimum k-cut,,0.08325106650590897,"0.2367, 0.1627, 0.2002, 0.2002, 0.2002",0.9717062003910542
1,attention mechanisms,,0.05245345085859299,"0.1523, 0.1435, 0.2347, 0.2347, 0.2347",0.8469385206699371
1,enhanced double hashing,,0.17612822353839874,"0.1740, 0.2019, 0.1428, 0.2406, 0.2406",0.9204500019550323
1,hamming distance,,0.28035569190979004,"0.1287, 0.1754, 0.2320, 0.2320, 0.2320",0.8256139308214188
1,imperative features,,0.0,"0.2264, 0.0603, 0.2378, 0.2378, 0.2378",0.7945356220006943
1,floor space,,0.3103982210159302,"0.1493, 0.1383, 0.2375, 0.2375, 0.2375",0.8155344575643539
1,normalized entropy,,0.3280270993709564,"0.1978, 0.2282, 0.1913, 0.1913, 0.1913",0.8518246412277222
1,parent class,,0.19301289319992065,"0.1437, 0.2090, 0.2158, 0.2158, 0.2158",0.9378820955753326
1,ux design,,0.3569658398628235,"0.1591, 0.1560, 0.2283, 0.2283, 0.2283",0.7001894414424896
1,complexity bounds,,0.42673689126968384,"0.1558, 0.1711, 0.2244, 0.2244, 0.2244",0.8223248571157455
1,characteristic polynomial,,0.23096966743469238,"0.1783, 0.1501, 0.2239, 0.2239, 0.2239",0.8102921396493912
1,common language runtime,,0.10877364128828049,"0.1443, 0.1795, 0.1919, 0.2421, 0.2421",0.6804075241088867
1,future data,,0.2851424515247345,"0.1398, 0.1284, 0.2439, 0.2439, 0.2439",0.6074473261833191
1,star network,,0.16892415285110474,"0.1843, 0.1856, 0.2100, 0.2100, 0.2100",0.7857611626386642
1,compiler optimization technique,,0.4092111587524414,"0.2425, 0.1946, 0.0695, 0.2467, 0.2467",0.7302114963531494
1,weighted round robin,,0.28771156072616577,"0.2069, 0.1646, 0.1733, 0.2276, 0.2276",0.9648184068500996
1,training time,,0.22811461985111237,"0.2084, 0.1655, 0.2087, 0.2087, 0.2087",0.7606039345264435
1,information dimension,,0.4254515767097473,"0.0845, 0.2062, 0.2364, 0.2364, 0.2364",0.6501393616199493
1,descriptive statistics,,0.0076378583908081055,"0.1383, 0.1555, 0.2354, 0.2354, 0.2354",0.7880958914756775
1,hebbian learning,,0.363042414188385,"0.1373, 0.1373, 0.2418, 0.2418, 0.2418",0.7491991519927979
1,embedded systems,,0.48256781697273254,"0.1471, 0.1901, 0.2209, 0.2209, 0.2209",0.5851967334747314
1,fitts's law,,0.01695931702852249,"0.2257, 0.2342, 0.1800, 0.1800, 0.1800",0.920041449368
1,activation function,,0.43702441453933716,"0.1931, 0.0678, 0.2464, 0.2464, 0.2464",0.8583400398492813
1,empirical eigenfunction,,0.48741135001182556,"0.1378, 0.1940, 0.2227, 0.2227, 0.2227",0.7836684733629227
1,physical memory,,0.2645183205604553,"0.2405, 0.0458, 0.2379, 0.2379, 0.2379",0.688784271478653
1,counterclockwise rotation,,0.4700219929218292,"0.2387, 0.2050, 0.1854, 0.1854, 0.1854",0.9537345729768276
1,child vertices,,0.2879677712917328,"0.1807, 0.1656, 0.2179, 0.2179, 0.2179",0.9782869536429644
1,frequent pattern discovery,,0.0,"0.2135, 0.2255, 0.0647, 0.2482, 0.2482",0.7473626434803009
1,least square estimators,,0.09113355726003647,"0.2371, 0.1951, 0.1501, 0.2088, 0.2088",0.88515904545784
1,recursive relation,,0.4758712947368622,"0.1994, 0.0785, 0.2407, 0.2407, 0.2407",0.8560682833194733
1,linear programming algorithm finds,,0.0,"0.2495, 0.2481, 0.2417, 0.0108, 0.2500",0.7557253837585449
1,flow diagram,,0.49899914860725403,"0.1321, 0.1609, 0.2357, 0.2357, 0.2357",0.793484702706337
1,cost allocation,,0.35254186391830444,"0.2092, 0.1031, 0.2292, 0.2292, 0.2292",0.9129462093114853
1,functional arguments,,0.3866642117500305,"0.1683, 0.1638, 0.2226, 0.2226, 0.2226",0.9451535530388355
1,based learning,,0.38364529609680176,"0.1565, 0.1175, 0.2420, 0.2420, 0.2420",0.6836716830730438
1,design problem,,0.08909530192613602,"0.2088, 0.0944, 0.2323, 0.2323, 0.2323",0.727954775094986
1,external node,,0.46707049012184143,"0.1655, 0.1905, 0.2146, 0.2146, 0.2146",0.9150275066494942
1,reverse lookup,,0.10809804499149323,"0.2226, 0.0619, 0.2385, 0.2385, 0.2385",0.790969967842102
1,copyright investigation,,0.37533313035964966,"0.1944, 0.0954, 0.2367, 0.2367, 0.2367",0.736201286315918
1,conceptual design discipline,,0.0,"0.1802, 0.1835, 0.2083, 0.2140, 0.2140",0.7273746728897095
1,spatial relations,,0.3172839879989624,"0.1701, 0.1283, 0.2339, 0.2339, 0.2339",0.9077555015683174
1,adaptive equalizers,,0.36460769176483154,"0.1896, 0.1222, 0.2294, 0.2294, 0.2294",0.844571590423584
1,runtime framework,,0.4116983413696289,"0.1782, 0.1594, 0.2208, 0.2208, 0.2208",0.7548885345458984
1,golay code,,0.46622031927108765,"0.0702, 0.2020, 0.2426, 0.2426, 0.2426",0.9009874314069748
1,jacobi iteration method,,0.4521337151527405,"0.2277, 0.1677, 0.1111, 0.2468, 0.2468",0.9309552013874054
1,run time,,0.2781554162502289,"0.1469, 0.1575, 0.2319, 0.2319, 0.2319",0.8094958811998367
1,fuzzy classification predicate,,0.3717626631259918,"0.1952, 0.1928, 0.1169, 0.2475, 0.2475",0.8366746157407761
1,fortran basic linear algebra subprograms,,0.3737241327762604,"0.2129, 0.2358, 0.2304, 0.2103, 0.1107",0.8917437195777893
1,dependency network,,0.45185327529907227,"0.1927, 0.1548, 0.2175, 0.2175, 0.2175",0.7809886634349823
1,learning automaton,,0.4012386202812195,"0.1428, 0.1600, 0.2324, 0.2324, 0.2324",0.6990512013435364
1,formal language theory,,0.41721484065055847,"0.2453, 0.1800, 0.1370, 0.2189, 0.2189",0.7314697802066803
1,dimensional space,,0.4882591962814331,"0.1637, 0.1294, 0.2356, 0.2356, 0.2356",0.9139092266559601
1,left stochastic matrix,,0.22771500051021576,"0.1564, 0.1982, 0.1627, 0.2413, 0.2413",0.9203634634613991
1,unified modelling language,,0.4570697844028473,"0.2346, 0.2186, 0.0782, 0.2343, 0.2343",0.7234735488891602
1,octave scripting language,,0.2615450620651245,"0.2306, 0.1953, 0.1381, 0.2180, 0.2180",0.8015561699867249
1,batch learning techniques,,0.22798117995262146,"0.1907, 0.1603, 0.1608, 0.2441, 0.2441",0.6937756538391113
1,file overwrites,,0.28230294585227966,"0.1059, 0.1813, 0.2376, 0.2376, 0.2376",0.9004263579845428
1,evolution strategies,,0.05976971983909607,"0.1882, 0.1165, 0.2317, 0.2317, 0.2317",0.7387398183345795
1,instance-based learning,,0.49320513010025024,"0.1682, 0.1078, 0.2414, 0.2414, 0.2414",0.7351500689983368
1,fully connected layers,,0.359403520822525,"0.2005, 0.1742, 0.1873, 0.2190, 0.2190",0.9060674831271172
1,information distances,,0.41136229038238525,"0.1036, 0.1733, 0.2410, 0.2410, 0.2410",0.6924618184566498
1,degree matrix,,0.23044927418231964,"0.2419, 0.1718, 0.1954, 0.1954, 0.1954",0.8466027975082397
1,numerical operations,,0.26498594880104065,"0.2435, 0.0609, 0.2319, 0.2319, 0.2319",0.8578810542821884
1,applied mathematics,,0.38323724269866943,"0.1600, 0.1687, 0.2238, 0.2238, 0.2238",0.7854233086109161
1,biological data,,0.17215505242347717,"0.1174, 0.1441, 0.2462, 0.2462, 0.2462",0.6737802028656006
1,input sentence,,0.0,"0.2229, 0.0479, 0.2431, 0.2431, 0.2431",0.9321343824267387
1,software construction,,0.494647741317749,"0.1827, 0.0862, 0.2437, 0.2437, 0.2437",0.48890143632888794
1,linearly independent variables,,0.36862677335739136,"0.2250, 0.2107, 0.0859, 0.2392, 0.2392",0.8972848206758499
1,fibonacci search technique,,0.4430609941482544,"0.2440, 0.1258, 0.1386, 0.2458, 0.2458",0.7714154273271561
1,online information,,0.33712583780288696,"0.2067, 0.0647, 0.2429, 0.2429, 0.2429",0.6133410930633545
1,euclidean division,,0.303378164768219,"0.2024, 0.1889, 0.2029, 0.2029, 0.2029",0.8991698175668716
1,global minimum,,0.2999108135700226,"0.1358, 0.2313, 0.2110, 0.2110, 0.2110",0.9487920626997948
1,single nearest neighbor,,0.3829132318496704,"0.2293, 0.1939, 0.1809, 0.1979, 0.1979",0.9384680390357971
1,rayleigh quotient,,0.3370931148529053,"0.1930, 0.1941, 0.2043, 0.2043, 0.2043",0.9504997543990612
1,object recognition  technical report icg,,0.012330209836363792,"0.2210, 0.1703, 0.2458, 0.2187, 0.1442",0.6332859992980957
1,revision control software,,0.2399730533361435,"0.2290, 0.2300, 0.0742, 0.2334, 0.2334",0.7075917422771454
1,baseline method,,0.3412032425403595,"0.2435, 0.1269, 0.2099, 0.2099, 0.2099",0.8887410089373589
1,training data,,0.4313884973526001,"0.2154, 0.0784, 0.2354, 0.2354, 0.2354",0.6179344654083252
1,lookup table,,0.36202818155288696,"0.1546, 0.1219, 0.2412, 0.2412, 0.2412",0.7919476479291916
1,back end,,0.0,"0.1265, 0.1645, 0.2363, 0.2363, 0.2363",0.9348987564444542
1,multi layer perceptron,,0.2663661539554596,"0.1386, 0.1801, 0.1986, 0.2413, 0.2413",0.8408875316381454
1,conjunctive normal form,,0.2053806036710739,"0.1974, 0.2408, 0.1684, 0.1967, 0.1967",0.9700084682554007
1,membership function,,0.47209063172340393,"0.2374, 0.0461, 0.2389, 0.2389, 0.2389",0.8983199223876
1,uniform binary search,,0.3514271378517151,"0.2418, 0.2262, 0.0524, 0.2398, 0.2398",0.762798935174942
1,double-ended priority queue,,0.28827646374702454,"0.1915, 0.2139, 0.1766, 0.2090, 0.2090",0.9575669728219509
1,linear probing,,0.46627283096313477,"0.2275, 0.0445, 0.2427, 0.2427, 0.2427",0.7990257889032364
