IfCS,Phrase,Correct,Probablity,Attention,Distance
1,dimensional generalization,,0.4949597418308258,"0.1871, 0.1633, 0.2165, 0.2165, 0.2165",0.8243590891361237
1,structural induction,,0.10670186579227448,"0.2126, 0.2142, 0.1911, 0.1911, 0.1911",0.7778372466564178
1,association rule learning,,0.09404857456684113,"0.2488, 0.2442, 0.2204, 0.1433, 0.1433",0.8228544294834137
1,confidence score,,0.03410889953374863,"0.2324, 0.1976, 0.1900, 0.1900, 0.1900",0.9276563450694084
1,incidence matrix,,0.48287591338157654,"0.2362, 0.0495, 0.2381, 0.2381, 0.2381",0.9091937318444252
1,recommendation systems,,0.12465428560972214,"0.2436, 0.1661, 0.1968, 0.1968, 0.1968",0.7537762224674225
1,interpolative decomposition,,0.36820223927497864,"0.1541, 0.1079, 0.2460, 0.2460, 0.2460",0.8935478329658508
1,scientific method,,0.24840225279331207,"0.2198, 0.1744, 0.2019, 0.2019, 0.2019",0.5512943863868713
1,degree matrix,,0.3445570468902588,"0.2348, 0.0552, 0.2367, 0.2367, 0.2367",0.8466027975082397
1,least linear,,0.39838674664497375,"0.2440, 0.1134, 0.2142, 0.2142, 0.2142",0.8712161779403687
1,ux design,,0.21579673886299133,"0.1732, 0.2217, 0.2017, 0.2017, 0.2017",0.7001894414424896
1,structural analysis,,0.49029573798179626,"0.1595, 0.1711, 0.2231, 0.2231, 0.2231",0.6998788714408875
1,object recognition  technical report icg,,0.03023737668991089,"0.2490, 0.2469, 0.0100, 0.2463, 0.2479",0.6332859992980957
1,biologically inspired computing,,0.3673573434352875,"0.2470, 0.2443, 0.0564, 0.2262, 0.2262",0.42281877994537354
1,hadamard product,,0.16256925463676453,"0.2338, 0.1967, 0.1898, 0.1898, 0.1898",0.7573004364967346
1,Factory method,,0.45652952790260315,"0.1313, 0.1792, 0.2298, 0.2298, 0.2298",0.6697765290737152
1,hybrid merge sort,,0.08011877536773682,"0.2487, 0.2477, 0.2288, 0.1374, 0.1374",0.8225346207618713
1,multilevel sampling system,,0.43521541357040405,"0.1237, 0.1791, 0.2206, 0.2383, 0.2383",0.8446784466505051
1,evolution strategies,,0.10540520399808884,"0.2193, 0.2335, 0.1824, 0.1824, 0.1824",0.7387398183345795
1,medical imaging,,0.06553172320127487,"0.2468, 0.2289, 0.1747, 0.1747, 0.1747",0.7719188630580902
1,modern deep learning models,,0.2510855495929718,"0.2487, 0.2301, 0.1749, 0.2068, 0.1395",0.7341309785842896
1,input signal,,0.3852681815624237,"0.1148, 0.1739, 0.2371, 0.2371, 0.2371",0.7930375635623932
1,state machines,,0.3839966952800751,"0.2253, 0.1311, 0.2145, 0.2145, 0.2145",0.5964223742485046
1,pattern matching,,0.21754224598407745,"0.2004, 0.2456, 0.1847, 0.1847, 0.1847",0.9382257796823978
1,matroid problems,,0.4246862828731537,"0.1138, 0.2101, 0.2253, 0.2253, 0.2253",0.9988733903737739
1,strategy pattern,,0.3127332627773285,"0.2206, 0.1587, 0.2069, 0.2069, 0.2069",0.7582177072763443
1,application crashing,,0.48646318912506104,"0.1898, 0.1285, 0.2272, 0.2272, 0.2272",0.7937988936901093
1,parent class,,0.1769101917743683,"0.2440, 0.2172, 0.1796, 0.1796, 0.1796",0.9378820955753326
1,motion graphics design,,0.37612977623939514,"0.2019, 0.1209, 0.2302, 0.2235, 0.2235",0.7804621607065201
1,augmented reality,,0.09629981964826584,"0.2327, 0.2272, 0.1800, 0.1800, 0.1800",0.8002863377332687
1,parallel sort,,0.4735599756240845,"0.2031, 0.1936, 0.2011, 0.2011, 0.2011",0.8065808266401291
1,boosting methods,,0.14647148549556732,"0.2434, 0.1458, 0.2036, 0.2036, 0.2036",0.7757885605096817
1,test bits,,0.257546067237854,"0.2271, 0.1740, 0.1996, 0.1996, 0.1996",0.8140938580036163
1,humancomputer interaction,,0.41698768734931946,"0.0379, 0.2322, 0.2433, 0.2433, 0.2433",0.49718165397644043
1,basic function,,0.42964738607406616,"0.2315, 0.0879, 0.2268, 0.2268, 0.2268",0.8394009172916412
1,unrolled linked lists,,0.3608452379703522,"0.2481, 0.2133, 0.1795, 0.1796, 0.1796",0.9788346439599991
1,pattern recognition task,,0.2819805443286896,"0.2299, 0.2004, 0.2347, 0.1675, 0.1675",0.7390315234661102
1,conceptual design discipline,,0.031357720494270325,"0.2481, 0.2477, 0.2480, 0.1281, 0.1281",0.7273746728897095
1,method call,,0.1353035271167755,"0.1950, 0.2310, 0.1913, 0.1913, 0.1913",0.8738499134778976
1,bounds checking,,0.4254433810710907,"0.1825, 0.2005, 0.2057, 0.2057, 0.2057",0.9312534183263779
1,multi layer perceptron,,0.08993232995271683,"0.2359, 0.1792, 0.2435, 0.1707, 0.1707",0.8408875316381454
1,logical unit,,0.44340023398399353,"0.1434, 0.1923, 0.2215, 0.2215, 0.2215",0.7795663326978683
1,abstract data types,,0.1295127123594284,"0.2436, 0.2074, 0.2471, 0.1509, 0.1509",0.7687803506851196
1,decision tree technique,,0.3184719383716583,"0.2489, 0.1979, 0.2271, 0.1630, 0.1630",0.7662589699029922
1,ip address pool,,0.34485235810279846,"0.2084, 0.1805, 0.2365, 0.1873, 0.1873",0.899247832596302
1,computer games,,0.31789547204971313,"0.1232, 0.2407, 0.2120, 0.2120, 0.2120",0.45230036973953247
1,creational pattern,,0.39444082975387573,"0.2094, 0.1794, 0.2037, 0.2037, 0.2037",0.8603224158287048
1,private key set,,0.04226101189851761,"0.2495, 0.2458, 0.2358, 0.1345, 0.1345",0.9672052264213562
1,classical computer,,0.2792670428752899,"0.2138, 0.1656, 0.2068, 0.2068, 0.2068",0.3000391721725464
1,finite automata theory,,0.41821354627609253,"0.2382, 0.1691, 0.1910, 0.2009, 0.2009",0.7954685688018799
1,significant digits,,0.029705289751291275,"0.2488, 0.2459, 0.1684, 0.1684, 0.1684",0.883368730545044
1,public key encryption models,,0.46748244762420654,"0.2472, 0.2342, 0.1219, 0.2007, 0.1959",0.8335793167352676
1,applied mathematics,,0.15890437364578247,"0.2411, 0.1721, 0.1956, 0.1956, 0.1956",0.7854233086109161
1,doubly linked list,,0.13393335044384003,"0.2496, 0.2368, 0.2271, 0.1433, 0.1433",0.9638472497463226
1,minimum degree algorithm,,0.1785527616739273,"0.2473, 0.2374, 0.1022, 0.2066, 0.2066",0.7769344002008438
1,right stochastic matrix,,0.4553227722644806,"0.2430, 0.1232, 0.1510, 0.2414, 0.2414",0.9149327576160431
1,sorting lists,,0.2934674918651581,"0.2148, 0.2134, 0.1906, 0.1906, 0.1906",0.8816601857542992
1,system performance,,0.21338018774986267,"0.1617, 0.2086, 0.2099, 0.2099, 0.2099",0.5839947462081909
1,quantum error,,0.4107063114643097,"0.1668, 0.1692, 0.2213, 0.2213, 0.2213",0.8951331898570061
1,resource allocation,,0.4173658788204193,"0.1170, 0.1540, 0.2430, 0.2430, 0.2430",0.810980960726738
1,mathematical constructors,,0.3559485375881195,"0.1500, 0.2062, 0.2146, 0.2146, 0.2146",0.8377158492803574
1,systems engineering,,0.49341312050819397,"0.1202, 0.1844, 0.2318, 0.2318, 0.2318",0.4601204991340637
1,internet service providers,,0.016697287559509277,"0.2433, 0.2456, 0.2450, 0.1330, 0.1330",0.7599459290504456
1,mobile computing devices,,0.4731706976890564,"0.2213, 0.0682, 0.2478, 0.2314, 0.2314",0.6265271306037903
1,regular graph,,0.43350955843925476,"0.2432, 0.0476, 0.2364, 0.2364, 0.2364",0.8327886760234833
1,chi-square automatic interaction detection,,0.3275771737098694,"0.2482, 0.2422, 0.2180, 0.1858, 0.1058",0.797818586230278
1,optimal solution,,0.025712471455335617,"0.1922, 0.2188, 0.1963, 0.1963, 0.1963",0.883571170270443
1,stochastic weights,,0.4680030047893524,"0.0589, 0.2350, 0.2354, 0.2354, 0.2354",0.8424661457538605
1,dynamic host configuration protocol,,0.49606049060821533,"0.1592, 0.1837, 0.2020, 0.2107, 0.2444",0.8815066963434219
1,scalar response,,0.19557702541351318,"0.1098, 0.2364, 0.2179, 0.2179, 0.2179",0.8596505522727966
1,adjacency list,,0.30358603596687317,"0.2161, 0.2004, 0.1945, 0.1945, 0.1945",0.8822083249688148
1,random subset,,0.2692869305610657,"0.2091, 0.2149, 0.1920, 0.1920, 0.1920",0.8996616676449776
1,user experience design,,0.03264668956398964,"0.2466, 0.2463, 0.2404, 0.1333, 0.1333",0.7024873197078705
1,continuous function,,0.38772130012512207,"0.2298, 0.0834, 0.2289, 0.2289, 0.2289",0.8914144039154053
1,temporal coupling,,0.34527644515037537,"0.1705, 0.2245, 0.2017, 0.2017, 0.2017",0.8897521942853928
1,factory method,,0.45652952790260315,"0.1313, 0.1792, 0.2298, 0.2298, 0.2298",0.6697765290737152
1,n log n comparisons,,0.025069396942853928,"0.2499, 0.2487, 0.2493, 0.2484, 0.0037",0.7884631007909775
1,predicate logic,,0.47367972135543823,"0.2327, 0.0903, 0.2257, 0.2257, 0.2257",0.872430145740509
1,fp discovery,,0.21560943126678467,"0.2268, 0.2119, 0.1871, 0.1871, 0.1871",0.6086243987083435
1,image file formats,,0.025716440752148628,"0.2416, 0.2218, 0.2319, 0.1523, 0.1523",0.885007306933403
1,fuzzy classification predicate,,0.2702750265598297,"0.2402, 0.2267, 0.2276, 0.1528, 0.1528",0.8366746157407761
1,speech detection,,0.38888072967529297,"0.2416, 0.1816, 0.1923, 0.1923, 0.1923",0.797602653503418
1,mathematical formula,,0.297059029340744,"0.1693, 0.2179, 0.2042, 0.2042, 0.2042",0.8811877220869064
1,ogee curve,,0.48840007185935974,"0.2226, 0.1154, 0.2207, 0.2207, 0.2207",0.8727125525474548
1,theoretic method,,0.35533198714256287,"0.2241, 0.1301, 0.2153, 0.2153, 0.2153",0.8340418934822083
1,conventional dynamic memory allocation libraries,,0.42813894152641296,"0.2490, 0.2140, 0.1033, 0.2135, 0.2202",0.7442850172519684
1,ipn design,,0.4368493854999542,"0.0842, 0.2061, 0.2366, 0.2366, 0.2366",0.7244925498962402
1,child vertices,,0.32388412952423096,"0.2431, 0.1546, 0.2008, 0.2008, 0.2008",0.9782869536429644
1,uniform binary search,,0.45337992906570435,"0.2456, 0.1020, 0.2415, 0.2055, 0.2055",0.762798935174942
1,unreversed indexes,,0.32870355248451233,"0.2225, 0.1596, 0.2060, 0.2060, 0.2060",0.8140498101711273
1,ridge regressions,,0.48309752345085144,"0.2222, 0.0801, 0.2326, 0.2326, 0.2326",0.9265185222029686
1,big data applications,,0.18033170700073242,"0.2447, 0.1274, 0.2378, 0.1951, 0.1951",0.5702171325683594
1,frequent pattern discovery,,0.031708914786577225,"0.2499, 0.2469, 0.2480, 0.1276, 0.1276",0.7473626434803009
1,web forums,,0.3272748291492462,"0.1665, 0.2350, 0.1995, 0.1995, 0.1995",0.7853318452835083
1,software requirements analysis,,0.24785009026527405,"0.2019, 0.2445, 0.1924, 0.1806, 0.1806",0.5997700691223145
1,distance metric learning,,0.36410167813301086,"0.2410, 0.2306, 0.1666, 0.1809, 0.1809",0.8117695599794388
1,priority queue based data structure,,0.32365676760673523,"0.2498, 0.2423, 0.2275, 0.0521, 0.2283",0.7958555370569229
1,learning state,,0.19894330203533173,"0.2174, 0.2307, 0.1840, 0.1840, 0.1840",0.700011819601059
1,logical expressions,,0.2936728298664093,"0.1956, 0.1668, 0.2125, 0.2125, 0.2125",0.9133126139640808
1,primitive data types,,0.14060671627521515,"0.2421, 0.2092, 0.2474, 0.1506, 0.1506",0.7041106224060059
1,random iterates,,0.4610719680786133,"0.1475, 0.1785, 0.2247, 0.2247, 0.2247",0.8310337215662003
1,combinatorial explosion,,0.21094684302806854,"0.2010, 0.2398, 0.1864, 0.1864, 0.1864",0.7722115814685822
1,functional arguments,,0.1721317619085312,"0.1790, 0.1588, 0.2207, 0.2207, 0.2207",0.9451535530388355
1,decision model and notation,,0.02305208146572113,"0.2499, 0.2486, 0.2496, 0.2430, 0.0089",0.7687023133039474
1,vague set,,0.06606089323759079,"0.2422, 0.2336, 0.1747, 0.1747, 0.1747",0.9108179584145546
1,adaptive equalizers,,0.22156056761741638,"0.1729, 0.2201, 0.2023, 0.2023, 0.2023",0.844571590423584
1,k nearest neighbors,,0.06089024245738983,"0.2485, 0.2462, 0.2439, 0.1307, 0.1307",0.9733934123069048
1,metamathematics unit,,0.4460318386554718,"0.1569, 0.1848, 0.2195, 0.2195, 0.2195",0.7458565831184387
1,counterclockwise rotation,,0.4606733024120331,"0.0853, 0.1982, 0.2388, 0.2388, 0.2388",0.9537345729768276
1,spatial relations,,0.09147893637418747,"0.2385, 0.2291, 0.1774, 0.1774, 0.1774",0.9077555015683174
1,graph state,,0.39390599727630615,"0.1317, 0.2207, 0.2159, 0.2159, 0.2159",0.7744771391153336
1,standard sigmoid functions,,0.25216811895370483,"0.2480, 0.2176, 0.1310, 0.2017, 0.2017",0.886421374976635
1,loop splitting,,0.4009229838848114,"0.0565, 0.2158, 0.2426, 0.2426, 0.2426",0.9547895081341267
1,speech processing,,0.4934220612049103,"0.2217, 0.0483, 0.2434, 0.2434, 0.2434",0.7509104162454605
1,phylogenetic trees,,0.46628475189208984,"0.2430, 0.1886, 0.1895, 0.1895, 0.1895",0.8519451916217804
1,state space,,0.4835481643676758,"0.2200, 0.1169, 0.2210, 0.2210, 0.2210",0.7531171441078186
1,term complex data type,,0.06237151473760605,"0.2496, 0.2454, 0.2067, 0.2437, 0.0546",0.6791803240776062
1,combinatorial optimization problems,,0.3356597125530243,"0.2117, 0.1390, 0.2302, 0.2095, 0.2095",0.8471431881189346
1,human learning,,0.33990049362182617,"0.2429, 0.1674, 0.1966, 0.1966, 0.1966",0.7032551169395447
1,thus trees,,0.19658178091049194,"0.2482, 0.2166, 0.1784, 0.1784, 0.1784",0.8087240606546402
1,numerical method,,0.42821475863456726,"0.1649, 0.1520, 0.2277, 0.2277, 0.2277",0.8290856033563614
1,file overwrites,,0.3347912132740021,"0.1823, 0.0989, 0.2396, 0.2396, 0.2396",0.9004263579845428
1,modal interpretations,,0.33239486813545227,"0.2058, 0.1787, 0.2052, 0.2052, 0.2052",0.907476082444191
1,process pixel data,,0.446808785200119,"0.0659, 0.2325, 0.2080, 0.2468, 0.2468",0.6871035695075989
1,global solutions,,0.3516657054424286,"0.1663, 0.2170, 0.2056, 0.2056, 0.2056",0.849904865026474
1,random forests,,0.382644385099411,"0.2081, 0.2064, 0.1952, 0.1952, 0.1952",0.807221844792366
1,knowledge discovery,,0.27602618932724,"0.2365, 0.2154, 0.1827, 0.1827, 0.1827",0.6050162613391876
1,3d user interaction,,0.25178903341293335,"0.1955, 0.2234, 0.2162, 0.1824, 0.1824",0.6824816465377808
1,squared euclidean distances,,0.4696425795555115,"0.2187, 0.1500, 0.2343, 0.1985, 0.1985",0.9555544890463352
1,mac address,,0.2806105315685272,"0.2189, 0.2013, 0.1933, 0.1933, 0.1933",0.72623610496521
1,conditional dependence structure,,0.12053739279508591,"0.2457, 0.2401, 0.2203, 0.1469, 0.1469",0.8827521055936813
1,toomcook multiplication,,0.46003225445747375,"0.1826, 0.1188, 0.2328, 0.2328, 0.2328",0.8697980642318726
1,process plant,,0.45414480566978455,"0.1833, 0.1926, 0.2080, 0.2080, 0.2080",0.7707138061523438
1,manifold alignment,,0.38182103633880615,"0.2001, 0.2015, 0.1995, 0.1995, 0.1995",0.9761175811290741
1,known classes,,0.06789892911911011,"0.2499, 0.2369, 0.1711, 0.1711, 0.1711",0.8006155639886856
1,fibonacci search technique,,0.0725882351398468,"0.2447, 0.2405, 0.2308, 0.1420, 0.1420",0.7714154273271561
1,sequential coupling,,0.31050971150398254,"0.1909, 0.1897, 0.2065, 0.2065, 0.2065",0.8845570236444473
1,attention mechanisms,,0.07343394309282303,"0.2422, 0.2049, 0.1843, 0.1843, 0.1843",0.8469385206699371
1,speech tagging,,0.02747681736946106,"0.2384, 0.2239, 0.1792, 0.1792, 0.1792",0.9766284786164761
1,decision network,,0.39469143748283386,"0.2250, 0.1161, 0.2197, 0.2197, 0.2197",0.6775503754615784
1,reward-based selection,,0.11992396414279938,"0.1569, 0.2239, 0.2064, 0.2064, 0.2064",0.8537029176950455
1,error message,,0.28204652667045593,"0.1451, 0.1692, 0.2286, 0.2286, 0.2286",0.959514744579792
1,physical qualities,,0.02567925490438938,"0.2498, 0.2496, 0.1669, 0.1669, 0.1669",0.8741080313920975
1,single core processors,,0.10373429208993912,"0.2454, 0.2013, 0.1575, 0.1979, 0.1979",0.7317091226577759
1,speech signals,,0.16668358445167542,"0.2352, 0.1968, 0.1893, 0.1893, 0.1893",0.84074367582798
1,phase distinction,,0.028170645236968994,"0.2484, 0.2488, 0.1676, 0.1676, 0.1676",0.9287430346012115
1,left stochastic matrix,,0.4614337384700775,"0.2468, 0.1238, 0.1486, 0.2404, 0.2404",0.9203634634613991
1,classic search algorithms,,0.16538862884044647,"0.2485, 0.2274, 0.1668, 0.1786, 0.1786",0.6928314864635468
1,clique trees,,0.31899914145469666,"0.2485, 0.1997, 0.1840, 0.1840, 0.1840",0.9817282110452652
1,arnoldi iteration,,0.21596047282218933,"0.2431, 0.1498, 0.2024, 0.2024, 0.2024",0.7422253489494324
1,sort keys,,0.22567689418792725,"0.2189, 0.2363, 0.1816, 0.1816, 0.1816",0.886773057281971
1,error monitoring,,0.43300214409828186,"0.1509, 0.2002, 0.2163, 0.2163, 0.2163",0.7636858075857162
1,simulated neurons,,0.4650185704231262,"0.1725, 0.1392, 0.2294, 0.2294, 0.2294",0.7434898614883423
1,feature oriented programming,,0.4430568516254425,"0.2361, 0.2156, 0.0574, 0.2455, 0.2455",0.6479517221450806
1,prune and search,,0.02892889454960823,"0.2498, 0.2496, 0.2468, 0.1269, 0.1269",0.8484828323125839
1,information science,,0.45552486181259155,"0.1684, 0.2237, 0.2026, 0.2026, 0.2026",0.31508147716522217
1,cross-site scripting,,0.23783721029758453,"0.2027, 0.1654, 0.2106, 0.2106, 0.2106",0.8042753040790558
1,search trees,,0.37976473569869995,"0.2398, 0.1960, 0.1881, 0.1881, 0.1881",0.7808373123407364
1,decision making problems,,0.012748891487717628,"0.2495, 0.2476, 0.2464, 0.1282, 0.1282",0.8387999385595322
1,null pointers,,0.41220441460609436,"0.1160, 0.1781, 0.2353, 0.2353, 0.2353",0.8940946608781815
1,modern decision theory,,0.03996289521455765,"0.2489, 0.2480, 0.2388, 0.1322, 0.1322",0.8022914379835129
1,sibling calls,,0.04443960636854172,"0.2473, 0.2446, 0.1694, 0.1694, 0.1694",0.9663575440645218
1,common language runtime,,0.058787234127521515,"0.2494, 0.2347, 0.2454, 0.1353, 0.1353",0.6804075241088867
1,multiplexing technique,,0.051692456007003784,"0.2298, 0.2193, 0.1836, 0.1836, 0.1836",0.8373410850763321
1,learnable function class,,0.4753086268901825,"0.2452, 0.1674, 0.2190, 0.1842, 0.1842",0.8029989451169968
1,mit scheme,,0.40392187237739563,"0.2187, 0.1343, 0.2157, 0.2157, 0.2157",0.8489300757646561
1,local minima,,0.08170162886381149,"0.2466, 0.2286, 0.1749, 0.1749, 0.1749",0.9134656116366386
1,null reference,,0.3797873854637146,"0.1197, 0.2199, 0.2202, 0.2202, 0.2202",0.9488938041031361
1,transformation rules,,0.02920519933104515,"0.2445, 0.2404, 0.1717, 0.1717, 0.1717",0.8559868186712265
1,hinge loss,,0.17499399185180664,"0.1981, 0.1609, 0.2137, 0.2137, 0.2137",0.9256937801837921
1,dma attacks,,0.08519664406776428,"0.2308, 0.2274, 0.1806, 0.1806, 0.1806",0.8683241456747055
1,weighted majority algorithm,,0.493826687335968,"0.2076, 0.2153, 0.1010, 0.2380, 0.2380",0.8696417957544327
1,graph minor theory,,0.35612359642982483,"0.1957, 0.2392, 0.1760, 0.1945, 0.1945",0.7747391909360886
1,optical character recognition,,0.21201032400131226,"0.2487, 0.2419, 0.2034, 0.1530, 0.1530",0.8608851730823517
1,regression tasks,,0.4800175130367279,"0.0887, 0.2091, 0.2341, 0.2341, 0.2341",0.7905077040195465
1,successive parabolic interpolation,,0.011276239529252052,"0.2405, 0.1655, 0.1841, 0.2049, 0.2049",0.9785442054271698
1,child nodes,,0.3203032314777374,"0.2377, 0.1378, 0.2082, 0.2082, 0.2082",0.9746012669056654
1,clock cycle,,0.12950481474399567,"0.2234, 0.2315, 0.1817, 0.1817, 0.1817",0.8425365537405014
1,external node,,0.42370522022247314,"0.1974, 0.1263, 0.2254, 0.2254, 0.2254",0.9150275066494942
1,supervised method,,0.35570842027664185,"0.2193, 0.1196, 0.2204, 0.2204, 0.2204",0.78611259162426
1,raspberry pi,,0.09223432093858719,"0.1968, 0.2039, 0.1998, 0.1998, 0.1998",0.8317938297986984
1,ai control problem,,0.18288400769233704,"0.1928, 0.2088, 0.2253, 0.1865, 0.1865",0.770818293094635
1,exhaustive search,,0.08938022702932358,"0.2427, 0.2319, 0.1751, 0.1751, 0.1751",0.6837579309940338
1,general recursive functions,,0.34791985154151917,"0.2473, 0.1964, 0.1157, 0.2203, 0.2203",0.8567172884941101
1,optimality problem,,0.07411601394414902,"0.1989, 0.2156, 0.1952, 0.1952, 0.1952",0.9288315325975418
1,implementation language,,0.48749545216560364,"0.1900, 0.1718, 0.2127, 0.2127, 0.2127",0.6731508672237396
1,application design,,0.4136318564414978,"0.1520, 0.2006, 0.2158, 0.2158, 0.2158",0.617748886346817
1,euclidean division,,0.2896008789539337,"0.1911, 0.1865, 0.2075, 0.2075, 0.2075",0.8991698175668716
1,mobile ad hoc networks,,0.0008410383015871048,"0.2493, 0.2475, 0.2461, 0.2131, 0.0441",0.9392801150679588
1,neighbouring vertices,,0.29321160912513733,"0.2457, 0.1579, 0.1988, 0.1988, 0.1988",0.9874864621087909
1,discrete time recurrent neural networks,,0.36800819635391235,"0.2478, 0.2474, 0.2410, 0.0805, 0.1833",0.7766625881195068
1,abstract document pattern,,0.3058808445930481,"0.2251, 0.1949, 0.2115, 0.1843, 0.1843",0.8826855644583702
1,side channel attack,,0.016238484531641006,"0.2487, 0.2433, 0.2469, 0.1305, 0.1305",0.8785629495978355
1,directed edge,,0.37943264842033386,"0.2340, 0.1488, 0.2057, 0.2057, 0.2057",0.8876145780086517
1,numerical operations,,0.2264796495437622,"0.1660, 0.1876, 0.2155, 0.2155, 0.2155",0.8578810542821884
1,microevolutionary processes,,0.3912900984287262,"0.1079, 0.1520, 0.2467, 0.2467, 0.2467",0.7261450886726379
1,abstract state machine,,0.2552849054336548,"0.2340, 0.2261, 0.1236, 0.2082, 0.2082",0.6150524020195007
1,automatic speech recognition,,0.36775848269462585,"0.2475, 0.2405, 0.1647, 0.1737, 0.1737",0.8718693405389786
1,join trees,,0.3316487967967987,"0.2493, 0.1931, 0.1859, 0.1859, 0.1859",0.9061179906129837
1,comparison sorting algorithms,,0.4927000105381012,"0.2451, 0.1878, 0.1412, 0.2130, 0.2130",0.7635044157505035
1,markov chain monte carlo,,0.22710277140140533,"0.2408, 0.2372, 0.2217, 0.1876, 0.1127",0.7770867943763733
1,structural pattern recognition,,0.4105711281299591,"0.2126, 0.1976, 0.2117, 0.1891, 0.1891",0.7862794548273087
1,industrial protocol,,0.3391585648059845,"0.1286, 0.1820, 0.2298, 0.2298, 0.2298",0.6384055912494659
1,spatial multiplexing,,0.13211508095264435,"0.1825, 0.2063, 0.2037, 0.2037, 0.2037",0.8946071267127991
1,functional presence engines,,0.02789611741900444,"0.2477, 0.2475, 0.2405, 0.1321, 0.1321",0.6342441737651825
1,data differencing,,0.4942997395992279,"0.0738, 0.2441, 0.2274, 0.2274, 0.2274",0.719972550868988
1,decimal computers,,0.3014884293079376,"0.1892, 0.1397, 0.2237, 0.2237, 0.2237",0.5522959530353546
1,multimedia communication,,0.19950228929519653,"0.1082, 0.2173, 0.2248, 0.2248, 0.2248",0.6134024262428284
1,dma attack,,0.07048607617616653,"0.2325, 0.2359, 0.1772, 0.1772, 0.1772",0.8823098167777061
1,loop body,,0.3244880735874176,"0.1120, 0.2129, 0.2250, 0.2250, 0.2250",0.8740115910768509
1,lossy methods,,0.3849268853664398,"0.1865, 0.1307, 0.2276, 0.2276, 0.2276",0.8153096288442612
1,random forest,,0.33928361535072327,"0.2059, 0.2154, 0.1929, 0.1929, 0.1929",0.8104587346315384
1,bonferroni testing,,0.14486293494701385,"0.2320, 0.2090, 0.1863, 0.1863, 0.1863",0.7537525743246078
1,streaming media,,0.07751645892858505,"0.1287, 0.2297, 0.2139, 0.2139, 0.2139",0.7728746384382248
1,gap analysis,,0.46884894371032715,"0.1907, 0.1546, 0.2182, 0.2182, 0.2182",0.7578229755163193
1,world wide web,,0.05557902902364731,"0.2479, 0.2443, 0.2170, 0.1454, 0.1454",0.595562607049942
1,heuristic method,,0.3840745985507965,"0.1908, 0.1425, 0.2222, 0.2222, 0.2222",0.7740326374769211
1,distance metric,,0.27108779549598694,"0.2046, 0.2131, 0.1941, 0.1941, 0.1941",0.8998579457402229
1,user interfaces,,0.38486167788505554,"0.2055, 0.1720, 0.2075, 0.2075, 0.2075",0.6921988129615784
1,formal knowledge representation languages,,0.03096730448305607,"0.2499, 0.2488, 0.2415, 0.2460, 0.0138",0.6687934696674347
1,comparison sorts,,0.03348732367157936,"0.2498, 0.2473, 0.1676, 0.1676, 0.1676",0.8168824464082718
1,system usability scale,,0.1102081760764122,"0.1871, 0.2218, 0.2466, 0.1723, 0.1723",0.5359116196632385
1,priority queue,,0.29178670048713684,"0.2364, 0.1130, 0.2169, 0.2169, 0.2169",0.936382569372654
1,server message block,,0.3584737777709961,"0.0982, 0.2013, 0.2174, 0.2415, 0.2415",0.9086764976382256
1,user interface structure,,0.49994808435440063,"0.2374, 0.1805, 0.2026, 0.1897, 0.1897",0.702921986579895
1,uninitialized pointer,,0.09337373077869415,"0.2395, 0.1988, 0.1872, 0.1872, 0.1872",0.8260513097047806
1,reduction systems,,0.15790541470050812,"0.1878, 0.1699, 0.2141, 0.2141, 0.2141",0.7506159991025925
1,progressive networks,,0.47308045625686646,"0.2289, 0.1042, 0.2223, 0.2223, 0.2223",0.702141135931015
1,balanced binary search trees,,0.28195592761039734,"0.2479, 0.2003, 0.2420, 0.2133, 0.0965",0.7667247205972672
1,decision rules,,0.03234460577368736,"0.2482, 0.2450, 0.1689, 0.1689, 0.1689",0.8873129114508629
1,logical variables,,0.34418144822120667,"0.1925, 0.1146, 0.2310, 0.2310, 0.2310",0.9097379222512245
1,graph states,,0.49452558159828186,"0.1003, 0.2293, 0.2235, 0.2235, 0.2235",0.7837343961000443
1,ecb mode,,0.06670386344194412,"0.2095, 0.2326, 0.1860, 0.1860, 0.1860",0.8324100524187088
1,online information,,0.4584117829799652,"0.2114, 0.1464, 0.2141, 0.2141, 0.2141",0.6133410930633545
1,lookup table,,0.3367166221141815,"0.2262, 0.1450, 0.2096, 0.2096, 0.2096",0.7919476479291916
1,intelligent agent paradigm,,0.34505489468574524,"0.2166, 0.2259, 0.2073, 0.1751, 0.1751",0.7653694301843643
1,double-ended priority queue,,0.3168947696685791,"0.1703, 0.2396, 0.1850, 0.2026, 0.2026",0.9575669728219509
1,knowledge base,,0.3853408992290497,"0.2119, 0.2057, 0.1941, 0.1941, 0.1941",0.6105843782424927
1,traditional computer networking,,0.15966199338436127,"0.2420, 0.1596, 0.2184, 0.1899, 0.1899",0.4559175372123718
1,modulo scheduling,,0.305453360080719,"0.1449, 0.1895, 0.2219, 0.2219, 0.2219",0.8577289283275604
1,combinational circuits,,0.252013623714447,"0.2260, 0.1590, 0.2050, 0.2050, 0.2050",0.6548555791378021
1,optimization problems,,0.33585792779922485,"0.1148, 0.2119, 0.2244, 0.2244, 0.2244",0.8452789634466171
1,gaming systems,,0.2670108675956726,"0.1962, 0.1256, 0.2261, 0.2261, 0.2261",0.56203892827034
1,garbage collection,,0.2384435385465622,"0.2154, 0.2345, 0.1834, 0.1834, 0.1834",0.7780427634716034
1,evaluate computer software,,0.4806075394153595,"0.2135, 0.1419, 0.1557, 0.2444, 0.2444",0.42213892936706543
1,classification criteria,,0.16666290163993835,"0.2217, 0.2428, 0.1785, 0.1785, 0.1785",0.7407801151275635
1,truth value,,0.14013627171516418,"0.2163, 0.1804, 0.2011, 0.2011, 0.2011",0.8630131632089615
1,combinatorial game theory,,0.28937652707099915,"0.2397, 0.2296, 0.1675, 0.1816, 0.1816",0.7288940846920013
1,multinomial model,,0.39248064160346985,"0.1805, 0.1442, 0.2251, 0.2251, 0.2251",0.8009572178125381
1,overlapping loop iterations,,0.3225018084049225,"0.2296, 0.1347, 0.1653, 0.2352, 0.2352",0.9518773593008518
1,semantic predicates,,0.10433458536863327,"0.2362, 0.2419, 0.1740, 0.1740, 0.1740",0.9065469652414322
1,Singleton pattern,,0.3419407904148102,"0.2167, 0.1840, 0.1998, 0.1998, 0.1998",0.9980960543034598
1,classic ad hoc,,0.023768316954374313,"0.2500, 0.2498, 0.2497, 0.1253, 0.1253",0.8764177709817886
1,probability density proportional,,0.4714338779449463,"0.1789, 0.2016, 0.2251, 0.1972, 0.1972",0.8371136039495468
1,analog-to-digital converter,,0.3204697072505951,"0.0480, 0.2433, 0.2362, 0.2362, 0.2362",0.7259377837181091
1,exception handling,,0.4089196026325226,"0.1417, 0.1860, 0.2241, 0.2241, 0.2241",0.9935449217446148
1,multifrontal solver,,0.38757267594337463,"0.1864, 0.1179, 0.2319, 0.2319, 0.2319",0.784493088722229
1,data set,,0.4976712763309479,"0.0874, 0.2272, 0.2285, 0.2285, 0.2285",0.8302494436502457
1,unified modelling language,,0.33716535568237305,"0.2220, 0.1498, 0.2291, 0.1995, 0.1995",0.7234735488891602
1,noise ratio,,0.23226113617420197,"0.1618, 0.2153, 0.2076, 0.2076, 0.2076",0.8262764513492584
1,grading sentiment analysis,,0.31732502579689026,"0.1819, 0.2098, 0.1835, 0.2124, 0.2124",0.8379699289798737
1,acoustic model,,0.30112987756729126,"0.2025, 0.1840, 0.2045, 0.2045, 0.2045",0.7901722341775894
1,Object Oriented Programming,,0.4610356092453003,"0.2285, 0.2181, 0.0651, 0.2442, 0.2442",0.6557906866073608
1,uniqueness theorem,,0.3922974765300751,"0.2425, 0.1576, 0.2000, 0.2000, 0.2000",0.9380317591130733
1,javascript v8 engine,,0.33611002564430237,"0.2211, 0.1656, 0.1661, 0.2236, 0.2236",0.7791742384433746
1,internet addressing structure,,0.04624564200639725,"0.2465, 0.2491, 0.2407, 0.1319, 0.1319",0.6658850610256195
1,generalised loop splitting,,0.30468568205833435,"0.2193, 0.0771, 0.2291, 0.2372, 0.2372",0.9366192147135735
1,linked list,,0.4848516285419464,"0.2164, 0.1829, 0.2002, 0.2002, 0.2002",0.9486110620200634
1,analog signal,,0.33799833059310913,"0.1842, 0.2072, 0.2029, 0.2029, 0.2029",0.7286784648895264
1,ip address,,0.38416972756385803,"0.2041, 0.1742, 0.2072, 0.2072, 0.2072",0.9070553183555603
1,signal generation,,0.3708406984806061,"0.1427, 0.2314, 0.2086, 0.2086, 0.2086",0.7332592308521271
1,ram usage,,0.13402622938156128,"0.2283, 0.2445, 0.1758, 0.1758, 0.1758",0.7802511751651764
1,classification performance,,0.48229166865348816,"0.1679, 0.2103, 0.2073, 0.2073, 0.2073",0.7022674381732941
1,bloch representation,,0.4933396279811859,"0.1832, 0.1539, 0.2209, 0.2209, 0.2209",0.8713860660791397
1,ordered sets,,0.1160687506198883,"0.2456, 0.1914, 0.1877, 0.1877, 0.1877",0.9921404169872403
1,pci express,,0.441417932510376,"0.0457, 0.2313, 0.2410, 0.2410, 0.2410",0.6075612604618073
1,similarity learning,,0.48030635714530945,"0.2451, 0.1425, 0.2041, 0.2041, 0.2041",0.7299200892448425
1,fully connected layers,,0.12059343606233597,"0.2454, 0.2190, 0.2235, 0.1561, 0.1561",0.9060674831271172
1,lookahead carry unit,,0.03327209874987602,"0.2476, 0.2479, 0.2436, 0.1304, 0.1304",0.8250225782394409
1,information interchange,,0.13669754564762115,"0.2141, 0.2427, 0.1811, 0.1811, 0.1811",0.5940670967102051
1,hurwitz stable,,0.12625181674957275,"0.2347, 0.2104, 0.1850, 0.1850, 0.1850",0.9395585991442204
1,local regression,,0.2042085975408554,"0.2403, 0.1239, 0.2120, 0.2120, 0.2120",0.9555157758295536
1,speech activity detection,,0.11282955855131149,"0.2487, 0.2405, 0.2183, 0.1462, 0.1462",0.7685564160346985
1,explicit regression gradient boosting algorithms,,0.4524427354335785,"0.2372, 0.1597, 0.1337, 0.2471, 0.2224",0.8887329995632172
1,address pool,,0.33385688066482544,"0.1830, 0.2336, 0.1945, 0.1945, 0.1945",0.8783387020230293
1,krylov subspace,,0.4686320424079895,"0.2166, 0.1318, 0.2172, 0.2172, 0.2172",0.9129878655076027
1,lookup tables,,0.3032248318195343,"0.2275, 0.1463, 0.2087, 0.2087, 0.2087",0.8126737475395203
1,compute arithmetic operations,,0.43373164534568787,"0.1768, 0.1356, 0.2184, 0.2346, 0.2346",0.7825499176979065
1,sequence labeling task,,0.24998316168785095,"0.2043, 0.1886, 0.2353, 0.1859, 0.1859",0.7346009910106659
1,radial functions,,0.4795895516872406,"0.2280, 0.0812, 0.2303, 0.2303, 0.2303",0.9381391406059265
1,amdahl's law,,0.04887504130601883,"0.2471, 0.2394, 0.1712, 0.1712, 0.1712",0.9632447473704815
1,distributed key generation,,0.4919823706150055,"0.1097, 0.2274, 0.2330, 0.2149, 0.2149",0.7583089619874954
1,nonorthogonal problems,,0.03573613986372948,"0.2436, 0.2236, 0.1776, 0.1776, 0.1776",0.877798967063427
1,source programs,,0.1380385458469391,"0.2379, 0.1955, 0.1889, 0.1889, 0.1889",0.5901553928852081
1,future data,,0.3519188165664673,"0.2344, 0.0710, 0.2315, 0.2315, 0.2315",0.6074473261833191
1,parallel solution,,0.4483046233654022,"0.1354, 0.2233, 0.2138, 0.2138, 0.2138",0.7928523123264313
1,copyright investigation,,0.14886821806430817,"0.2264, 0.2165, 0.1857, 0.1857, 0.1857",0.736201286315918
1,feedback connections,,0.47164008021354675,"0.2175, 0.0982, 0.2281, 0.2281, 0.2281",0.8317137956619263
1,statistical model comparison,,0.22043666243553162,"0.2025, 0.2226, 0.2489, 0.1630, 0.1630",0.7282761633396149
1,streaming text,,0.27106258273124695,"0.1088, 0.1886, 0.2342, 0.2342, 0.2342",0.8063110262155533
1,3d user interaction systems,,0.1968303918838501,"0.2234, 0.2287, 0.2021, 0.1911, 0.1547",0.6604018211364746
1,performance analyzer,,0.3971219062805176,"0.1735, 0.1206, 0.2353, 0.2353, 0.2353",0.6092925667762756
1,edge contraction,,0.39683130383491516,"0.1612, 0.1984, 0.2135, 0.2135, 0.2135",0.9709615185856819
1,dimensional real vector,,0.2553609609603882,"0.2398, 0.2401, 0.1258, 0.1971, 0.1971",0.913958877325058
1,digital  web pages,,0.3604069948196411,"0.2165, 0.1891, 0.1857, 0.2196, 0.1891",0.6059304177761078
1,scientific study,,0.04583178460597992,"0.2463, 0.2463, 0.1691, 0.1691, 0.1691",0.48096370697021484
1,compound logic gates,,0.4265192449092865,"0.2409, 0.1275, 0.2344, 0.1986, 0.1986",0.6620456874370575
1,cholesky factor,,0.3198179304599762,"0.1848, 0.2139, 0.2004, 0.2004, 0.2004",0.933092400431633
1,sweep surface,,0.2539285123348236,"0.1996, 0.2168, 0.1946, 0.1946, 0.1946",0.8806829005479813
1,factory method pattern,,0.4993397295475006,"0.1624, 0.1699, 0.2231, 0.2223, 0.2223",0.7452233135700226
1,comparison sort,,0.0840611532330513,"0.2490, 0.2339, 0.1724, 0.1724, 0.1724",0.7995222955942154
1,meldable heap implementation,,0.4671823978424072,"0.2465, 0.0883, 0.2136, 0.2258, 0.2258",0.806744709610939
1,monic polynomials,,0.25600671768188477,"0.2347, 0.1832, 0.1941, 0.1941, 0.1941",0.9013306051492691
1,cluster centers,,0.10029514878988266,"0.2396, 0.2388, 0.1739, 0.1739, 0.1739",0.8236838132143021
1,random decision forests,,0.1092294380068779,"0.2382, 0.2479, 0.2320, 0.1410, 0.1410",0.7990788072347641
1,adjacency list data structure,,0.38207849860191345,"0.2403, 0.2205, 0.1084, 0.2347, 0.1961",0.8217469453811646
1,linear combination,,0.3797668516635895,"0.1494, 0.2424, 0.2027, 0.2027, 0.2027",0.8603199869394302
1,synthetic consciousness,,0.4372127950191498,"0.1344, 0.1899, 0.2252, 0.2252, 0.2252",0.8060187995433807
1,problem space,,0.46236103773117065,"0.1760, 0.1473, 0.2256, 0.2256, 0.2256",0.8664679676294327
1,logical security boundaries,,0.23032227158546448,"0.2407, 0.2313, 0.1961, 0.1659, 0.1659",0.7945042699575424
1,spanning trees,,0.2860192060470581,"0.2464, 0.2008, 0.1843, 0.1843, 0.1843",0.8534546345472336
1,entanglement measurement,,0.33337539434432983,"0.1983, 0.2355, 0.1887, 0.1887, 0.1887",0.7856602370738983
1,minimum degree algorithms,,0.21273420751094818,"0.2478, 0.2393, 0.0933, 0.2098, 0.2098",0.7500473260879517
1,multivariate normal distribution,,0.433162122964859,"0.1996, 0.2138, 0.1339, 0.2263, 0.2263",0.9934649951756
1,static  pure spatial patterns,,0.1482476145029068,"0.2228, 0.0992, 0.2397, 0.2211, 0.2172",0.9086146205663681
1,normalized entropy,,0.4148494601249695,"0.1854, 0.1043, 0.2367, 0.2367, 0.2367",0.8518246412277222
1,input error,,0.36845800280570984,"0.1995, 0.0803, 0.2401, 0.2401, 0.2401",0.9868149496614933
1,adaptive equalizer,,0.2737431526184082,"0.1571, 0.2168, 0.2087, 0.2087, 0.2087",0.8356883823871613
1,representation curve,,0.4679040014743805,"0.1421, 0.1560, 0.2340, 0.2340, 0.2340",0.8712989538908005
1,cumulative reward,,0.09519476443529129,"0.1716, 0.2239, 0.2015, 0.2015, 0.2015",0.9352821484208107
1,function join,,0.12853361666202545,"0.2118, 0.2463, 0.1806, 0.1806, 0.1806",0.9729555305093527
1,empty set,,0.0669054388999939,"0.2367, 0.2206, 0.1809, 0.1809, 0.1809",0.9781188387423754
1,input operands,,0.1394415646791458,"0.2301, 0.1939, 0.1920, 0.1920, 0.1920",0.8820250779390335
1,implicit euler method,,0.37096068263053894,"0.2177, 0.2063, 0.1624, 0.2068, 0.2068",0.9642040319740772
1,cognitive science,,0.35489699244499207,"0.1935, 0.2128, 0.1979, 0.1979, 0.1979",0.5035530626773834
1,private key,,0.09363289922475815,"0.2444, 0.2276, 0.1760, 0.1760, 0.1760",0.9248378649353981
1,gated recurrent units,,0.40938130021095276,"0.2251, 0.1669, 0.2096, 0.1992, 0.1992",0.8158630281686783
1,information technology methods,,0.28858840465545654,"0.1859, 0.2086, 0.2171, 0.1942, 0.1942",0.3957527279853821
1,buffer overflows,,0.4496416449546814,"0.0548, 0.2023, 0.2476, 0.2476, 0.2476",0.8373187035322189
1,network integration design,,0.49187546968460083,"0.1141, 0.1938, 0.2361, 0.2280, 0.2280",0.6927649080753326
1,unrolled linked list,,0.41349348425865173,"0.2480, 0.2130, 0.1884, 0.1753, 0.1753",0.9744721055030823
1,single nearest neighbor,,0.03468722477555275,"0.2497, 0.2491, 0.2477, 0.1267, 0.1267",0.9384680390357971
1,axiomatic set theory,,0.3013729453086853,"0.2469, 0.2395, 0.1548, 0.1794, 0.1794",0.9129715114831924
1,proof method,,0.4446716010570526,"0.1750, 0.1709, 0.2181, 0.2181, 0.2181",0.7985685914754868
1,mathematical duality,,0.3100281357765198,"0.1694, 0.2290, 0.2005, 0.2005, 0.2005",0.8358010053634644
1,reverse indexes,,0.20887239277362823,"0.2314, 0.1572, 0.2038, 0.2038, 0.2038",0.8298269659280777
1,minimum message length,,0.02726496383547783,"0.2490, 0.2402, 0.2453, 0.1327, 0.1327",0.881694108247757
1,block range index,,0.24823124706745148,"0.1791, 0.2176, 0.1890, 0.2072, 0.2072",0.8545479029417038
1,multimodal system,,0.4224802255630493,"0.1535, 0.1518, 0.2316, 0.2316, 0.2316",0.6363704204559326
1,local minimum,,0.028708746656775475,"0.2472, 0.2482, 0.1682, 0.1682, 0.1682",0.9740478340536356
1,discrete mathematics,,0.4783153831958771,"0.1558, 0.1957, 0.2162, 0.2162, 0.2162",0.7996708154678345
1,run time,,0.08557494729757309,"0.2418, 0.2293, 0.1763, 0.1763, 0.1763",0.8094958811998367
1,objective programming,,0.4569358229637146,"0.2400, 0.0210, 0.2463, 0.2463, 0.2463",0.749024897813797
1,DMA attack,,0.07048607617616653,"0.2325, 0.2359, 0.1772, 0.1772, 0.1772",0.8823098167777061
1,batch learning techniques,,0.43945881724357605,"0.2452, 0.1487, 0.2134, 0.1963, 0.1963",0.6937756538391113
1,labeled training data,,0.21518078446388245,"0.2383, 0.2075, 0.1008, 0.2267, 0.2267",0.6696979999542236
1,web pages,,0.46976912021636963,"0.1705, 0.2065, 0.2077, 0.2077, 0.2077",0.6896861791610718
1,ipv6 address pool,,0.48155513405799866,"0.1957, 0.1566, 0.2294, 0.2092, 0.2092",0.9461366422474384
1,zero fields,,0.08045032620429993,"0.2441, 0.2283, 0.1759, 0.1759, 0.1759",0.994401119183749
1,single core cpu,,0.07315266877412796,"0.2444, 0.1999, 0.1814, 0.1871, 0.1871",0.7600317001342773
1,session identifier cookie,,0.36045604944229126,"0.2430, 0.1539, 0.2094, 0.1968, 0.1968",0.9669861905276775
1,evaluation method,,0.21228186786174774,"0.2025, 0.1388, 0.2196, 0.2196, 0.2196",0.754825085401535
1,range queries,,0.4362994134426117,"0.2205, 0.1125, 0.2223, 0.2223, 0.2223",0.8953700289130211
1,decision boundary,,0.3604629337787628,"0.2325, 0.1419, 0.2085, 0.2085, 0.2085",0.8880769163370132
1,hardware links,,0.101365827023983,"0.2034, 0.2275, 0.1897, 0.1897, 0.1897",0.6870752274990082
1,functional quantum programming languages,,0.4421907365322113,"0.2410, 0.2179, 0.0787, 0.2388, 0.2236",0.6814414262771606
1,adaptive systems,,0.4632289707660675,"0.1467, 0.1606, 0.2309, 0.2309, 0.2309",0.7392823696136475
1,categorical label,,0.3977672755718231,"0.1781, 0.1845, 0.2125, 0.2125, 0.2125",0.945680420845747
1,markup languages,,0.4158738851547241,"0.2298, 0.1852, 0.1950, 0.1950, 0.1950",0.7743701785802841
1,compressed suffix array,,0.4659636914730072,"0.2006, 0.2415, 0.1276, 0.2152, 0.2152",0.9813610222190619
1,misleading equivalence,,0.2825765907764435,"0.2110, 0.2031, 0.1953, 0.1953, 0.1953",0.8704959154129028
1,optimization problem,,0.44978976249694824,"0.0793, 0.2246, 0.2320, 0.2320, 0.2320",0.8628569841384888
1,semantic predicate,,0.12383394688367844,"0.2339, 0.2406, 0.1752, 0.1752, 0.1752",0.9037532433867455
1,design problem,,0.12203604727983475,"0.2092, 0.2370, 0.1846, 0.1846, 0.1846",0.727954775094986
1,scientific programming languages,,0.4577028453350067,"0.2391, 0.0744, 0.2386, 0.2239, 0.2239",0.41666924953460693
1,value distribution,,0.46405744552612305,"0.1929, 0.0950, 0.2374, 0.2374, 0.2374",0.8322124034166336
1,artificial intelligent agents,,0.45560458302497864,"0.2145, 0.1662, 0.2273, 0.1960, 0.1960",0.6924784481525421
1,markov chain monte carlo sampler,,0.3416241705417633,"0.2385, 0.2325, 0.2067, 0.1446, 0.1776",0.7895614355802536
1,universal approximation theorem,,0.18871180713176727,"0.2406, 0.2148, 0.2198, 0.1624, 0.1624",0.9535630159080029
1,general programming languages,,0.49878254532814026,"0.2473, 0.0635, 0.2359, 0.2266, 0.2266",0.601539820432663
1,file exchange protocol,,0.2004454880952835,"0.1932, 0.1665, 0.1777, 0.2313, 0.2313",0.7554742097854614
1,decision trees,,0.40556445717811584,"0.2450, 0.1856, 0.1898, 0.1898, 0.1898",0.8196283727884293
1,logical structure,,0.3841630220413208,"0.2049, 0.1884, 0.2022, 0.2022, 0.2022",0.7948127090930939
1,stochastic diffusion search,,0.45389148592948914,"0.1051, 0.1900, 0.2350, 0.2350, 0.2350",0.7768457680940628
1,Gradient boosting,,0.4839206635951996,"0.0203, 0.2465, 0.2444, 0.2444, 0.2444",0.8336245864629745
1,iterative refinement,,0.35047900676727295,"0.0620, 0.2403, 0.2326, 0.2326, 0.2326",0.7224308848381042
1,jacobi method,,0.27238595485687256,"0.2285, 0.1480, 0.2078, 0.2078, 0.2078",0.8644520491361618
1,structured svm,,0.2732619643211365,"0.1493, 0.1460, 0.2349, 0.2349, 0.2349",0.7335398197174072
1,bit bashing,,0.4340169131755829,"0.1481, 0.1775, 0.2248, 0.2248, 0.2248",0.8365244120359421
