IfCS,Phrase,Correct,Probablity,Attention,Distance,NearestInCorpus
1,autonomous operation,,0.3637545108795166,"0.2487, 0.2063, 0.1530, 0.1891, 0.2028",0.759742945432663,
1,multimedia communication,,0.31082332134246826,"0.2092, 0.2391, 0.1909, 0.1803, 0.1804",0.6134024262428284,
1,scientific study,,0.014055997133255005,"0.2473, 0.0039, 0.2490, 0.2499, 0.2500",0.48096370697021484,
1,data set,,0.13409727811813354,"0.2462, 0.0115, 0.2463, 0.2479, 0.2481",0.8302494436502457,
1,bio-inspired computing,,0.2684827446937561,"0.0538, 0.2491, 0.2308, 0.2348, 0.2315",0.4462280869483948,
1,fitts's law,,0.03402131795883179,"0.0533, 0.2394, 0.2161, 0.2431, 0.2482",0.920041449368,
1,hashing problem,,0.3263014853000641,"0.2420, 0.1258, 0.1837, 0.2195, 0.2289",0.9844932081177831,
1,functional arguments,,0.460405170917511,"0.2432, 0.1920, 0.1288, 0.2090, 0.2270",0.9451535530388355,
1,spatial relations,,0.2576184868812561,"0.2413, 0.2061, 0.1291, 0.1995, 0.2240",0.9077555015683174,
1,classical backpropagation rule,,0.4407467544078827,"0.2431, 0.2413, 0.2429, 0.1029, 0.1698",0.9399640895426273,
1,truth value,,0.15898072719573975,"0.2481, 0.0381, 0.2268, 0.2422, 0.2447",0.8630131632089615,
1,design problem,,0.20074796676635742,"0.2386, 0.1090, 0.1889, 0.2270, 0.2365",0.727954775094986,
1,tensor product,,0.17380905151367188,"0.2500, 0.0614, 0.2207, 0.2331, 0.2348",0.763838917016983,
1,output label,,0.13091248273849487,"0.2494, 0.1122, 0.1680, 0.2294, 0.2409",0.8624155670404434,
1,training data,,0.4106053113937378,"0.2491, 0.1065, 0.2006, 0.2208, 0.2230",0.6179344654083252,
1,biologically inspired computing,,0.021135598421096802,"0.1975, 0.0534, 0.2499, 0.2494, 0.2497",0.42281877994537354,
1,system level analysis,,0.13810375332832336,"0.2500, 0.2450, 0.1050, 0.1678, 0.2322",0.5568204820156097,
1,operating systems,,0.23089158535003662,"0.1827, 0.2443, 0.1827, 0.1914, 0.1990",0.6041920185089111,
1,source programs,,0.031316936016082764,"0.0067, 0.2479, 0.2484, 0.2486, 0.2483",0.5901553928852081,
1,artificial intelligent agents,,0.25170865654945374,"0.2493, 0.2399, 0.0835, 0.2095, 0.2178",0.6924784481525421,
1,serial manipulator,,0.4361444413661957,"0.1492, 0.2487, 0.2119, 0.2055, 0.1847",0.8912106081843376,
1,programming environments,,0.3924722671508789,"0.2500, 0.0483, 0.2332, 0.2354, 0.2331",0.6206164062023163,
1,main stack register,,0.22928690910339355,"0.0125, 0.2441, 0.2488, 0.2480, 0.2465",0.8243567496538162,
1,boosting methods,,0.4157674312591553,"0.2431, 0.1904, 0.1439, 0.2044, 0.2183",0.7757885605096817,
1,gibbs sampling,,0.2234255075454712,"0.0171, 0.2352, 0.2491, 0.2494, 0.2492",0.8819533511996269,
1,automatic speech recognition,,0.28495296835899353,"0.2209, 0.2212, 0.1562, 0.1857, 0.2160",0.8718693405389786,
1,text mining,,0.4847942888736725,"0.2492, 0.2438, 0.1407, 0.1760, 0.1903",0.7665350437164307,
1,input data,,0.4302743375301361,"0.1955, 0.0962, 0.2290, 0.2393, 0.2400",0.7708985954523087,
1,information distances,,0.4117172360420227,"0.0920, 0.2288, 0.2246, 0.2292, 0.2254",0.6924618184566498,
1,multi-label classification,,0.46693864464759827,"0.2426, 0.1331, 0.1834, 0.2187, 0.2223",0.8379846811294556,
1,file overwrites,,0.1830732524394989,"0.0508, 0.2394, 0.2404, 0.2377, 0.2317",0.9004263579845428,
1,adjacent vertices,,0.20440027117729187,"0.1767, 0.2151, 0.1324, 0.2315, 0.2444",0.9627114348113537,
1,character sets,,0.43238723278045654,"0.2494, 0.2016, 0.1078, 0.2122, 0.2290",0.9943915624171495,
1,system performance,,0.17273634672164917,"0.2423, 0.1989, 0.1573, 0.1895, 0.2120",0.5839947462081909,
1,finite element methods,,0.4714835584163666,"0.2496, 0.2477, 0.1084, 0.1694, 0.2249",0.8570204824209213,
1,ai alignment,,0.38670825958251953,"0.2422, 0.2019, 0.1474, 0.1965, 0.2121",0.7944859266281128,
1,electronic signatures,,0.10726854205131531,"0.0639, 0.1881, 0.2486, 0.2496, 0.2498",0.7335877120494843,
1,input signal,,0.47199562191963196,"0.2294, 0.2366, 0.1330, 0.1901, 0.2108",0.7930375635623932,
1,bernstein polynomials,,0.4976538419723511,"0.2398, 0.1940, 0.1142, 0.2185, 0.2335",0.9430446028709412,
1,data objects,,0.2559239864349365,"0.2497, 0.0629, 0.2106, 0.2361, 0.2407",0.6974855661392212,
1,affective computing,,0.29896944761276245,"0.0560, 0.2490, 0.2286, 0.2342, 0.2323",0.5247583091259003,
1,displaying data,,0.31668055057525635,"0.2360, 0.0667, 0.2197, 0.2372, 0.2404",0.7230905592441559,
1,fuzzy set,,0.19336998462677002,"0.2499, 0.0174, 0.2433, 0.2449, 0.2444",0.9122272580862045,
1,streaming media,,0.22239351272583008,"0.1947, 0.0733, 0.2446, 0.2440, 0.2435",0.7728746384382248,
1,information system,,0.2423722743988037,"0.0841, 0.2402, 0.2250, 0.2273, 0.2233",0.42776691913604736,
1,fp discovery,,0.26619595289230347,"0.2472, 0.0375, 0.2332, 0.2405, 0.2416",0.6086243987083435,
1,modulo scheduling,,0.378726989030838,"0.1785, 0.1255, 0.2317, 0.2339, 0.2304",0.8577289283275604,
1,truth value object,,0.2317001223564148,"0.2499, 0.2366, 0.0851, 0.1977, 0.2306",0.8210472613573074,
1,hinge loss,,0.07486701011657715,"0.1901, 0.0906, 0.2351, 0.2411, 0.2431",0.9256937801837921,
1,runtime environment,,0.14469465613365173,"0.2490, 0.0312, 0.2363, 0.2414, 0.2421",0.7851662486791611,
1,traditional artificial intelligence,,0.08554163575172424,"0.0337, 0.2445, 0.2477, 0.2328, 0.2413",0.5787438750267029,
1,local minimum,,0.08098924160003662,"0.0596, 0.1947, 0.2465, 0.2493, 0.2498",0.9740478340536356,
1,fibonacci search technique,,0.24703925848007202,"0.2500, 0.2463, 0.1402, 0.1460, 0.2175",0.7714154273271561,
1,polymorphic association,,0.21744030714035034,"0.2489, 0.0049, 0.2489, 0.2489, 0.2484",0.8495725393295288,
1,enhanced double hashing,,0.03677883744239807,"0.2003, 0.1110, 0.2150, 0.2255, 0.2481",0.9204500019550323,
1,motion graphics design,,0.33150920271873474,"0.2500, 0.2500, 0.2265, 0.1020, 0.1715",0.7804621607065201,
1,function join,,0.11351799964904785,"0.2482, 0.0070, 0.2478, 0.2485, 0.2485",0.9729555305093527,
1,probabilistic tests,,0.3950119912624359,"0.2499, 0.0267, 0.2420, 0.2418, 0.2396",0.7695007920265198,
1,embedded systems,,0.2845084071159363,"0.1803, 0.2406, 0.1791, 0.1966, 0.2034",0.5851967334747314,
1,structural induction,,0.04974666237831116,"0.1112, 0.1496, 0.2429, 0.2477, 0.2486",0.7778372466564178,
1,traditional convolutional layers,,0.044110655784606934,"0.0025, 0.2480, 0.2499, 0.2497, 0.2499",0.8846034035086632,
1,artificial consciousness,,0.301342636346817,"0.1402, 0.1742, 0.2285, 0.2309, 0.2262",0.7607933133840561,
1,cost allocation,,0.39865273237228394,"0.0529, 0.2298, 0.2338, 0.2414, 0.2422",0.9129462093114853,
1,side channel attack,,0.05449879169464111,"0.1164, 0.2441, 0.1907, 0.2087, 0.2401",0.8785629495978355,
1,systems engineering,,0.12712734937667847,"0.2498, 0.1808, 0.1306, 0.2064, 0.2324",0.4601204991340637,
1,transformation rules,,0.16525232791900635,"0.2492, 0.2167, 0.1168, 0.1946, 0.2226",0.8559868186712265,
1,technology mining,,0.2883237600326538,"0.2480, 0.2447, 0.1336, 0.1723, 0.2014",0.555562287569046,
1,lexicalist hypothesis,,0.3976687490940094,"0.2468, 0.0326, 0.2378, 0.2419, 0.2410",0.7951600700616837,
1,entanglement measurement,,0.1303374469280243,"0.2500, 0.0134, 0.2395, 0.2478, 0.2492",0.7856602370738983,
1,ordered sets,,0.22949934005737305,"0.2237, 0.1781, 0.1245, 0.2308, 0.2429",0.9921404169872403,
1,lookup table,,0.33820557594299316,"0.1551, 0.2276, 0.1603, 0.2219, 0.2351",0.7919476479291916,
1,computer vision,,0.4972938895225525,"0.2499, 0.0703, 0.2134, 0.2311, 0.2352",0.5431983470916748,
1,clock cycle,,0.03553411364555359,"0.2467, 0.0202, 0.2361, 0.2475, 0.2494",0.8425365537405014,
1,machine learning tasks,,0.20652490854263306,"0.2500, 0.2494, 0.0362, 0.2251, 0.2393",0.5842825472354889,
1,continuous unimodal function,,0.11232975125312805,"0.1302, 0.2077, 0.2465, 0.1900, 0.2256",0.9210282862186432,
1,distributed object communication,,0.46792489290237427,"0.2493, 0.2365, 0.2161, 0.1461, 0.1520",0.7494012117385864,
1,artificial intelligence laboratory,,0.4420912265777588,"0.2498, 0.2488, 0.0610, 0.2165, 0.2238",0.4917166233062744,
1,semantic predicates,,0.25475600361824036,"0.2458, 0.1018, 0.2029, 0.2247, 0.2248",0.9065469652414322,
1,linked list,,0.43653404712677,"0.2450, 0.1475, 0.1666, 0.2156, 0.2253",0.9486110620200634,
1,confidence score,,0.23712420463562012,"0.2316, 0.0786, 0.2197, 0.2337, 0.2364",0.9276563450694084,
1,gesture recognition,,0.24388378858566284,"0.2461, 0.1060, 0.1864, 0.2274, 0.2340",0.8745426833629608,
1,neighbouring vertices,,0.4981396794319153,"0.2329, 0.2341, 0.1083, 0.2019, 0.2229",0.9874864621087909,
1,attention mechanisms,,0.02433648705482483,"0.0229, 0.2291, 0.2485, 0.2496, 0.2499",0.8469385206699371,
1,web forums,,0.4194752871990204,"0.2298, 0.0424, 0.2454, 0.2433, 0.2391",0.7853318452835083,
1,distributed key generation,,0.1280050277709961,"0.2499, 0.2483, 0.0580, 0.2093, 0.2344",0.7583089619874954,
1,state machines,,0.44589686393737793,"0.2443, 0.2141, 0.1515, 0.1892, 0.2008",0.5964223742485046,
1,ai control problem,,0.07300612330436707,"0.1384, 0.2129, 0.1943, 0.2173, 0.2371",0.770818293094635,
1,public key encryption models,,0.4413164556026459,"0.2449, 0.2154, 0.2478, 0.2139, 0.0779",0.8335793167352676,
1,analog filters,,0.2506522536277771,"0.0806, 0.2489, 0.2171, 0.2243, 0.2291",0.825563445687294,
1,image file formats,,0.18693557381629944,"0.1126, 0.2152, 0.2188, 0.2200, 0.2334",0.885007306933403,
1,industrial protocol,,0.3282701373100281,"0.1130, 0.2489, 0.2210, 0.2114, 0.2057",0.6384055912494659,
1,information technologysystems designsoftware design descriptions,,0.24968591332435608,"0.2498, 0.2500, 0.2500, 0.2496, 0.0006",0.535553365945816,
1,computational statistics,,0.4633321464061737,"0.2500, 0.0048, 0.2477, 0.2487, 0.2488",0.615961879491806,
1,backpropagation based artificial neural networks,,0.2679336667060852,"0.2356, 0.0272, 0.2476, 0.2499, 0.2397",0.7954874187707901,
1,information science,,0.20292270183563232,"0.2378, 0.0872, 0.2039, 0.2325, 0.2386",0.31508147716522217,
1,category theory,,0.4747798442840576,"0.1919, 0.2334, 0.1596, 0.2056, 0.2094",0.8251079022884369,
1,sibling calls,,0.11892956495285034,"0.0796, 0.1761, 0.2461, 0.2488, 0.2494",0.9663575440645218,
1,current databases,,0.4393773674964905,"0.1042, 0.2442, 0.2180, 0.2187, 0.2149",0.707059383392334,
1,receive quality metric,,0.157802551984787,"0.2399, 0.2469, 0.1074, 0.1713, 0.2345",0.7770266085863113,
1,priority queue based data structure,,0.1925353705883026,"0.2461, 0.2499, 0.1994, 0.2241, 0.0804",0.7958555370569229,
1,knowledge base,,0.20019486546516418,"0.1032, 0.1841, 0.2247, 0.2425, 0.2455",0.6105843782424927,
1,computability logic homepage comprehensive survey,,0.23157373070716858,"0.2500, 0.2500, 0.2496, 0.1617, 0.0887",0.593389481306076,
1,common language runtime,,0.14978229999542236,"0.0396, 0.2486, 0.2388, 0.2326, 0.2403",0.6804075241088867,
1,hardware links,,0.35582637786865234,"0.1205, 0.1430, 0.2442, 0.2460, 0.2463",0.6870752274990082,
1,ram usage,,0.08505585789680481,"0.2495, 0.0013, 0.2496, 0.2498, 0.2498",0.7802511751651764,
1,advanced encryption standard,,0.05685493350028992,"0.0642, 0.2499, 0.1929, 0.2439, 0.2490",0.790719747543335,
1,conjunctive normal form,,0.052536964416503906,"0.0549, 0.2173, 0.2286, 0.2494, 0.2498",0.9700084682554007,
1,connected wireless device,,0.14374610781669617,"0.2481, 0.2474, 0.0378, 0.2273, 0.2394",0.9068948552012444,
1,de morgan's law,,0.041165292263031006,"0.2219, 0.0629, 0.2435, 0.2278, 0.2440",0.9731665216386318,
1,buffer overflowsruntime error detection tools,,0.3175693452358246,"0.2500, 0.2500, 0.2500, 0.2499, 0.0001",0.8233829587697983,
1,data center,,0.4572925269603729,"0.2360, 0.0882, 0.2099, 0.2301, 0.2358",0.645858883857727,
1,finite state machines,,0.3099427819252014,"0.1881, 0.2209, 0.2039, 0.1752, 0.2118",0.6596214473247528,
1,minimum message length,,0.17736756801605225,"0.1312, 0.2391, 0.2098, 0.1905, 0.2294",0.881694108247757,
1,garbage collection,,0.22142118215560913,"0.2343, 0.0614, 0.2219, 0.2399, 0.2425",0.7780427634716034,
1,audit trail records,,0.2766455113887787,"0.2007, 0.2326, 0.0740, 0.2462, 0.2465",0.84254589676857,
1,imperative features,,0.025172382593154907,"0.2387, 0.0116, 0.2497, 0.2500, 0.2500",0.7945356220006943,
1,immersive design,,0.43836483359336853,"0.2499, 0.2412, 0.1504, 0.1765, 0.1819",0.6603149175643921,
1,doubly linked list,,0.12416437268257141,"0.0735, 0.2416, 0.2103, 0.2305, 0.2442",0.9638472497463226,
1,information interchange,,0.10193511843681335,"0.1787, 0.0767, 0.2472, 0.2487, 0.2488",0.5940670967102051,
1,linear combination,,0.172306090593338,"0.2500, 0.0028, 0.2487, 0.2493, 0.2493",0.8603199869394302,
1,run time,,0.20057550072669983,"0.2459, 0.1975, 0.1290, 0.2020, 0.2256",0.8094958811998367,
1,active networking,,0.2827504277229309,"0.2257, 0.2395, 0.1550, 0.1795, 0.2003",0.7706281393766403,
1,noise ratio,,0.23936596512794495,"0.2495, 0.0727, 0.2007, 0.2342, 0.2430",0.8262764513492584,
1,cognitive robotics,,0.316989541053772,"0.1197, 0.2415, 0.2244, 0.2153, 0.1991",0.6316733360290527,
1,training set,,0.020945757627487183,"0.2493, 0.0049, 0.2469, 0.2492, 0.2497",0.765800416469574,
1,semantic predicate,,0.4177241027355194,"0.2471, 0.1414, 0.1856, 0.2134, 0.2126",0.9037532433867455,
1,raspberry pi,,0.4977867007255554,"0.2135, 0.2259, 0.1913, 0.1877, 0.1816",0.8317938297986984,
1,virtual technologies,,0.392344206571579,"0.2372, 0.1514, 0.2070, 0.2041, 0.2002",0.526231586933136,
1,logical expressions,,0.4611862003803253,"0.2484, 0.1964, 0.1218, 0.2086, 0.2248",0.9133126139640808,
1,gaming systems,,0.46975162625312805,"0.2442, 0.2416, 0.1623, 0.1732, 0.1787",0.56203892827034,
1,mobile computing devices,,0.23316940665245056,"0.2499, 0.2499, 0.0113, 0.2428, 0.2460",0.6265271306037903,
1,hash maps,,0.3553832173347473,"0.2488, 0.2431, 0.1304, 0.1763, 0.2014",0.9960118336603045,
1,compiler correctness,,0.045854032039642334,"0.2500, 0.0007, 0.2497, 0.2498, 0.2498",0.7580536901950836,
1,matroid problems,,0.26557835936546326,"0.1770, 0.1358, 0.2197, 0.2321, 0.2354",0.9988733903737739,
1,composite data type,,0.42152899503707886,"0.2487, 0.2397, 0.1187, 0.1766, 0.2164",0.6580648720264435,
1,theoretical computer science,,0.3983081579208374,"0.2499, 0.2498, 0.0991, 0.1835, 0.2178",0.12055164575576782,
1,meta learning,,0.4301060438156128,"0.2402, 0.2215, 0.1278, 0.1977, 0.2129",0.7611471712589264,
1,algebraic theories,,0.4463501572608948,"0.2494, 0.1437, 0.1723, 0.2141, 0.2204",0.8604201078414917,
1,network environments,,0.47731542587280273,"0.2479, 0.0683, 0.2279, 0.2290, 0.2269",0.7154724299907684,
1,computational cognitive psychology,,0.13152962923049927,"0.2500, 0.0119, 0.2426, 0.2479, 0.2477",0.6060127019882202,
1,evolution strategies,,0.060835838317871094,"0.2150, 0.0707, 0.2292, 0.2405, 0.2447",0.7387398183345795,
1,parsimonious reductions,,0.18030515313148499,"0.2374, 0.0748, 0.2247, 0.2319, 0.2312",0.8886450976133347,
1,systems architecture,,0.4800090491771698,"0.2494, 0.2396, 0.1488, 0.1758, 0.1864",0.4922088384628296,
1,natural language,,0.3524478077888489,"0.2485, 0.2433, 0.1090, 0.1883, 0.2109",0.749484121799469,
1,division multiplexing,,0.4712904989719391,"0.2492, 0.2025, 0.1506, 0.1898, 0.2078",0.8260119259357452,
1,image search tool,,0.2434869408607483,"0.2500, 0.2490, 0.1487, 0.1358, 0.2165",0.7984634935855865,
1,mnist database,,0.36409443616867065,"0.0426, 0.2495, 0.2416, 0.2377, 0.2285",0.7693594545125961,
1,private key,,0.36830443143844604,"0.2445, 0.2195, 0.1354, 0.1922, 0.2083",0.9248378649353981,
1,human learning,,0.17856204509735107,"0.2414, 0.1811, 0.1196, 0.2203, 0.2377",0.7032551169395447,
1,environmental prediction,,0.17973929643630981,"0.0054, 0.2484, 0.2481, 0.2490, 0.2491",0.8318051993846893,
1,speech recognition,,0.4887239336967468,"0.2338, 0.1739, 0.1775, 0.2083, 0.2065",0.8595774322748184,
1,recommendation systems,,0.15435904264450073,"0.0295, 0.2474, 0.2367, 0.2420, 0.2444",0.7537762224674225,
1,immutable objects,,0.2658320963382721,"0.2500, 0.0770, 0.2041, 0.2319, 0.2371",0.8569586277008057,
1,eager learning,,0.30317556858062744,"0.2499, 0.2206, 0.1084, 0.1997, 0.2213",0.743834912776947,
1,statistical properties,,0.18133479356765747,"0.2384, 0.0425, 0.2292, 0.2438, 0.2462",0.777836486697197,
1,labeled data,,0.28457051515579224,"0.1646, 0.1148, 0.2340, 0.2429, 0.2437",0.7574167102575302,
1,pattern matching,,0.3151021897792816,"0.2499, 0.0272, 0.2345, 0.2435, 0.2449",0.9382257796823978,
1,lookup tables,,0.258970707654953,"0.1126, 0.2210, 0.1920, 0.2324, 0.2419",0.8126737475395203,
1,computational resources,,0.1642758548259735,"0.2500, 0.0046, 0.2481, 0.2487, 0.2487",0.5229502618312836,
1,modern deep learning models,,0.2459058165550232,"0.2484, 0.2498, 0.2246, 0.1542, 0.1231",0.7341309785842896,
1,speech tagging,,0.19553306698799133,"0.2270, 0.2439, 0.1302, 0.1871, 0.2118",0.9766284786164761,
1,oriented analysis,,0.46570736169815063,"0.2479, 0.1257, 0.1728, 0.2222, 0.2315",0.6160149276256561,
1,input error,,0.14110621809959412,"0.0031, 0.2493, 0.2492, 0.2493, 0.2491",0.9868149496614933,
1,internal network,,0.38134461641311646,"0.0886, 0.2444, 0.2241, 0.2245, 0.2184",0.7232820391654968,
1,local minima,,0.24068379402160645,"0.0896, 0.2246, 0.2113, 0.2342, 0.2402",0.9134656116366386,
1,object recognition technology,,0.49714764952659607,"0.2498, 0.2259, 0.1054, 0.2053, 0.2135",0.6077326834201813,
1,immersive virtual environment,,0.18762904405593872,"0.1604, 0.2356, 0.1464, 0.2310, 0.2266",0.7142864763736725,
1,programming paradigm,,0.26737338304519653,"0.2500, 0.0247, 0.2404, 0.2430, 0.2420",0.5615545213222504,
1,online information,,0.13387823104858398,"0.1387, 0.1224, 0.2437, 0.2473, 0.2479",0.6133410930633545,
1,image recognition,,0.4482610523700714,"0.2487, 0.1391, 0.1788, 0.2146, 0.2188",0.8538079112768173,
1,computationally intractable,,0.22371429204940796,"0.2500, 0.0015, 0.2493, 0.2496, 0.2497",0.6777459681034088,
1,multivariate mutual information,,0.4087718725204468,"0.2497, 0.2465, 0.0486, 0.2254, 0.2298",0.824583888053894,
1,automatic memory management,,0.07578706741333008,"0.0458, 0.2327, 0.2325, 0.2454, 0.2436",0.7045445740222931,
1,serial manipulators,,0.33482733368873596,"0.1279, 0.2482, 0.2155, 0.2110, 0.1973",0.8934773802757263,
1,speech activity detection,,0.28651943802833557,"0.2471, 0.2454, 0.1752, 0.1222, 0.2100",0.7685564160346985,
1,activation functions,,0.49031543731689453,"0.2441, 0.2422, 0.1217, 0.1858, 0.2062",0.8364423513412476,
1,cumulative reward,,0.3513202965259552,"0.1408, 0.2212, 0.2117, 0.2166, 0.2098",0.9352821484208107,
1,term complex data type,,0.19704219698905945,"0.2480, 0.1987, 0.2058, 0.1217, 0.2258",0.6791803240776062,
1,classification tasks,,0.14055916666984558,"0.2467, 0.0412, 0.2289, 0.2407, 0.2425",0.6331250071525574,
1,fast fourier transform,,0.3277081847190857,"0.2498, 0.2459, 0.1705, 0.1401, 0.1936",0.7910659462213516,
1,thus trees,,0.07756775617599487,"0.0300, 0.2496, 0.2330, 0.2431, 0.2443",0.8087240606546402,
1,data differencing,,0.3897395133972168,"0.2439, 0.0477, 0.2297, 0.2390, 0.2397",0.719972550868988,
1,scientific method,,0.49172791838645935,"0.2379, 0.2172, 0.1094, 0.2083, 0.2272",0.5512943863868713,
1,test bits,,0.4080897867679596,"0.2196, 0.1591, 0.1566, 0.2271, 0.2377",0.8140938580036163,
1,fully connected layers,,0.14176523685455322,"0.1778, 0.1563, 0.2443, 0.1911, 0.2306",0.9060674831271172,
1,conceptual design discipline,,0.05242562294006348,"0.2445, 0.2438, 0.0597, 0.2115, 0.2406",0.7273746728897095,
1,least square estimators,,0.0556873083114624,"0.2498, 0.0772, 0.1740, 0.2490, 0.2499",0.88515904545784,
1,code development,,0.054611146450042725,"0.2500, 0.0264, 0.2401, 0.2418, 0.2417",0.6626313924789429,
1,intelligent agent paradigm,,0.0947394073009491,"0.2498, 0.2482, 0.0111, 0.2436, 0.2473",0.7653694301843643,
1,significant digits,,0.06414493918418884,"0.0065, 0.2446, 0.2490, 0.2500, 0.2500",0.883368730545044,
1,array list,,0.3834651708602905,"0.2500, 0.1034, 0.1804, 0.2287, 0.2375",0.9921702044084668,
1,minimum k-cut,,0.1643982231616974,"0.1536, 0.1318, 0.2276, 0.2423, 0.2447",0.9717062003910542,
1,chi-square automatic interaction detection,,0.491220086812973,"0.2499, 0.2479, 0.2482, 0.1345, 0.1195",0.797818586230278,
1,n log n comparisons,,0.25772547721862793,"0.2476, 0.2500, 0.2031, 0.0500, 0.2493",0.7884631007909775,
1,unified modelling language,,0.25289613008499146,"0.2495, 0.2495, 0.2399, 0.0803, 0.1808",0.7234735488891602,
1,control theory,,0.4196443557739258,"0.2489, 0.2417, 0.1327, 0.1805, 0.1963",0.7809354066848755,
1,hardware technologies,,0.22446760535240173,"0.2086, 0.0940, 0.2246, 0.2340, 0.2388",0.4611091613769531,
1,portable distributed objects,,0.013275772333145142,"0.2433, 0.2495, 0.0283, 0.2307, 0.2482",0.6971624791622162,
1,physical memory,,0.23631581664085388,"0.1740, 0.2247, 0.1501, 0.2187, 0.2325",0.688784271478653,
1,factor approximations,,0.14589956402778625,"0.0008, 0.2499, 0.2497, 0.2498, 0.2498",0.9274319186806679,
1,big data applications,,0.14101022481918335,"0.1548, 0.1023, 0.2456, 0.2484, 0.2488",0.5702171325683594,
1,character map,,0.4621313810348511,"0.2489, 0.2476, 0.1467, 0.1719, 0.1848",0.9246112704277039,
1,child vertices,,0.37830448150634766,"0.2325, 0.2328, 0.1048, 0.2040, 0.2260",0.9782869536429644,
1,dma attack,,0.49545735120773315,"0.2185, 0.2124, 0.1848, 0.1912, 0.1931",0.8823098167777061,
1,visual objects,,0.10996949672698975,"0.2500, 0.0303, 0.2270, 0.2450, 0.2477",0.6785833537578583,
1,mobile ad hoc networks,,0.32547056674957275,"0.2238, 0.2476, 0.2452, 0.2430, 0.0403",0.9392801150679588,
1,quantum mechanics,,0.18563193082809448,"0.2499, 0.1969, 0.1304, 0.1941, 0.2286",0.7883282005786896,
1,state machine operating,,0.027672141790390015,"0.0711, 0.1984, 0.2320, 0.2494, 0.2492",0.6874185502529144,
1,nervous system,,0.42811235785484314,"0.2465, 0.2385, 0.1777, 0.1699, 0.1674",0.767600491642952,
1,vague set,,0.045091986656188965,"0.2248, 0.0293, 0.2476, 0.2490, 0.2492",0.9108179584145546,
1,physical qualities,,0.001640230417251587,"0.2493, 0.0010, 0.2497, 0.2500, 0.2500",0.8741080313920975,
1,software architects,,0.37244129180908203,"0.2495, 0.1550, 0.2012, 0.2012, 0.1931",0.5908549427986145,
1,industrial design,,0.06161805987358093,"0.2453, 0.1823, 0.1091, 0.2210, 0.2423",0.6614539325237274,
1,quantum information,,0.1850181221961975,"0.2500, 0.0169, 0.2407, 0.2459, 0.2467",0.6895623505115509,
1,structural recursion,,0.4709565043449402,"0.2371, 0.2487, 0.1767, 0.1732, 0.1643",0.797620952129364,
1,object recognition  technical report icg,,0.32181650400161743,"0.2499, 0.2411, 0.2440, 0.2362, 0.0288",0.6332859992980957,
1,brute-force search,,0.38558515906333923,"0.2500, 0.1818, 0.1506, 0.1995, 0.2180",0.8131693303585052,
1,data transfer,,0.2077692151069641,"0.0048, 0.2476, 0.2496, 0.2493, 0.2486",0.68413245677948,
1,DMA attack,,0.49545735120773315,"0.2185, 0.2124, 0.1848, 0.1912, 0.1931",0.8823098167777061,
1,knapsack problem,,0.10811138153076172,"0.0730, 0.2018, 0.2338, 0.2445, 0.2469",0.8748576492071152,
1,tech mining,,0.21043741703033447,"0.2479, 0.2432, 0.1189, 0.1760, 0.2140",0.5182087421417236,
1,hamming distance,,0.3024963140487671,"0.0881, 0.2463, 0.2203, 0.2242, 0.2211",0.8256139308214188,
1,maximum likelihood,,0.37564051151275635,"0.2277, 0.0388, 0.2413, 0.2458, 0.2465",0.8571568429470062,
1,code points,,0.15622171759605408,"0.2500, 0.0219, 0.2367, 0.2448, 0.2467",0.8185900747776031,
1,visual design,,0.49791499972343445,"0.2497, 0.2180, 0.1347, 0.1914, 0.2061",0.6934097409248352,
1,classification criteria,,0.04715403914451599,"0.2473, 0.0046, 0.2489, 0.2496, 0.2497",0.7407801151275635,
1,phase distinction,,0.02185162901878357,"0.2500, 0.0069, 0.2443, 0.2491, 0.2497",0.9287430346012115,
1,double-ended priority queue,,0.49165400862693787,"0.1830, 0.1252, 0.2449, 0.2187, 0.2281",0.9575669728219509,
1,las vegas algorithms,,0.2846817970275879,"0.2494, 0.2483, 0.2488, 0.0778, 0.1757",0.7980998158454895,
1,augmented reality,,0.01965242624282837,"0.0123, 0.2381, 0.2497, 0.2499, 0.2499",0.8002863377332687,
1,underlying graph,,0.3511524200439453,"0.0423, 0.2498, 0.2345, 0.2378, 0.2356",0.7798452228307724,
1,parent class,,0.08918485045433044,"0.0193, 0.2411, 0.2442, 0.2474, 0.2481",0.9378820955753326,
1,joint distribution,,0.44779473543167114,"0.2392, 0.0836, 0.2122, 0.2296, 0.2354",0.8891988545656204,
1,memory sharing,,0.289165198802948,"0.2436, 0.0190, 0.2470, 0.2463, 0.2441",0.7214422821998596,
1,private key set,,0.030532658100128174,"0.2499, 0.2494, 0.0035, 0.2478, 0.2494",0.9672052264213562,
1,multiplexing technique,,0.21725240349769592,"0.2494, 0.1655, 0.1385, 0.2127, 0.2338",0.8373410850763321,
1,labeled training data,,0.18128427863121033,"0.1883, 0.2465, 0.0996, 0.2260, 0.2395",0.6696979999542236,
1,classical statistical databases,,0.4197302460670471,"0.2458, 0.0141, 0.2492, 0.2459, 0.2450",0.6957366466522217,
1,analog recording,,0.020460665225982666,"0.0008, 0.2493, 0.2500, 0.2500, 0.2500",0.6498318910598755,
1,known classes,,0.010981768369674683,"0.0012, 0.2490, 0.2498, 0.2500, 0.2500",0.8006155639886856,
1,biological data,,0.3115918040275574,"0.0701, 0.2028, 0.2383, 0.2441, 0.2447",0.6737802028656006,
1,red hat virtualization,,0.10763344168663025,"0.0501, 0.2005, 0.2499, 0.2497, 0.2498",0.7414621710777283,
1,computer skills,,0.17940014600753784,"0.2497, 0.0699, 0.2149, 0.2297, 0.2358",0.29347312450408936,
1,linear dependency,,0.3698312044143677,"0.2499, 0.0267, 0.2425, 0.2420, 0.2390",0.8983345404267311,
1,global minimum,,0.18316927552223206,"0.1613, 0.1291, 0.2264, 0.2394, 0.2439",0.9487920626997948,
1,joint density,,0.4180859327316284,"0.2475, 0.1901, 0.1396, 0.2011, 0.2218",0.9324682131409645,
1,virtual world,,0.3730126619338989,"0.2339, 0.1193, 0.2195, 0.2166, 0.2107",0.6465910971164703,
1,abstract data types,,0.1463133692741394,"0.2500, 0.2477, 0.0121, 0.2431, 0.2471",0.7687803506851196,
1,value distribution,,0.2755091190338135,"0.1076, 0.1588, 0.2408, 0.2460, 0.2469",0.8322124034166336,
1,sorting lists,,0.18701043725013733,"0.2498, 0.1114, 0.1596, 0.2338, 0.2454",0.8816601857542992,
1,analog signal,,0.26888418197631836,"0.1994, 0.2377, 0.1348, 0.2021, 0.2261",0.7286784648895264,
1,loop body,,0.26905912160873413,"0.2500, 0.0246, 0.2428, 0.2422, 0.2405",0.8740115910768509,
1,technology information,,0.09918749332427979,"0.2461, 0.0227, 0.2384, 0.2456, 0.2471",0.3838549256324768,
1,comparison sort,,0.47948551177978516,"0.1608, 0.1793, 0.1813, 0.2347, 0.2439",0.7995222955942154,
1,cognitive science,,0.1764131486415863,"0.2440, 0.0938, 0.1949, 0.2295, 0.2378",0.5035530626773834,
1,scientific language,,0.28643327951431274,"0.2402, 0.2382, 0.0967, 0.2001, 0.2248",0.5255818367004395,
1,digital information,,0.38867783546447754,"0.2496, 0.0659, 0.2244, 0.2310, 0.2291",0.4695401191711426,
1,mutable ordered lists,,0.2946662902832031,"0.2500, 0.2340, 0.1137, 0.1713, 0.2310",0.888711966574192,
1,based learning,,0.39142554998397827,"0.2459, 0.1948, 0.1291, 0.2068, 0.2235",0.6836716830730438,
1,cluster centers,,0.4307265281677246,"0.2461, 0.0626, 0.2282, 0.2321, 0.2310",0.8236838132143021,
1,data type constrains,,0.3837932050228119,"0.2431, 0.0940, 0.2284, 0.2151, 0.2193",0.7128909528255463,
1,hadamard product,,0.044261157512664795,"0.1271, 0.1375, 0.2415, 0.2466, 0.2473",0.7573004364967346,
1,structural pattern recognition,,0.28717565536499023,"0.2499, 0.2498, 0.0690, 0.2009, 0.2304",0.7862794548273087,
1,null reference,,0.1671813726425171,"0.2459, 0.0135, 0.2452, 0.2476, 0.2478",0.9488938041031361,
1,data stored,,0.380725622177124,"0.0422, 0.2185, 0.2471, 0.2468, 0.2453",0.7117286026477814,
1,applied mathematics,,0.2644047141075134,"0.2366, 0.2183, 0.0779, 0.2255, 0.2416",0.7854233086109161,
1,computer science fields,,0.26075273752212524,"0.2500, 0.2443, 0.0840, 0.1895, 0.2321",0.0830923318862915,
1,algorithmic paradigm,,0.37697264552116394,"0.2500, 0.0282, 0.2397, 0.2419, 0.2403",0.6878574192523956,
1,stochastic weights,,0.4340068995952606,"0.2499, 0.0270, 0.2393, 0.2422, 0.2415",0.8424661457538605,
1,heterogeneous environment,,0.37884730100631714,"0.2491, 0.0623, 0.2304, 0.2315, 0.2266",0.8822070509195328,
1,single core processors,,0.3722572922706604,"0.1384, 0.2219, 0.2294, 0.1943, 0.2161",0.7317091226577759,
1,virtual reality,,0.3072863817214966,"0.1212, 0.1684, 0.2395, 0.2379, 0.2331",0.689164936542511,
1,data processing industry,,0.4488413333892822,"0.2496, 0.2499, 0.0423, 0.2290, 0.2291",0.5234952867031097,
1,traditional computer networking,,0.2531311511993408,"0.0466, 0.2487, 0.2468, 0.2285, 0.2294",0.4559175372123718,
1,natural language text,,0.2465764880180359,"0.2499, 0.2497, 0.1746, 0.1217, 0.2041",0.7521016895771027,
1,k nearest neighbors,,0.16255590319633484,"0.1882, 0.1065, 0.2121, 0.2440, 0.2492",0.9733934123069048,
1,structural analysis,,0.32472074031829834,"0.2490, 0.1357, 0.1600, 0.2213, 0.2339",0.6998788714408875,
1,incidence matrix,,0.4603062868118286,"0.0495, 0.2498, 0.2301, 0.2363, 0.2342",0.9091937318444252,
1,joint entropies,,0.05818560719490051,"0.0290, 0.2243, 0.2480, 0.2491, 0.2496",0.9560722410678864,
1,membership inference,,0.26622307300567627,"0.0783, 0.2334, 0.2317, 0.2323, 0.2242",0.8624291270971298,
1,first-order reduction,,0.1787816882133484,"0.1826, 0.1345, 0.2111, 0.2329, 0.2388",0.78818279504776,
1,modern decision theory,,0.23283067345619202,"0.2068, 0.2396, 0.2304, 0.1218, 0.2014",0.8022914379835129,
1,prune and search,,0.005407929420471191,"0.2500, 0.0065, 0.2444, 0.2492, 0.2499",0.8484828323125839,
1,knowledge discovery,,0.21931645274162292,"0.2389, 0.0210, 0.2441, 0.2477, 0.2483",0.6050162613391876,
1,error monitoring,,0.3674207627773285,"0.2499, 0.0602, 0.2231, 0.2319, 0.2348",0.7636858075857162,
1,sweep surface,,0.3970090448856354,"0.2495, 0.2267, 0.1433, 0.1827, 0.1978",0.8806829005479813,
1,digital signatures,,0.25704631209373474,"0.2187, 0.0635, 0.2371, 0.2403, 0.2404",0.8358921557664871,
1,pattern recognition task,,0.45450329780578613,"0.2500, 0.2454, 0.1102, 0.1807, 0.2137",0.7390315234661102,
1,floor space,,0.31076404452323914,"0.1674, 0.2330, 0.1623, 0.2111, 0.2262",0.8155344575643539,
1,child nodes,,0.49220260977745056,"0.2427, 0.2454, 0.1005, 0.1938, 0.2176",0.9746012669056654,
1,support vectors,,0.462311327457428,"0.1997, 0.2490, 0.1704, 0.1908, 0.1901",0.8651872128248215,
1,software requirements analysis,,0.31977319717407227,"0.2497, 0.1403, 0.2168, 0.1855, 0.2077",0.5997700691223145,
1,general-purpose language,,0.47816234827041626,"0.2493, 0.2450, 0.1264, 0.1831, 0.1962",0.705463320016861,
1,distributed computing environment,,0.4072566032409668,"0.2499, 0.2499, 0.0277, 0.2355, 0.2371",0.6038064956665039,
1,sort keys,,0.18303164839744568,"0.2496, 0.1413, 0.1361, 0.2285, 0.2445",0.886773057281971,
1,machine ethics,,0.45853137969970703,"0.1682, 0.1813, 0.2205, 0.2192, 0.2108",0.6373469829559326,
1,recognition tasks,,0.1384260058403015,"0.2461, 0.0409, 0.2289, 0.2410, 0.2431",0.6727097928524017,
1,primitive data types,,0.14877867698669434,"0.2500, 0.2473, 0.0106, 0.2443, 0.2478",0.7041106224060059,
1,user experience design,,0.18344199657440186,"0.2364, 0.2245, 0.2202, 0.1228, 0.1961",0.7024873197078705,
1,multi layer perceptron,,0.24862635135650635,"0.1431, 0.2439, 0.1545, 0.2215, 0.2370",0.8408875316381454,
1,terminal node,,0.49934011697769165,"0.2500, 0.2498, 0.1705, 0.1619, 0.1678",0.9114455804228783,
1,system usability scale,,0.1367298662662506,"0.2487, 0.2474, 0.0363, 0.2249, 0.2426",0.5359116196632385,
1,decimal computers,,0.49828800559043884,"0.2369, 0.0877, 0.2095, 0.2302, 0.2357",0.5522959530353546,
1,iterative refinement,,0.22665202617645264,"0.2500, 0.0232, 0.2430, 0.2429, 0.2409",0.7224308848381042,
1,rotation data,,0.4432545304298401,"0.2495, 0.1149, 0.1971, 0.2174, 0.2211",0.8260536193847656,
1,compound logic gates,,0.16383519768714905,"0.2488, 0.2499, 0.0551, 0.2109, 0.2354",0.6620456874370575,
1,logical variables,,0.45866039395332336,"0.2491, 0.1025, 0.1900, 0.2259, 0.2326",0.9097379222512245,
1,copyright investigation,,0.14428749680519104,"0.2272, 0.0602, 0.2317, 0.2396, 0.2414",0.736201286315918,
1,cholesky factor,,0.053912580013275146,"0.2494, 0.0008, 0.2498, 0.2500, 0.2500",0.933092400431633,
1,optical character recognition,,0.11133754253387451,"0.2499, 0.2461, 0.0524, 0.2104, 0.2411",0.8608851730823517,
1,global view,,0.3740598261356354,"0.2359, 0.1606, 0.1895, 0.2044, 0.2096",0.826891154050827,
1,software engineers,,0.4954550564289093,"0.2499, 0.2143, 0.1805, 0.1798, 0.1755",0.5234125256538391,
1,scientific visualization,,0.3982280492782593,"0.1691, 0.2273, 0.1710, 0.2122, 0.2204",0.526837021112442,
1,computer programming tasks,,0.418047159910202,"0.2500, 0.2500, 0.0646, 0.2119, 0.2235",0.4026647210121155,
1,table structure,,0.29851794242858887,"0.2500, 0.2039, 0.1070, 0.2080, 0.2311",0.875904493033886,
1,world wide web,,0.15249916911125183,"0.2431, 0.2002, 0.1864, 0.1564, 0.2139",0.595562607049942,
1,software solution,,0.46399998664855957,"0.2498, 0.1598, 0.1920, 0.2005, 0.1980",0.5556636154651642,
1,computing resources,,0.1690663993358612,"0.2499, 0.0056, 0.2478, 0.2484, 0.2483",0.4133228063583374,
1,complex event processing,,0.2811635136604309,"0.0322, 0.2272, 0.2499, 0.2443, 0.2464",0.7583998888731003,
1,mathematical constructors,,0.1916905641555786,"0.2492, 0.1079, 0.1782, 0.2276, 0.2371",0.8377158492803574,
1,right stochastic matrix,,0.12089940905570984,"0.0010, 0.2500, 0.2500, 0.2494, 0.2495",0.9149327576160431,
1,back end,,0.0037072598934173584,"0.0009, 0.2491, 0.2500, 0.2500, 0.2500",0.9348987564444542,
1,time analysis,,0.49794575572013855,"0.2498, 0.1768, 0.1486, 0.2056, 0.2192",0.7972774505615234,
1,grading sentiment analysis,,0.4074786305427551,"0.2466, 0.1921, 0.1642, 0.1771, 0.2200",0.8379699289798737,
1,acoustic model,,0.22379830479621887,"0.1581, 0.2289, 0.1749, 0.2123, 0.2257",0.7901722341775894,
1,negative transfer learning,,0.39705395698547363,"0.1799, 0.2498, 0.2447, 0.1547, 0.1709",0.8090358972549438,
1,performance analyzer,,0.2624379098415375,"0.2498, 0.1923, 0.1367, 0.1978, 0.2234",0.6092925667762756,
1,fully recurrent neural networks,,0.10174843668937683,"0.0129, 0.2488, 0.2500, 0.2498, 0.2386",0.7716940939426422,
1,original data,,0.040287554264068604,"0.0017, 0.2487, 0.2498, 0.2499, 0.2499",0.7252703905105591,
1,hash table,,0.48111996054649353,"0.2488, 0.2351, 0.1204, 0.1877, 0.2080",0.9529551528394222,
1,sequence labeling task,,0.3518264591693878,"0.2500, 0.2412, 0.1119, 0.1824, 0.2145",0.7346009910106659,
1,electronic signature,,0.08467379212379456,"0.1679, 0.0861, 0.2471, 0.2492, 0.2497",0.6980462968349457,
1,signal generation,,0.12872445583343506,"0.2499, 0.0711, 0.2046, 0.2326, 0.2418",0.7332592308521271,
1,weighted round robin,,0.44532832503318787,"0.2460, 0.2381, 0.1159, 0.1763, 0.2238",0.9648184068500996,
1,simple directed graphs,,0.12524521350860596,"0.0530, 0.2477, 0.2462, 0.2151, 0.2379",0.7929496318101883,
1,independent variable,,0.477956086397171,"0.2489, 0.1598, 0.1650, 0.2086, 0.2177",0.8700185865163803,
1,left stochastic matrix,,0.12362480163574219,"0.0014, 0.2500, 0.2500, 0.2493, 0.2494",0.9203634634613991,
1,medical imaging,,0.018201470375061035,"0.0009, 0.2492, 0.2500, 0.2500, 0.2500",0.7719188630580902,
1,ecb mode,,0.37363922595977783,"0.2232, 0.2432, 0.1863, 0.1753, 0.1720",0.8324100524187088,
1,address space,,0.482003390789032,"0.1953, 0.2410, 0.1665, 0.1942, 0.2030",0.8083483576774597,
1,regression tasks,,0.2677014470100403,"0.2499, 0.0716, 0.2163, 0.2299, 0.2323",0.7905077040195465,
1,computational materials science,,0.16052499413490295,"0.2500, 0.2452, 0.0505, 0.2129, 0.2414",0.4962971806526184,
1,computational cognitive science,,0.4978160858154297,"0.2500, 0.2431, 0.1000, 0.1891, 0.2178",0.47081637382507324,
1,real numbers,,0.08999782800674438,"0.2173, 0.0868, 0.2002, 0.2464, 0.2493",0.8802508264780045,
1,bonferroni testing,,0.28851574659347534,"0.1882, 0.1323, 0.2230, 0.2289, 0.2275",0.7537525743246078,
1,input sentence,,0.037404149770736694,"0.1852, 0.0708, 0.2453, 0.2491, 0.2496",0.9321343824267387,
1,quality metrics,,0.26931193470954895,"0.2474, 0.1116, 0.1691, 0.2308, 0.2412",0.774785116314888,
1,exhaustive search,,0.24980854988098145,"0.2455, 0.1467, 0.1570, 0.2181, 0.2327",0.6837579309940338,
1,linear approach,,0.4505746364593506,"0.2500, 0.0405, 0.2306, 0.2386, 0.2403",0.8333801031112671,
1,transfer entropy,,0.4919905364513397,"0.2139, 0.2465, 0.2044, 0.1821, 0.1531",0.7967967838048935,
1,axiomatic set theory,,0.13219031691551208,"0.2315, 0.0877, 0.2381, 0.2092, 0.2335",0.9129715114831924,
1,functional presence engine,,0.038092076778411865,"0.2419, 0.0097, 0.2493, 0.2493, 0.2498",0.6589422225952148,
1,learning state,,0.16057544946670532,"0.2006, 0.0692, 0.2417, 0.2442, 0.2442",0.700011819601059,
1,classic ad hoc,,0.0011584758758544922,"0.0001, 0.2499, 0.2500, 0.2500, 0.2500",0.8764177709817886,
1,revision control software,,0.03575146198272705,"0.0210, 0.2350, 0.2497, 0.2477, 0.2466",0.7075917422771454,
1,optimal solution,,0.0831616222858429,"0.2487, 0.0580, 0.2089, 0.2385, 0.2459",0.883571170270443,
1,lookahead carry unit,,0.06858596205711365,"0.0196, 0.2434, 0.2482, 0.2402, 0.2486",0.8250225782394409,
1,logical calculi,,0.1697237193584442,"0.2166, 0.0416, 0.2455, 0.2480, 0.2483",0.8086384236812592,
1,output classification,,0.41077011823654175,"0.2479, 0.1310, 0.1786, 0.2186, 0.2239",0.6644095778465271,
1,local regression,,0.39934802055358887,"0.1031, 0.2436, 0.2125, 0.2207, 0.2201",0.9555157758295536,
1,hash tables,,0.3899543285369873,"0.2479, 0.2207, 0.1261, 0.1908, 0.2145",0.9563946835696697,
1,software development,,0.12481021881103516,"0.2483, 0.0793, 0.2309, 0.2260, 0.2156",0.5374779105186462,
1,first order logic,,0.17756333947181702,"0.1275, 0.2439, 0.2355, 0.1598, 0.2334",0.774570569396019,
1,logical structure,,0.42687004804611206,"0.2485, 0.1979, 0.1186, 0.2093, 0.2257",0.7948127090930939,
1,reverse indexes,,0.3106580972671509,"0.2487, 0.0641, 0.2022, 0.2386, 0.2465",0.8298269659280777,
1,explicit regression gradient boosting algorithms,,0.2267971932888031,"0.0012, 0.2499, 0.2500, 0.2495, 0.2494",0.8887329995632172,
1,address pool,,0.29690712690353394,"0.1387, 0.1910, 0.2038, 0.2289, 0.2377",0.8783387020230293,
1,nonorthogonal problems,,0.028770625591278076,"0.0121, 0.2417, 0.2483, 0.2490, 0.2490",0.877798967063427,
1,moravec's paradox,,0.054045259952545166,"0.0706, 0.1908, 0.2466, 0.2467, 0.2453",0.8771516233682632,
1,desktop environment,,0.17833629250526428,"0.2302, 0.0535, 0.2347, 0.2402, 0.2414",0.6908991038799286,
1,advanced computing environment,,0.0873362123966217,"0.2249, 0.2493, 0.0314, 0.2460, 0.2485",0.41381555795669556,
1,advanced message queuing protocol,,0.04485991597175598,"0.0009, 0.2493, 0.2499, 0.2500, 0.2499",0.8156225085258484,
1,memory management,,0.4565061926841736,"0.2045, 0.1789, 0.2246, 0.2100, 0.1819",0.6569816470146179,
1,mathematical study,,0.04171556234359741,"0.2500, 0.0013, 0.2489, 0.2498, 0.2499",0.6604950726032257,
1,input operands,,0.07589763402938843,"0.0149, 0.2377, 0.2482, 0.2495, 0.2497",0.8820250779390335,
1,ux design,,0.3634355068206787,"0.2474, 0.2272, 0.1299, 0.1885, 0.2070",0.7001894414424896,
1,reactive programming,,0.4930795133113861,"0.2482, 0.2498, 0.1579, 0.1697, 0.1744",0.737991064786911,
1,spanning tree generation,,0.3638363480567932,"0.2499, 0.2500, 0.0644, 0.2081, 0.2276",0.7732693403959274,
1,big data,,0.20395848155021667,"0.1570, 0.1038, 0.2421, 0.2482, 0.2490",0.6828360259532928,
1,statistical model comparison,,0.2515556812286377,"0.2500, 0.2500, 0.0015, 0.2490, 0.2496",0.7282761633396149,
1,search data structure,,0.4734457731246948,"0.2497, 0.2445, 0.1885, 0.1134, 0.2038",0.696233868598938,
1,automated space docking,,0.49677571654319763,"0.1395, 0.2342, 0.2214, 0.2077, 0.1972",0.7565741240978241,
1,structure mining,,0.3603918254375458,"0.2493, 0.2375, 0.1173, 0.1849, 0.2110",0.733813464641571,
1,numerical operations,,0.3374932110309601,"0.2463, 0.1676, 0.1507, 0.2106, 0.2248",0.8578810542821884,
1,data origin authentication,,0.4567005932331085,"0.1995, 0.0650, 0.2494, 0.2440, 0.2421",0.8609321266412735,
