Phrase,Probablity,Attention
extensible text framework,0.20941263437271118,"0.0252, 0.3013, 0.0220, 0.3310, 0.3206"
classical backpropagation rule,0.3505159616470337,"0.0102, 0.0001, 0.0052, 0.7824, 0.2020"
gap analysis naturally flows,0.17993977665901184,"0.0000, 0.0000, 0.0030, 0.9968, 0.0002"
conceptual design discipline,0.4263848066329956,"0.0000, 0.0000, 0.0024, 0.6195, 0.3781"
moravec's paradox,0.3153173327445984,"0.0026, 0.7297, 0.0323, 0.0594, 0.1760"
finite graph,0.38287174701690674,"0.9282, 0.0119, 0.0109, 0.0130, 0.0360"
augmented reality,0.2246619462966919,"0.1641, 0.5908, 0.0410, 0.0555, 0.1485"
polynomial decomposition theorem,0.4826522469520569,"0.0026, 0.0008, 0.0136, 0.6625, 0.3205"
mathematical duality,0.3116896152496338,"0.4245, 0.0392, 0.2294, 0.1531, 0.1538"
distributed computing environment,0.2835195064544678,"0.0000, 0.0000, 0.8683, 0.0500, 0.0817"
mutable ordered lists,0.1720995008945465,"0.0000, 0.0734, 0.9238, 0.0019, 0.0009"
time delays,0.4826096296310425,"0.4579, 0.0151, 0.2731, 0.1395, 0.1143"
lookup table,0.247611403465271,"0.9990, 0.0008, 0.0001, 0.0000, 0.0000"
weighted round robin,0.18971291184425354,"0.5306, 0.1823, 0.2851, 0.0017, 0.0002"
dynamic compilation,0.49399062991142273,"0.0013, 0.0002, 0.0950, 0.2846, 0.6189"
finite state machines,0.28484153747558594,"0.1890, 0.0255, 0.3854, 0.2665, 0.1336"
acoustic model,0.2102477252483368,"0.9322, 0.0023, 0.0128, 0.0181, 0.0346"
uniform binary search,0.1687299609184265,"0.7814, 0.0000, 0.1496, 0.0347, 0.0343"
scientific method,0.17742368578910828,"0.8159, 0.0155, 0.0807, 0.0441, 0.0438"
quality metrics,0.40212374925613403,"0.1044, 0.2351, 0.2876, 0.1897, 0.1832"
analytic hierarchy process,0.39984819293022156,"0.0000, 0.0000, 0.0032, 0.4800, 0.5167"
computational materials science,0.22937127947807312,"0.0004, 0.1895, 0.5480, 0.1878, 0.0744"
ecb mode,0.2133224904537201,"0.0113, 0.0031, 0.7062, 0.2266, 0.0528"
zip files,0.31238341331481934,"0.0139, 0.7709, 0.0650, 0.0735, 0.0767"
parent class,0.08562040328979492,"0.6440, 0.0009, 0.1028, 0.1130, 0.1393"
eigenmode expansion,0.2196701467037201,"0.0000, 0.0005, 0.2743, 0.4609, 0.2643"
division algorithm,0.45495641231536865,"0.0001, 0.0116, 0.5468, 0.2778, 0.1637"
computational linguistics,0.13437852263450623,"0.0000, 0.9000, 0.0321, 0.0266, 0.0413"
performance analyzer,0.28355008363723755,"0.0021, 0.0047, 0.4736, 0.3607, 0.1589"
boosting methods,0.20404887199401855,"0.7212, 0.1039, 0.1290, 0.0347, 0.0111"
linearly independent variables,0.40410152077674866,"0.0000, 0.0024, 0.0238, 0.5349, 0.4388"
recommendation systems,0.4608916938304901,"0.1073, 0.0003, 0.0892, 0.2545, 0.5487"
first-order reduction,0.3476293087005615,"0.0084, 0.0618, 0.4979, 0.2593, 0.1726"
fully connected layers,0.24742954969406128,"0.9378, 0.0622, 0.0000, 0.0000, 0.0000"
classic ad hoc,0.07990029454231262,"0.0073, 0.0253, 0.9656, 0.0017, 0.0001"
advanced computing environment,0.04552888870239258,"0.0007, 0.0000, 0.9909, 0.0064, 0.0020"
arnoldi iteration,0.1678554117679596,"0.8059, 0.0023, 0.0568, 0.0550, 0.0801"
system performance,0.339554101228714,"0.0000, 0.0129, 0.4010, 0.3698, 0.2164"
scalar response,0.3557615578174591,"0.0000, 0.0549, 0.2563, 0.3302, 0.3586"
monic polynomials,0.277462899684906,"0.3113, 0.1189, 0.4364, 0.0958, 0.0377"
output label,0.1548711657524109,"0.0058, 0.4165, 0.4262, 0.1091, 0.0423"
fitts's law,0.04716813564300537,"0.0221, 0.2379, 0.7139, 0.0251, 0.0011"
object recognition  technical report icg,0.2387172281742096,"0.0000, 0.0000, 0.0000, 0.0000, 1.0000"
highly correlated,0.17670878767967224,"1.0000, 0.0000, 0.0000, 0.0000, 0.0000"
raspberry pi,0.46746742725372314,"0.2753, 0.0235, 0.1233, 0.2361, 0.3418"
internet addressing structure,0.032341837882995605,"0.9234, 0.0763, 0.0001, 0.0002, 0.0001"
doubly linked list,0.09218376874923706,"1.0000, 0.0000, 0.0000, 0.0000, 0.0000"
input layer,0.4825558662414551,"0.0116, 0.0009, 0.1242, 0.3035, 0.5598"
differential calculus,0.17772194743156433,"0.0000, 0.0003, 0.2120, 0.4776, 0.3101"
pattern calculus,0.31175827980041504,"0.0000, 0.0003, 0.1538, 0.3981, 0.4478"
applied mathematics,0.06870165467262268,"0.0417, 0.4119, 0.5187, 0.0246, 0.0030"
local minimum,0.012529581785202026,"0.9955, 0.0039, 0.0006, 0.0000, 0.0000"
general recursive functions,0.39176225662231445,"0.0018, 0.0000, 0.0007, 0.4688, 0.5287"
connected wireless device,0.04233559966087341,"0.0000, 0.0086, 0.9902, 0.0012, 0.0000"
electronic signatures,0.055097490549087524,"0.9825, 0.0173, 0.0002, 0.0000, 0.0000"
table structure,0.41619768738746643,"0.3012, 0.0287, 0.2288, 0.1939, 0.2474"
negative transfer learning,0.17251557111740112,"0.8682, 0.0017, 0.0000, 0.0269, 0.1032"
implementation language,0.4850101172924042,"0.0081, 0.0042, 0.3258, 0.3021, 0.3599"
binary vectors,0.4563600420951843,"0.0000, 0.0000, 0.0085, 0.1549, 0.8366"
gibbs sampling,0.11517906188964844,"0.9946, 0.0009, 0.0003, 0.0008, 0.0034"
compound logic gates,0.06354817748069763,"0.0000, 0.0000, 0.9810, 0.0155, 0.0034"
optimality problem,0.4703608751296997,"0.0009, 0.1169, 0.4886, 0.2372, 0.1564"
character map,0.45192569494247437,"0.0010, 0.0032, 0.0959, 0.2961, 0.6037"
comparison sorts,0.34250956773757935,"0.0263, 0.9520, 0.0170, 0.0032, 0.0015"
bit twiddling,0.44727766513824463,"0.0150, 0.0385, 0.3971, 0.3359, 0.2136"
k nearest neighbors,0.42628026008605957,"0.0179, 0.0442, 0.9379, 0.0001, 0.0000"
systems architecture,0.4091039299964905,"0.0000, 0.0007, 0.1826, 0.3625, 0.4542"
attention mechanisms,0.026046276092529297,"0.9885, 0.0016, 0.0028, 0.0027, 0.0045"
maximum entropy probability distribution,0.1774633526802063,"0.9876, 0.0073, 0.0002, 0.0000, 0.0049"
iterative refinement,0.1268024444580078,"0.0000, 0.6532, 0.1954, 0.0984, 0.0531"
basic function,0.2511938512325287,"0.0003, 0.0012, 0.6558, 0.2498, 0.0929"
schwartzian transform,0.21897625923156738,"0.0037, 0.0435, 0.4001, 0.3545, 0.1983"
intelligent agents,0.41945481300354004,"0.0116, 0.5437, 0.0995, 0.1389, 0.2063"
mathematical constructors,0.29879695177078247,"0.0514, 0.0005, 0.3531, 0.3334, 0.2616"
analog-to-digital converter,0.41147273778915405,"0.0009, 0.0010, 0.1166, 0.3711, 0.5104"
generalized additive models,0.48649826645851135,"0.0022, 0.0344, 0.0035, 0.2085, 0.7515"
nonorthogonal problems,0.25813183188438416,"0.0083, 0.3064, 0.4336, 0.1618, 0.0899"
python package,0.21236711740493774,"0.6921, 0.0005, 0.0539, 0.0863, 0.1672"
input operands,0.18824931979179382,"0.1637, 0.0919, 0.4761, 0.2030, 0.0653"
squared euclidean distances,0.3988882899284363,"0.1565, 0.0199, 0.6257, 0.1331, 0.0648"
objective function,0.1638164520263672,"0.0068, 0.0040, 0.8168, 0.1437, 0.0288"
local minima,0.02714642882347107,"0.9999, 0.0000, 0.0000, 0.0000, 0.0000"
computing resources,0.08241242170333862,"0.0000, 0.9399, 0.0086, 0.0157, 0.0357"
entropy calculations,0.354825884103775,"0.0002, 0.0957, 0.5660, 0.2477, 0.0904"
outer node,0.477913498878479,"0.0246, 0.0274, 0.5220, 0.2770, 0.1490"
decision making problems,0.0015425682067871094,"0.0004, 0.9982, 0.0006, 0.0005, 0.0002"
bernstein polynomial,0.43312251567840576,"0.2493, 0.0157, 0.4631, 0.1700, 0.1020"
logical calculi,0.02494901418685913,"0.8990, 0.0951, 0.0015, 0.0015, 0.0030"
input signal,0.477383553981781,"0.0012, 0.0235, 0.4339, 0.3168, 0.2247"
dirichlet process,0.4537046253681183,"0.0001, 0.0008, 0.2127, 0.3647, 0.4217"
mobile ad hoc networks,0.23646679520606995,"0.0061, 0.0760, 0.9124, 0.0050, 0.0004"
finite element methods,0.021622896194458008,"0.9983, 0.0004, 0.0005, 0.0006, 0.0002"
mac address,0.43622785806655884,"0.2662, 0.3617, 0.1160, 0.1020, 0.1541"
system usability scale,0.047160595655441284,"0.0000, 0.0000, 0.9673, 0.0245, 0.0082"
n log n comparisons,0.1325339674949646,"0.3343, 0.0000, 0.6499, 0.0081, 0.0077"
address pool,0.0705825686454773,"0.6007, 0.3983, 0.0005, 0.0002, 0.0003"
ambient networks,0.4351522624492645,"0.9980, 0.0009, 0.0005, 0.0002, 0.0003"
reverse lookup,0.04486563801765442,"0.0007, 0.9992, 0.0001, 0.0000, 0.0000"
noise ratio,0.2699353098869324,"0.1700, 0.3082, 0.3780, 0.1028, 0.0410"
digital signatures,0.2408888339996338,"0.5778, 0.2223, 0.0402, 0.0585, 0.1012"
evolution strategies,0.15109896659851074,"0.0013, 0.3303, 0.4127, 0.1680, 0.0877"
current databases,0.3196640908718109,"0.9975, 0.0001, 0.0004, 0.0006, 0.0014"
empty set,0.2211926281452179,"0.5750, 0.1542, 0.1726, 0.0592, 0.0389"
zero fields,0.03921830654144287,"0.8411, 0.1559, 0.0029, 0.0001, 0.0000"
adjacency list,0.39483359456062317,"0.0094, 0.7124, 0.0524, 0.0679, 0.1579"
lookahead carry unit,0.020824283361434937,"0.9242, 0.0758, 0.0000, 0.0000, 0.0000"
topological quantum computer,0.3344261050224304,"0.0000, 0.0322, 0.2791, 0.4966, 0.1920"
minimum message length,0.08221703767776489,"0.0417, 0.1322, 0.7913, 0.0300, 0.0048"
situ matrix transposition,0.42944297194480896,"0.0120, 0.0000, 0.0001, 0.1308, 0.8572"
fp discovery,0.14161694049835205,"0.0007, 0.7979, 0.0734, 0.0550, 0.0730"
runtime efficiency,0.27565354108810425,"0.0005, 0.0469, 0.7628, 0.1606, 0.0291"
scientific study,0.044255197048187256,"0.4938, 0.4316, 0.0580, 0.0109, 0.0056"
meldable heap implementation,0.05594959855079651,"0.9851, 0.0038, 0.0010, 0.0029, 0.0071"
adaptive equalizers,0.4221394956111908,"0.0001, 0.5901, 0.2052, 0.1329, 0.0718"
training set,0.24297508597373962,"0.0010, 0.2748, 0.4870, 0.1676, 0.0695"
mathematical study,0.047673970460891724,"0.0192, 0.8592, 0.1009, 0.0153, 0.0054"
relational algebra,0.45333829522132874,"0.0001, 0.0111, 0.2853, 0.3336, 0.3699"
priority queue based data structure,0.15815326571464539,"0.0004, 0.0173, 0.9823, 0.0000, 0.0000"
side channel attack,0.08581298589706421,"0.0003, 0.0003, 0.9961, 0.0033, 0.0000"
optimal solution,0.034245312213897705,"0.0032, 0.9796, 0.0160, 0.0010, 0.0002"
adaptive equalizer,0.4027605950832367,"0.0000, 0.4621, 0.2809, 0.1746, 0.0824"
axiomatic set theory,0.4098660349845886,"0.0625, 0.0170, 0.0776, 0.5835, 0.2593"
operating systems,0.4050171375274658,"0.0655, 0.0021, 0.2467, 0.3257, 0.3600"
error monitoring,0.47261497378349304,"0.0000, 0.7080, 0.1290, 0.0855, 0.0775"
bit manipulations,0.38554662466049194,"0.0793, 0.0614, 0.3923, 0.2670, 0.2000"
manifold alignment,0.25294506549835205,"0.0011, 0.0488, 0.4190, 0.3305, 0.2006"
known classes,0.005708038806915283,"0.9999, 0.0000, 0.0000, 0.0000, 0.0000"
mathematical formula,0.18501219153404236,"0.0066, 0.8944, 0.0872, 0.0095, 0.0023"
fully recurrent neural networks,0.14518234133720398,"1.0000, 0.0000, 0.0000, 0.0000, 0.0000"
continuous function,0.27330106496810913,"0.3219, 0.0020, 0.4149, 0.1549, 0.1063"
systems engineering,0.30914512276649475,"0.0000, 0.0052, 0.4989, 0.3177, 0.1782"
analog filters,0.4613508880138397,"0.2148, 0.0156, 0.2361, 0.2571, 0.2765"
input sentence,0.42304572463035583,"0.0183, 0.0144, 0.5578, 0.2288, 0.1807"
desktop environment,0.08526235818862915,"0.0083, 0.9778, 0.0082, 0.0030, 0.0027"
streaming media,0.017039120197296143,"0.0527, 0.9472, 0.0001, 0.0000, 0.0000"
transfer entropy,0.14045923948287964,"0.8870, 0.0019, 0.0146, 0.0303, 0.0662"
differential equations,0.42451292276382446,"0.0000, 0.0718, 0.2491, 0.3440, 0.3350"
hybrid merge sort,0.3240235447883606,"0.0096, 0.1658, 0.7420, 0.0659, 0.0167"
private key set,0.3887065052986145,"0.0005, 0.0074, 0.1518, 0.4966, 0.3437"
bit manipulation,0.4143475890159607,"0.0243, 0.0400, 0.4319, 0.2890, 0.2148"
conditional dependence structure,0.37539607286453247,"0.0257, 0.0151, 0.0214, 0.4047, 0.5331"
computer science fields,0.3237496018409729,"0.0027, 0.1622, 0.6338, 0.1151, 0.0863"
vector quantization,0.217260479927063,"0.0000, 0.0030, 0.2586, 0.4846, 0.2538"
scientific visualization,0.4363255798816681,"0.7111, 0.0003, 0.0276, 0.0622, 0.1988"
reduction systems,0.3209419846534729,"0.0488, 0.0050, 0.3296, 0.3265, 0.2901"
distance metric,0.359302818775177,"0.0002, 0.2016, 0.4295, 0.2524, 0.1162"
distributed key generation,0.4377315938472748,"0.0001, 0.0002, 0.1331, 0.3524, 0.5141"
independent variable,0.2657211422920227,"0.0431, 0.0302, 0.5805, 0.2430, 0.1032"
ipv6 address pool,0.06878384947776794,"0.0085, 0.3397, 0.6499, 0.0012, 0.0007"
biologically inspired computing,0.2825005352497101,"0.9791, 0.0203, 0.0000, 0.0001, 0.0005"
system level analysis,0.27238795161247253,"0.0000, 0.0005, 0.0260, 0.6982, 0.2753"
garbage collection,0.30497831106185913,"0.9999, 0.0001, 0.0000, 0.0000, 0.0001"
big data,0.2347942292690277,"1.0000, 0.0000, 0.0000, 0.0000, 0.0000"
block range index,0.24988454580307007,"0.0000, 0.0005, 0.9149, 0.0762, 0.0084"
edge contraction,0.3933570981025696,"0.0031, 0.0030, 0.5800, 0.2984, 0.1154"
continuous unimodal function,0.009184479713439941,"0.9950, 0.0006, 0.0000, 0.0019, 0.0025"
cost allocation,0.1866365373134613,"0.9453, 0.0001, 0.0161, 0.0175, 0.0209"
lookup tables,0.1866174042224884,"0.9952, 0.0047, 0.0000, 0.0000, 0.0000"
null pointer,0.3581654727458954,"0.2230, 0.0009, 0.1699, 0.2758, 0.3305"
global solutions,0.08603814244270325,"0.0025, 0.8283, 0.1054, 0.0382, 0.0256"
dynamic host configuration protocol,0.4851416349411011,"0.0007, 0.0009, 0.0000, 0.0002, 0.9982"
scientific language,0.4805465340614319,"0.3299, 0.0021, 0.1684, 0.1818, 0.3178"
joint entropies,0.08634358644485474,"0.2212, 0.5214, 0.1997, 0.0460, 0.0117"
conjunctive normal form,0.003563433885574341,"0.5575, 0.0238, 0.4181, 0.0004, 0.0002"
fuzzy control systems,0.4872472584247589,"0.0000, 0.0004, 0.0004, 0.2667, 0.7325"
conformational analysis,0.4087598919868469,"0.0000, 0.0012, 0.2505, 0.3756, 0.3728"
design problem,0.4643101394176483,"0.0000, 0.0503, 0.4465, 0.2904, 0.2128"
single core processors,0.42529940605163574,"0.0114, 0.0002, 0.0097, 0.4728, 0.5059"
file exchange protocol,0.1341663897037506,"0.9319, 0.0386, 0.0000, 0.0086, 0.0209"
linearly dependent,0.489001601934433,"0.0001, 0.2310, 0.2163, 0.2394, 0.3132"
scalar processor,0.4013747572898865,"0.0000, 0.0001, 0.0582, 0.3151, 0.6267"
structural induction,0.4513012170791626,"0.0038, 0.0025, 0.3814, 0.3104, 0.3019"
mobile software agent,0.4916098713874817,"0.9704, 0.0001, 0.0017, 0.0077, 0.0200"
conventional dynamic memory allocation libraries,0.44156500697135925,"0.9687, 0.0030, 0.0000, 0.0000, 0.0282"
loop body,0.1578160524368286,"0.0000, 0.9884, 0.0037, 0.0034, 0.0045"
bit bashing,0.2485247254371643,"0.0003, 0.0662, 0.7311, 0.1799, 0.0225"
maximum likelihood,0.10888633131980896,"0.9982, 0.0009, 0.0003, 0.0002, 0.0004"
sort keys,0.38825613260269165,"0.3530, 0.1179, 0.3857, 0.1097, 0.0337"
signal generation,0.16028225421905518,"0.0012, 0.5426, 0.2833, 0.1101, 0.0629"
unified modelling language,0.030329227447509766,"0.7738, 0.0194, 0.0046, 0.1384, 0.0637"
child vertices,0.4783976972103119,"0.0263, 0.4932, 0.2614, 0.1068, 0.1123"
special memory allocation libraries,0.1338874101638794,"0.9575, 0.0000, 0.0000, 0.0200, 0.0224"
run time,0.09755423665046692,"0.4259, 0.5669, 0.0069, 0.0002, 0.0000"
autonomous operation,0.23321980237960815,"0.0001, 0.0690, 0.6741, 0.1996, 0.0571"
internet service providers,0.02733716368675232,"0.8696, 0.0561, 0.0741, 0.0001, 0.0001"
machine translation,0.14621105790138245,"0.0053, 0.8865, 0.0265, 0.0313, 0.0505"
recursive relation,0.40367913246154785,"0.0000, 0.0389, 0.3925, 0.3138, 0.2547"
physical neural network,0.45133939385414124,"0.9997, 0.0000, 0.0000, 0.0001, 0.0002"
digital transmission,0.49172329902648926,"0.0122, 0.1942, 0.3976, 0.2254, 0.1706"
join trees,0.2168613076210022,"0.9955, 0.0005, 0.0006, 0.0008, 0.0026"
image file formats,0.029792457818984985,"0.9996, 0.0004, 0.0000, 0.0000, 0.0000"
modern decision theory,0.29596763849258423,"0.0003, 0.0114, 0.0667, 0.6757, 0.2460"
significant digits,0.004184305667877197,"0.9987, 0.0013, 0.0000, 0.0000, 0.0000"
dma attack,0.4576529562473297,"0.0005, 0.8060, 0.0952, 0.0617, 0.0365"
bitwise operation,0.42503809928894043,"0.0021, 0.0753, 0.5768, 0.2302, 0.1157"
bernstein polynomials,0.29347294569015503,"0.1238, 0.1586, 0.5985, 0.0959, 0.0232"
structural recursion,0.46530234813690186,"0.0027, 0.0000, 0.1061, 0.3016, 0.5895"
feature maps,0.4750349819660187,"0.0000, 0.0034, 0.0536, 0.2424, 0.7006"
ip address,0.10086709260940552,"0.0670, 0.8283, 0.0876, 0.0139, 0.0031"
cholesky factor,0.46718865633010864,"0.0044, 0.2274, 0.2764, 0.2180, 0.2738"
optimization methods,0.46075353026390076,"0.0001, 0.0822, 0.3933, 0.3204, 0.2040"
least square estimators,0.09233710169792175,"0.0521, 0.9479, 0.0000, 0.0000, 0.0000"
functional presence engine,0.11429870128631592,"0.0005, 0.6004, 0.1018, 0.2232, 0.0742"
multi layer perceptron,0.06710612773895264,"0.9549, 0.0000, 0.0001, 0.0072, 0.0377"
simple directed graphs,0.18403524160385132,"0.9974, 0.0007, 0.0016, 0.0001, 0.0001"
physical memory,0.09554418921470642,"0.9999, 0.0000, 0.0000, 0.0000, 0.0000"
prune and search,0.015278041362762451,"0.0000, 0.8522, 0.1476, 0.0002, 0.0000"
physical qualities,0.0013827383518218994,"0.1204, 0.8796, 0.0001, 0.0000, 0.0000"
enhanced double hashing,0.00784367322921753,"0.0004, 0.9818, 0.0178, 0.0000, 0.0000"
industrial design,0.3917100429534912,"0.0108, 0.0008, 0.5110, 0.2694, 0.2079"
spatial relations,0.18017253279685974,"0.0312, 0.0244, 0.6915, 0.1922, 0.0607"
medical imaging,0.019370555877685547,"1.0000, 0.0000, 0.0000, 0.0000, 0.0000"
first order logic,0.32408374547958374,"0.1360, 0.0002, 0.0955, 0.5836, 0.1847"
smoothness assumption,0.42138200998306274,"0.0448, 0.5574, 0.1870, 0.1067, 0.1041"
function join,0.029937535524368286,"0.0000, 0.9983, 0.0007, 0.0004, 0.0005"
sorting lists,0.1489667296409607,"0.1707, 0.8291, 0.0002, 0.0000, 0.0000"
predicate functor logic,0.4474351406097412,"0.0000, 0.0000, 0.0210, 0.6233, 0.3556"
receive quality metric,0.07757246494293213,"0.7241, 0.0120, 0.0369, 0.0999, 0.1271"
term complex data type,0.2874443531036377,"0.8761, 0.0096, 0.0000, 0.0012, 0.1131"
computer algebra systems,0.46890097856521606,"0.0001, 0.0010, 0.0006, 0.2836, 0.7148"
back end,0.029383808374404907,"0.4052, 0.5945, 0.0003, 0.0000, 0.0000"
original data,0.14426907896995544,"0.9987, 0.0000, 0.0001, 0.0002, 0.0010"
brute-force search,0.18597903847694397,"0.0002, 0.9689, 0.0258, 0.0038, 0.0014"
octave scripting language,0.09369513392448425,"0.3460, 0.0629, 0.0405, 0.4758, 0.0748"
computationally intractable,0.2336014211177826,"0.0001, 0.9923, 0.0049, 0.0018, 0.0009"
scalar processors,0.3590559661388397,"0.0000, 0.0001, 0.0611, 0.3359, 0.6030"
transformation rules,0.18141379952430725,"0.0000, 0.0189, 0.8223, 0.1291, 0.0297"
local regression,0.10282066464424133,"0.9976, 0.0000, 0.0006, 0.0007, 0.0011"
affective computing,0.36823734641075134,"0.6274, 0.0001, 0.0547, 0.0950, 0.2228"
pooling layers,0.23490747809410095,"0.9888, 0.0005, 0.0013, 0.0026, 0.0068"
mobile computing devices,0.17025011777877808,"0.0036, 0.0000, 0.9791, 0.0138, 0.0036"
big data applications,0.2049536406993866,"1.0000, 0.0000, 0.0000, 0.0000, 0.0000"
multiplexing technique,0.22096192836761475,"0.0045, 0.1780, 0.6091, 0.1594, 0.0490"
DMA attack,0.4576529562473297,"0.0005, 0.8060, 0.0952, 0.0617, 0.0365"
left stochastic matrix,0.015404462814331055,"1.0000, 0.0000, 0.0000, 0.0000, 0.0000"
incidence matrix,0.44231852889060974,"0.9877, 0.0000, 0.0009, 0.0026, 0.0089"
vector field,0.2867896556854248,"0.0000, 0.3703, 0.1852, 0.2395, 0.2050"
processing power,0.3957591950893402,"0.0000, 0.2752, 0.4592, 0.1892, 0.0764"
digital picture processing,0.2325831651687622,"0.0028, 0.9779, 0.0000, 0.0069, 0.0124"
copyright investigation,0.23023077845573425,"0.1448, 0.5157, 0.1191, 0.0896, 0.1307"
numerical operations,0.23354801535606384,"0.0275, 0.0588, 0.6831, 0.1668, 0.0638"
decimal computers,0.3574686646461487,"0.8472, 0.1456, 0.0043, 0.0015, 0.0013"
phase distinction,0.0023709237575531006,"0.0000, 0.9883, 0.0114, 0.0002, 0.0000"
runtime environment,0.05297580361366272,"0.0014, 0.9926, 0.0050, 0.0007, 0.0003"
file overwrites,0.042876601219177246,"0.9996, 0.0004, 0.0000, 0.0000, 0.0000"
vector space,0.4492270052433014,"0.0000, 0.0003, 0.1052, 0.3445, 0.5500"
de morgan's law,0.00044980645179748535,"0.9951, 0.0046, 0.0001, 0.0002, 0.0000"
optimization problems,0.4932537078857422,"0.0004, 0.1706, 0.4167, 0.2489, 0.1634"
delta encoding,0.04902639985084534,"0.9710, 0.0000, 0.0027, 0.0060, 0.0204"
industrial protocol,0.39026638865470886,"0.3516, 0.0008, 0.1817, 0.2084, 0.2574"
functional presence engines,0.09902781248092651,"0.0001, 0.3248, 0.6351, 0.0336, 0.0064"
minimum k-cut,0.2011544108390808,"0.0206, 0.6651, 0.2432, 0.0494, 0.0217"
weighted majority algorithm,0.23053854703903198,"0.8067, 0.1078, 0.0014, 0.0487, 0.0353"
flux architecture,0.3364529609680176,"0.0780, 0.0149, 0.4562, 0.2748, 0.1761"
dimensional space,0.3532727062702179,"0.0004, 0.0105, 0.4709, 0.3422, 0.1760"
ai control problem,0.3982452154159546,"0.0046, 0.0010, 0.0669, 0.5674, 0.3601"
input sequences,0.415241003036499,"0.6247, 0.0000, 0.0167, 0.0667, 0.2919"
operating system,0.46073684096336365,"0.0554, 0.0049, 0.2458, 0.3189, 0.3750"
euclidean space,0.3848097324371338,"0.0111, 0.0427, 0.6131, 0.2325, 0.1006"
immutable objects,0.3613020181655884,"0.0706, 0.4001, 0.1312, 0.1590, 0.2390"
balanced binary search trees,0.18401366472244263,"0.9994, 0.0000, 0.0003, 0.0001, 0.0002"
classical logic,0.35724833607673645,"0.0002, 0.0868, 0.6415, 0.1820, 0.0894"
formal language theory,0.48631587624549866,"0.0004, 0.0006, 0.0408, 0.6130, 0.3452"
computational fluid dynamics,0.09083837270736694,"0.0001, 0.9973, 0.0000, 0.0007, 0.0019"
orthogonal decomposition,0.4534704089164734,"0.0001, 0.0021, 0.2730, 0.4136, 0.3113"
amdahl's law,0.17007234692573547,"0.0001, 0.1044, 0.7993, 0.0833, 0.0129"
training time,0.14708051085472107,"0.0000, 0.9410, 0.0528, 0.0051, 0.0011"
flowers method,0.43107232451438904,"0.8320, 0.0264, 0.0825, 0.0346, 0.0245"
fast fourier transform,0.1780390739440918,"0.9015, 0.0222, 0.0236, 0.0419, 0.0108"
complex vector spaces,0.3917064070701599,"0.0109, 0.0000, 0.0044, 0.3263, 0.6584"
electronic signature,0.05034831166267395,"0.9818, 0.0160, 0.0016, 0.0004, 0.0002"
functional arguments,0.2005366086959839,"0.0011, 0.0982, 0.5827, 0.2514, 0.0665"
compiler correctness,0.014271199703216553,"0.0000, 0.9872, 0.0061, 0.0034, 0.0033"
red hat virtualization,0.2508077621459961,"0.9825, 0.0174, 0.0000, 0.0000, 0.0001"
in-place matrix transposition,0.49816933274269104,"0.0068, 0.0000, 0.0000, 0.1328, 0.8603"
streaming text,0.1370236575603485,"0.9397, 0.0296, 0.0187, 0.0063, 0.0058"
parsimonious reductions,0.3613513112068176,"0.0605, 0.0702, 0.4222, 0.2524, 0.1947"
exhaustive search,0.19288790225982666,"0.1602, 0.8332, 0.0051, 0.0009, 0.0007"
sibling calls,0.02558109164237976,"0.5319, 0.4672, 0.0008, 0.0001, 0.0000"
sweep surface,0.49771904945373535,"0.9884, 0.0101, 0.0008, 0.0003, 0.0004"
world wide web,0.08715105056762695,"0.2787, 0.7210, 0.0001, 0.0001, 0.0001"
portable distributed objects,0.28865307569503784,"0.9993, 0.0007, 0.0000, 0.0000, 0.0000"
null pointers,0.2481755018234253,"0.3419, 0.0005, 0.1321, 0.2417, 0.2838"
boolean algebra,0.4282461702823639,"0.0004, 0.0109, 0.3277, 0.3661, 0.2949"
humancomputer interfaces,0.43204161524772644,"0.0000, 0.0001, 0.1041, 0.3860, 0.5098"
thus trees,0.03833127021789551,"0.9999, 0.0000, 0.0000, 0.0000, 0.0000"
weight-balanced tree,0.3626005947589874,"0.9869, 0.0001, 0.0028, 0.0031, 0.0071"
real numbers,0.029407888650894165,"0.8940, 0.1058, 0.0002, 0.0000, 0.0000"
spatial multiplexing,0.34560298919677734,"0.5969, 0.1349, 0.1075, 0.0828, 0.0779"
linked list,0.423296719789505,"0.1962, 0.4624, 0.0621, 0.0879, 0.1914"
cluster centers,0.3654334247112274,"0.0002, 0.0189, 0.1928, 0.3556, 0.4324"
bitwise operations,0.41042181849479675,"0.0132, 0.0112, 0.4939, 0.2926, 0.1891"
entanglement measurement,0.3070487678050995,"0.0000, 0.3145, 0.5218, 0.1216, 0.0421"
euclidean distance,0.416458398103714,"0.0048, 0.2275, 0.4328, 0.2384, 0.0965"
main functions,0.23840662837028503,"0.0989, 0.0042, 0.6109, 0.2010, 0.0849"
regularization methods,0.3559495210647583,"0.0001, 0.0432, 0.3701, 0.3679, 0.2186"
control theory,0.4513671398162842,"0.0004, 0.0122, 0.4078, 0.3178, 0.2617"
polynomial functions,0.4678291082382202,"0.0002, 0.0007, 0.3726, 0.3501, 0.2763"
unreversed indexes,0.3563954830169678,"0.4632, 0.4431, 0.0511, 0.0221, 0.0204"
stochastic weights,0.29212793707847595,"0.0001, 0.7440, 0.0486, 0.0953, 0.1120"
knapsack problem,0.21219182014465332,"0.7419, 0.0548, 0.1172, 0.0480, 0.0382"
vague set,0.12511634826660156,"0.5019, 0.0743, 0.1663, 0.1154, 0.1422"
support vectors,0.03466010093688965,"0.9331, 0.0003, 0.0182, 0.0245, 0.0240"
hardware technologies,0.13482773303985596,"0.1102, 0.6643, 0.1226, 0.0591, 0.0437"
compiler switch,0.44046249985694885,"0.0000, 0.1159, 0.2298, 0.3210, 0.3332"
quantum mechanics,0.18450435996055603,"0.0006, 0.1666, 0.6684, 0.1418, 0.0226"
nm matrix,0.47060731053352356,"0.0299, 0.0000, 0.1034, 0.3018, 0.5648"
distance metric learning,0.4512041211128235,"0.0001, 0.0008, 0.0078, 0.5704, 0.4209"
bit string,0.4541258215904236,"0.0046, 0.1262, 0.5221, 0.2257, 0.1214"
maximal subtree isomorphism,0.2889114320278168,"0.4575, 0.0000, 0.0000, 0.0692, 0.4732"
decision rules,0.4528782367706299,"0.0000, 0.0071, 0.5994, 0.2375, 0.1560"
source programs,0.04169416427612305,"0.9882, 0.0001, 0.0015, 0.0029, 0.0074"
hardware links,0.27265816926956177,"0.6118, 0.3802, 0.0030, 0.0022, 0.0029"
radial functions,0.21896135807037354,"0.0006, 0.0012, 0.5362, 0.3292, 0.1328"
analytical hierarchy process,0.22250628471374512,"0.0003, 0.0001, 0.0098, 0.6720, 0.3179"
test bits,0.24548518657684326,"0.0051, 0.9403, 0.0325, 0.0129, 0.0092"
method call,0.08668553829193115,"0.0003, 0.9666, 0.0277, 0.0044, 0.0010"
ip address pool,0.028423994779586792,"0.0196, 0.6538, 0.3264, 0.0001, 0.0000"
k-means clustering,0.45843803882598877,"0.8873, 0.0003, 0.0126, 0.0308, 0.0690"
resizable array,0.4328841269016266,"0.5744, 0.0090, 0.0675, 0.1126, 0.2364"
abstract algebra,0.36744245886802673,"0.0009, 0.0149, 0.3799, 0.3339, 0.2704"
successive parabolic interpolation,0.13687822222709656,"0.6980, 0.0259, 0.0004, 0.0674, 0.2082"
array list,0.26186230778694153,"0.0121, 0.9107, 0.0309, 0.0211, 0.0252"
reverse indexes,0.31853577494621277,"0.0958, 0.8627, 0.0346, 0.0052, 0.0017"
modulo scheduling,0.23210453987121582,"0.0175, 0.8424, 0.1089, 0.0215, 0.0098"
meldable heap,0.193403959274292,"0.9913, 0.0056, 0.0002, 0.0006, 0.0023"
computational resources,0.0957634449005127,"0.0001, 0.9680, 0.0065, 0.0087, 0.0167"
vector optimization,0.419811487197876,"0.0000, 0.0000, 0.0689, 0.3257, 0.6054"
binary floating point,0.28775250911712646,"0.0000, 0.0004, 0.8683, 0.0524, 0.0789"
complex hermitian matrices,0.2969590425491333,"0.0114, 0.0001, 0.0018, 0.3258, 0.6609"
hinge loss,0.029019325971603394,"0.3865, 0.5939, 0.0129, 0.0041, 0.0027"
algebraic theories,0.24827200174331665,"0.0681, 0.3606, 0.3618, 0.1357, 0.0737"
distributed data stores,0.4338476359844208,"0.0002, 0.0000, 0.9016, 0.0307, 0.0676"
code points,0.20854869484901428,"0.0000, 0.7153, 0.0777, 0.0923, 0.1148"
hurwitz stable,0.08120918273925781,"0.0489, 0.7530, 0.1543, 0.0343, 0.0096"
point distribution model,0.08996674418449402,"0.9968, 0.0001, 0.0001, 0.0009, 0.0021"
analog recording,0.22449111938476562,"0.6425, 0.1720, 0.0649, 0.0538, 0.0669"
single nearest neighbor,0.4073624014854431,"0.0044, 0.0737, 0.9217, 0.0002, 0.0000"
global minimum,0.4014308452606201,"0.0078, 0.2277, 0.2928, 0.2210, 0.2508"
application crashing,0.4157845377922058,"0.0149, 0.9119, 0.0314, 0.0199, 0.0219"
range queries,0.35826706886291504,"0.0135, 0.0166, 0.3290, 0.3255, 0.3155"
random vectors,0.4722840487957001,"0.0003, 0.0000, 0.0182, 0.1887, 0.7928"
clique trees,0.23358803987503052,"0.9985, 0.0007, 0.0002, 0.0002, 0.0003"
physical neural networks,0.41329365968704224,"0.9997, 0.0000, 0.0000, 0.0001, 0.0002"
truth value,0.44268929958343506,"0.2400, 0.2178, 0.0916, 0.1319, 0.3187"
adjacent vertices,0.07002440094947815,"0.6398, 0.2962, 0.0549, 0.0068, 0.0024"
imperative features,0.004648536443710327,"0.9907, 0.0065, 0.0008, 0.0007, 0.0013"
frequent pattern discovery,0.10979408025741577,"0.9994, 0.0000, 0.0003, 0.0001, 0.0002"
artificial neurons stochastic transfer functions,0.31540054082870483,"0.3338, 0.4438, 0.0376, 0.1811, 0.0038"
advanced encryption standard,0.2188989818096161,"0.0099, 0.0001, 0.0065, 0.7485, 0.2350"
web pages,0.2272530496120453,"0.0014, 0.9819, 0.0021, 0.0037, 0.0109"
null reference,0.04611337184906006,"0.9887, 0.0005, 0.0014, 0.0026, 0.0068"
double-ended priority queue,0.27637749910354614,"0.7378, 0.0035, 0.2452, 0.0085, 0.0049"
neighbouring vertices,0.05738556385040283,"0.9971, 0.0023, 0.0005, 0.0001, 0.0000"
reactive programming,0.4236689805984497,"0.0029, 0.0000, 0.3612, 0.3682, 0.2677"
dynamically allocated array,0.4551369845867157,"0.1080, 0.5004, 0.0536, 0.1723, 0.1657"
ip routing,0.4447806179523468,"0.0132, 0.1834, 0.5557, 0.1912, 0.0564"
compute arithmetic operations,0.12497583031654358,"0.0000, 0.4881, 0.1268, 0.3566, 0.0284"
flexible cluster extraction,0.4537493586540222,"0.1257, 0.0003, 0.0667, 0.3492, 0.4581"
address space,0.45352259278297424,"0.1875, 0.0262, 0.3904, 0.2075, 0.1884"
integrated computational materials engineering,0.26880717277526855,"0.0848, 0.0010, 0.0308, 0.0494, 0.8339"
decision model and notation,0.48299190402030945,"0.0000, 0.0000, 0.1003, 0.0063, 0.8935"
uninitialized pointer,0.28593915700912476,"0.0012, 0.0035, 0.4312, 0.3694, 0.1947"
traditional convolutional layers,0.005663037300109863,"1.0000, 0.0000, 0.0000, 0.0000, 0.0000"
processor time,0.4085971415042877,"0.0000, 0.7162, 0.1854, 0.0644, 0.0339"
bounds checking,0.31200966238975525,"0.0000, 0.8141, 0.1493, 0.0282, 0.0084"
linear objective function,0.39064401388168335,"0.0000, 0.0002, 0.0009, 0.6396, 0.3593"
proxy pattern,0.34195947647094727,"0.7951, 0.0012, 0.1101, 0.0605, 0.0330"
matrix operations,0.3215503394603729,"0.0000, 0.0031, 0.4172, 0.3756, 0.2041"
advanced message queuing protocol,0.06634587049484253,"0.1806, 0.2295, 0.5335, 0.0003, 0.0561"
ordered sets,0.18568101525306702,"0.2832, 0.1484, 0.3767, 0.1175, 0.0742"
lazy evaluation,0.2700614631175995,"0.0000, 0.0040, 0.6519, 0.2758, 0.0683"
vector spaces,0.33614975214004517,"0.0000, 0.0018, 0.1703, 0.4025, 0.4254"
clock cycle,0.2571316957473755,"0.2145, 0.7691, 0.0148, 0.0012, 0.0003"
bit slicing,0.36716318130493164,"0.0095, 0.0014, 0.2784, 0.4137, 0.2970"
bernstein basis polynomials,0.36159366369247437,"0.0418, 0.0086, 0.1641, 0.6565, 0.1289"
right stochastic matrix,0.024283409118652344,"1.0000, 0.0000, 0.0000, 0.0000, 0.0000"
