IfCS,Phrase,Correct,Probablity,Attention,Distance,NearestInCorpus
0,mathematics higher,,0.02355712652206421,"0.2500, 0.0010, 0.2491, 0.2499, 0.2500",0.8065897226333618,
0,algorithms run online,,0.22270771861076355,"0.2500, 0.2094, 0.0424, 0.2489, 0.2493",0.7391241788864136,
0,since two houses may,,0.000140458345413208,"0.0975, 0.1886, 0.2229, 0.2410, 0.2500",0.9935765000991523,
0,horribly inefficient,,0.03617110848426819,"0.0014, 0.2492, 0.2497, 0.2498, 0.2499",0.7966909408569336,
0,applied mechanics,,0.009946376085281372,"0.0338, 0.2322, 0.2368, 0.2477, 0.2496",0.7125836610794067,
0,high accuracy,,0.1129290759563446,"0.1330, 0.1902, 0.1912, 0.2388, 0.2468",0.670604407787323,
0,address complex real,,0.008707910776138306,"0.2500, 0.2267, 0.0234, 0.2499, 0.2500",0.7574344575405121,
0,enforce technical standards,,0.001538097858428955,"0.2412, 0.2408, 0.0259, 0.2427, 0.2493",0.6953080892562866,
0,machine ethics differs,,0.05809888243675232,"0.2464, 0.2457, 0.0082, 0.2498, 0.2499",0.6698372066020966,
0,document content,,0.051668375730514526,"0.0533, 0.2015, 0.2485, 0.2487, 0.2481",0.7782044857740402,
0,specified explicitly,,0.0032823681831359863,"0.0147, 0.2354, 0.2500, 0.2500, 0.2500",0.9163350909948349,
0,credit card number  preparation,,0.05258139967918396,"0.2484, 0.2455, 0.1911, 0.2069, 0.1080",0.8721473217010498,
0,systems design could,,0.003311753273010254,"0.2500, 0.2478, 0.0023, 0.2500, 0.2500",0.5573389232158661,
0,shing lee,,0.04823693633079529,"0.2489, 0.0023, 0.2491, 0.2498, 0.2499",0.9138563796877861,
0,typically evaluated,,0.009016364812850952,"0.0496, 0.2009, 0.2495, 0.2500, 0.2500",0.736511766910553,
0,cognitive dimensions of notations,,0.025260329246520996,"0.2500, 0.2500, 0.0109, 0.2464, 0.2427",0.7613024413585663,
0,problematic first,,0.001860886812210083,"0.1792, 0.0708, 0.2500, 0.2500, 0.2500",0.8375824838876724,
0,also verified,,0.00018402934074401855,"0.0004, 0.2496, 0.2500, 0.2500, 0.2500",0.7986225634813309,
0,electromagnetic acoustic transducer,,0.02660772204399109,"0.2412, 0.0199, 0.2463, 0.2442, 0.2484",0.8259705454111099,
0,one instruction,,0.007911354303359985,"0.0012, 0.2497, 0.2492, 0.2499, 0.2500",0.5956140458583832,
0,vladimir vapnik,,0.02255415916442871,"0.0001, 0.2499, 0.2500, 0.2500, 0.2500",0.8669237196445465,
0,common language infrastructure standards,,0.02867811918258667,"0.2454, 0.2500, 0.1883, 0.0740, 0.2424",0.6791614890098572,
0,rana el kaliouby,,0.004800170660018921,"0.1082, 0.1419, 0.2499, 0.2500, 0.2500",0.9153896495699883,
0,underlying model,,0.062298983335494995,"0.0008, 0.2499, 0.2497, 0.2498, 0.2498",0.7750068753957748,
0,radius 1 centered,,0.004368096590042114,"0.2500, 0.0431, 0.2072, 0.2498, 0.2500",0.9599621966481209,
0,landmark points,,0.009487390518188477,"0.2156, 0.0367, 0.2478, 0.2499, 0.2500",0.8784499987959862,
0,internet engineering task force,,0.03650766611099243,"0.2500, 0.2500, 0.2412, 0.0917, 0.1672",0.5488762557506561,
0,current growth,,0.028245866298675537,"0.2394, 0.0309, 0.2331, 0.2472, 0.2495",0.8511128425598145,
0,usually considered part,,2.9985209039296024e-05,"0.1359, 0.1171, 0.2470, 0.2500, 0.2500",0.9773530066013336,
0,may also refer specifically,,1.1491003533592448e-05,"0.2109, 0.0541, 0.2389, 0.2461, 0.2500",0.8803823739290237,
0,might also need memory debuggers,,0.0004464685916900635,"0.1762, 0.0745, 0.2493, 0.2500, 0.2500",0.6990646719932556,
0,constraint programming approach,,0.3478286862373352,"0.2500, 0.2500, 0.0193, 0.2370, 0.2437",0.7920600920915604,
0,remarkably good properties,,0.004437774419784546,"0.0853, 0.1940, 0.2214, 0.2494, 0.2500",0.7296227514743805,
0,two commuting density matrices,,0.16510239243507385,"0.0120, 0.2499, 0.2496, 0.2494, 0.2392",0.9095612540841103,
0,direct applications,,0.07434329390525818,"0.0369, 0.2399, 0.2411, 0.2413, 0.2407",0.6161085367202759,
0,llewellyn thomas,,0.06535598635673523,"0.2328, 0.0194, 0.2487, 0.2495, 0.2497",0.9117344692349434,
0,digital circuit design used,,0.0024333298206329346,"0.2500, 0.2500, 0.2500, 0.0000, 0.2500",0.5381416380405426,
0,audio precision apx555,,0.11424735188484192,"0.1318, 0.2445, 0.1247, 0.2494, 0.2496",0.8118607848882675,
0,file system,,0.2687540054321289,"0.2054, 0.2273, 0.1751, 0.1906, 0.2017",0.6649742126464844,
0,generated music plus visualization combinations,,0.0051278769969940186,"0.2334, 0.1390, 0.1293, 0.2500, 0.2483",0.7196669578552246,
0,handling tasks based,,0.01012033224105835,"0.2499, 0.2485, 0.0029, 0.2488, 0.2498",0.6397590041160583,
0,often discarded,,0.00025266408920288086,"0.0014, 0.2486, 0.2500, 0.2500, 0.2500",0.8439720422029495,
0,new rules,,0.02201765775680542,"0.0891, 0.2144, 0.2054, 0.2428, 0.2484",0.9101279601454735,
0,convincingly simulating emotions,,0.15890520811080933,"0.1448, 0.2473, 0.1334, 0.2356, 0.2390",0.8669246137142181,
0,set difference,,0.017980217933654785,"0.2476, 0.0027, 0.2498, 0.2500, 0.2500",0.9837666135281324,
0,computationally meaningful,,0.10651400685310364,"0.2500, 0.0009, 0.2495, 0.2498, 0.2498",0.6686980128288269,
0,currently used operating systems expands,,6.928967195563018e-06,"0.0141, 0.2359, 0.2500, 0.2500, 0.2500",0.6483062207698822,
0,even mechanical elements,,0.0024335384368896484,"0.2171, 0.2345, 0.0568, 0.2418, 0.2497",0.771013543009758,
0,performing gaussian elimination,,0.01470908522605896,"0.0017, 0.2499, 0.2489, 0.2497, 0.2498",0.9262033030390739,
0,dispatch mechanism,,0.21800017356872559,"0.2488, 0.2293, 0.1322, 0.1810, 0.2087",0.7652960121631622,
0,severe uncertainty,,0.039010047912597656,"0.0066, 0.2450, 0.2487, 0.2498, 0.2499",0.8453181087970734,
0,temporal coding supplies,,0.03163650631904602,"0.2500, 0.2500, 0.0004, 0.2497, 0.2499",0.7115164399147034,
0,bitstream containing information,,0.01921108365058899,"0.2500, 0.0062, 0.2439, 0.2499, 0.2500",0.7789968103170395,
0,text mining tools,,0.05025318264961243,"0.2500, 0.2500, 0.0307, 0.2248, 0.2446",0.7362327873706818,
0,1 symmetric functions,,0.0475822389125824,"0.2373, 0.2499, 0.2099, 0.0740, 0.2288",0.9559246897697449,
0,brought online thorough,,0.0023423731327056885,"0.0146, 0.2437, 0.2417, 0.2500, 0.2500",0.6522277295589447,
0,clipper architecture used,,0.004693210124969482,"0.2500, 0.2500, 0.0000, 0.2500, 0.2500",0.7194584608078003,
0,empty location,,0.11837181448936462,"0.2388, 0.0229, 0.2432, 0.2469, 0.2482",0.9540843777358532,
0,example strings,,0.02150985598564148,"0.0067, 0.2497, 0.2447, 0.2491, 0.2497",0.8326963037252426,
0,full implementation,,0.019788682460784912,"0.0226, 0.2289, 0.2490, 0.2497, 0.2498",0.7192274630069733,
0,rival streaming services expired,,0.0010162889957427979,"0.0019, 0.2483, 0.2498, 0.2500, 0.2500",0.9389947094023228,
0,creating efficient algorithms,,0.02161380648612976,"0.0135, 0.2497, 0.2498, 0.2399, 0.2471",0.7190025746822357,
0,competitive learning include vector quantization,,0.004519730806350708,"0.2500, 0.2500, 0.0000, 0.2500, 0.2500",0.7592101693153381,
0,decrease calculation time,,0.04334321618080139,"0.2498, 0.2464, 0.0948, 0.1682, 0.2407",0.8513238877058029,
0,executed remotely,,0.29732632637023926,"0.1116, 0.2318, 0.2335, 0.2212, 0.2020",0.7713306397199631,
0,involve large amounts,,0.0008046627044677734,"0.0873, 0.2441, 0.1686, 0.2500, 0.2500",0.866285964846611,
0,process communication,,0.2099946141242981,"0.2498, 0.2350, 0.1681, 0.1639, 0.1832",0.6218723654747009,
0,vector obtained,,0.028314322233200073,"0.2500, 0.0001, 0.2499, 0.2500, 0.2500",0.86063052713871,
0,large number,,0.07811623811721802,"0.2399, 0.0486, 0.2140, 0.2478, 0.2497",0.8908081576228142,
0,primality tests prove,,0.05164933204650879,"0.2500, 0.2286, 0.0228, 0.2490, 0.2497",0.8911357372999191,
0,section limitations,,0.012187778949737549,"0.0007, 0.2494, 0.2500, 0.2500, 0.2500",0.9900290984660387,
0,ordered pair,,0.03303498029708862,"0.2025, 0.0548, 0.2435, 0.2493, 0.2499",0.9320887178182602,
0,built using,,0.002979844808578491,"0.1658, 0.0844, 0.2499, 0.2500, 0.2500",0.6476147770881653,
0,mean firing rate,,0.0630660355091095,"0.0155, 0.2478, 0.2422, 0.2451, 0.2494",0.8253051191568375,
0,switches connected,,0.17396605014801025,"0.2496, 0.0714, 0.2082, 0.2293, 0.2416",0.8419940173625946,
0,systems may still,,0.00020185112953186035,"0.2475, 0.0130, 0.2395, 0.2500, 0.2500",0.6663678884506226,
0,unscrambler x product formulation,,0.00634765625,"0.2498, 0.2417, 0.0818, 0.1775, 0.2492",0.8318379372358322,
0,real world,,0.02009490132331848,"0.0221, 0.2288, 0.2493, 0.2498, 0.2500",0.7877209037542343,
0,remaining positions towards,,0.0005192756652832031,"0.0884, 0.2494, 0.1622, 0.2500, 0.2500",0.931382842361927,
0,research program,,0.12817764282226562,"0.0238, 0.2496, 0.2430, 0.2428, 0.2407",0.5209442973136902,
0,like round,,0.021108031272888184,"0.0335, 0.2350, 0.2332, 0.2485, 0.2498",0.8918874710798264,
0,discrete system defined,,0.03360429406166077,"0.2500, 0.2500, 0.0032, 0.2475, 0.2494",0.6875487864017487,
0,formal description,,0.09954360127449036,"0.2356, 0.1057, 0.1842, 0.2334, 0.2412",0.819906160235405,
0,one object,,0.005012631416320801,"0.0047, 0.2456, 0.2498, 0.2500, 0.2500",0.684153825044632,
0,programming idiom used,,0.004089832305908203,"0.2500, 0.2478, 0.0022, 0.2500, 0.2500",0.680755615234375,
0,hash function causes,,0.15078124403953552,"0.2500, 0.2494, 0.0009, 0.2498, 0.2499",0.9748487155884504,
0,uses association rules,,0.0025191009044647217,"0.0039, 0.2461, 0.2500, 0.2500, 0.2500",0.8910211399197578,
0,analogous example,,0.0037330687046051025,"0.2484, 0.0016, 0.2500, 0.2500, 0.2500",0.8284392058849335,
0,retrieved june 11,,0.005289524793624878,"0.0598, 0.2074, 0.2328, 0.2500, 0.2500",0.8977102264761925,
0,numerical linear algebra aims,,0.019445091485977173,"0.2500, 0.2500, 0.2500, 0.0000, 0.2500",0.8479474037885666,
0,demanded upon,,0.00106850266456604,"0.0630, 0.1870, 0.2500, 0.2500, 0.2500",0.991932163015008,
0,worst case,,0.012103736400604248,"0.0005, 0.2495, 0.2500, 0.2500, 0.2500",0.932905338704586,
0,efficient julia,,0.046284258365631104,"0.2458, 0.0122, 0.2445, 0.2482, 0.2493",0.8300308138132095,
0,process used,,0.0026341676712036133,"0.2500, 0.0000, 0.2500, 0.2500, 0.2500",0.6117630302906036,
0,gradient boosting combines weak,,0.049094200134277344,"0.2500, 0.2448, 0.0437, 0.2201, 0.2413",0.8581453263759613,
0,might compare equal,,0.035593658685684204,"0.2440, 0.1196, 0.1370, 0.2495, 0.2499",0.8695529252290726,
0,android epistemology,,0.07187175750732422,"0.0142, 0.2373, 0.2492, 0.2496, 0.2497",0.8315030038356781,
0,differ slightly,,0.0046073198318481445,"0.0136, 0.2364, 0.2500, 0.2500, 0.2500",0.8568894267082214,
0,error introduced,,0.007712006568908691,"0.2498, 0.0002, 0.2500, 0.2500, 0.2500",0.9171130433678627,
0,propositional logic may,,0.04400235414505005,"0.2500, 0.2500, 0.0002, 0.2499, 0.2499",0.8882293105125427,
0,current clarity data provided,,0.000820159912109375,"0.2496, 0.2470, 0.2311, 0.0222, 0.2500",0.7361896634101868,
0,reactiondiffusion system,,0.44597652554512024,"0.2433, 0.2390, 0.1857, 0.1717, 0.1602",0.8434015512466431,
0,solve ordinary differential equations,,0.20912078022956848,"0.2488, 0.0546, 0.2495, 0.2423, 0.2048",0.9708407763391733,
0,sebastian hack,,0.02875429391860962,"0.0038, 0.2499, 0.2486, 0.2489, 0.2487",0.8239513039588928,
0,transfer entropy reduces,,0.014108479022979736,"0.2486, 0.2498, 0.0044, 0.2480, 0.2492",0.8160182237625122,
0,buenos aires,,0.005845844745635986,"0.0386, 0.2117, 0.2497, 0.2500, 0.2500",0.9924072432331741,
0,also called decentralized artificial intelligence,,0.0008627772331237793,"0.0014, 0.2486, 0.2500, 0.2500, 0.2500",0.6560992002487183,
0,efficient evaluation,,0.0984465479850769,"0.2478, 0.0395, 0.2261, 0.2409, 0.2456",0.7092708349227905,
0,lexical integrity principle,,0.02653217315673828,"0.2039, 0.0868, 0.2260, 0.2371, 0.2461",0.849094346165657,
0,first access,,0.00609472393989563,"0.0000, 0.2500, 0.2500, 0.2500, 0.2500",0.7766752988100052,
0,runs faster,,0.13267576694488525,"0.2445, 0.2080, 0.1133, 0.2027, 0.2316",0.8097284585237503,
0,single neuron,,0.27746134996414185,"0.2126, 0.2359, 0.1154, 0.2068, 0.2292",0.7999867051839828,
0,sciencesand number theory,,0.32528066635131836,"0.2428, 0.2183, 0.1929, 0.1291, 0.2170",0.6203436851501465,
0,step size,,0.053736716508865356,"0.2497, 0.0065, 0.2445, 0.2494, 0.2499",0.8231033682823181,
0,unlike first,,0.0026701688766479492,"0.1655, 0.0845, 0.2500, 0.2500, 0.2500",0.8628842681646347,
0,designed frameworks,,0.00635191798210144,"0.0043, 0.2473, 0.2489, 0.2496, 0.2498",0.6208983957767487,
0,although efficient,,0.008435368537902832,"0.0003, 0.2499, 0.2498, 0.2500, 0.2500",0.7325733006000519,
0,typically focus,,0.0017596781253814697,"0.0106, 0.2394, 0.2500, 0.2500, 0.2500",0.8241639286279678,
0,simulated one,,0.002753525972366333,"0.2500, 0.0001, 0.2500, 0.2500, 0.2500",0.7192879915237427,
0,network built,,0.019566625356674194,"0.2500, 0.0007, 0.2495, 0.2499, 0.2499",0.6658627390861511,
0,comparison operations,,0.0406075119972229,"0.0024, 0.2488, 0.2491, 0.2497, 0.2499",0.7511904090642929,
0,superconducting computing research,,0.3501891493797302,"0.2500, 0.2500, 0.0051, 0.2471, 0.2479",0.6598595678806305,
0,give constant,,0.015672624111175537,"0.2049, 0.0607, 0.2354, 0.2490, 0.2499",0.8787556737661362,
0,rational series uses,,0.006714046001434326,"0.2500, 0.2498, 0.0003, 0.2500, 0.2500",0.7436881065368652,
0,ambient data,,0.3043345808982849,"0.1674, 0.1163, 0.2303, 0.2420, 0.2439",0.7232868373394012,
0,single device,,0.02021053433418274,"0.1883, 0.0654, 0.2469, 0.2495, 0.2499",0.7404015064239502,
0,lines representing,,0.0026608705520629883,"0.2500, 0.0001, 0.2499, 0.2500, 0.2500",0.9703887663781643,
0,digital empathy define digital empathy,,0.007448315620422363,"0.2500, 0.2488, 0.0117, 0.2485, 0.2410",0.8106047809123993,
0,automata theory differed,,0.057775795459747314,"0.2500, 0.2500, 0.0000, 0.2500, 0.2500",0.7767269164323807,
0,fixed error bound,,0.1624540090560913,"0.1722, 0.2492, 0.1407, 0.2039, 0.2341",0.967816311866045,
0,concrete objects,,0.022408723831176758,"0.2500, 0.0154, 0.2359, 0.2489, 0.2498",0.8002111166715622,
0,american statistician,,0.027476251125335693,"0.0004, 0.2498, 0.2499, 0.2500, 0.2500",0.8792174980044365,
0,combined using max pooling,,0.005785137414932251,"0.0674, 0.1830, 0.2497, 0.2499, 0.2500",0.8957919329404831,
0,assessing current,,0.014535605907440186,"0.0081, 0.2423, 0.2496, 0.2500, 0.2500",0.7969744801521301,
0,although sequences,,0.03341221809387207,"0.0001, 0.2500, 0.2499, 0.2500, 0.2500",0.9030150398612022,
0,infinitely many,,0.002948671579360962,"0.2500, 0.0000, 0.2500, 0.2500, 0.2500",0.8307267278432846,
0,sub field,,0.3404238820075989,"0.2302, 0.1537, 0.1744, 0.2173, 0.2245",0.9655980989336967,
0,underlying conception,,0.004034101963043213,"0.0009, 0.2491, 0.2500, 0.2500, 0.2500",0.9966333268675953,
0,claude shannon produced,,0.0012207329273223877,"0.1600, 0.2367, 0.1033, 0.2500, 0.2500",0.860108271241188,
0,clinical medicine,,0.0004996359348297119,"0.0052, 0.2448, 0.2500, 0.2500, 0.2500",0.8618894070386887,
0,phase distinction marks,,0.004365384578704834,"0.2500, 0.2472, 0.0034, 0.2494, 0.2500",0.9319088608026505,
0,practical limits,,0.022091418504714966,"0.0193, 0.2363, 0.2453, 0.2493, 0.2498",0.7853192389011383,
0,communication protocol,,0.38607630133628845,"0.2434, 0.2492, 0.2088, 0.1681, 0.1306",0.7266082763671875,
0,targets simulators,,0.04342272877693176,"0.0095, 0.2498, 0.2456, 0.2469, 0.2482",0.7065623700618744,
0,givens rotation matrix,,0.06066024303436279,"0.0015, 0.2500, 0.2500, 0.2491, 0.2495",0.9610367491841316,
0,metric structures,,0.31532996892929077,"0.2495, 0.2222, 0.0841, 0.2094, 0.2348",0.8532090783119202,
0,epistemic possibility,,0.01573348045349121,"0.0458, 0.2044, 0.2499, 0.2499, 0.2499",0.8294549584388733,
0,improved power efficiency,,0.0159568190574646,"0.1959, 0.1883, 0.1761, 0.1958, 0.2439",0.7838383466005325,
0,saving manner,,0.00868639349937439,"0.2479, 0.0027, 0.2495, 0.2499, 0.2500",0.8303039073944092,
0,set number,,0.19009310007095337,"0.2257, 0.0924, 0.1942, 0.2409, 0.2468",0.9661281891167164,
0,also come,,0.0001303255558013916,"0.0140, 0.2360, 0.2500, 0.2500, 0.2500",0.8528063297271729,
0,based sound recording,,0.004357427358627319,"0.0669, 0.1831, 0.2500, 0.2500, 0.2500",0.6899685263633728,
0,support infrastructure,,0.023290663957595825,"0.0217, 0.2337, 0.2473, 0.2485, 0.2488",0.6638300120830536,
0,physical rather,,0.0006679296493530273,"0.2491, 0.0009, 0.2500, 0.2500, 0.2500",0.7902976870536804,
0,binary splitting lends well,,0.02634209394454956,"0.2500, 0.2499, 0.2435, 0.0066, 0.2499",0.8213741779327393,
0,traditional approaches,,0.005698263645172119,"0.2094, 0.0410, 0.2496, 0.2500, 0.2500",0.8228969871997833,
0,solve stochastic problems,,0.4634288549423218,"0.2276, 0.2413, 0.0994, 0.2098, 0.2219",0.8306402266025543,
0,theory formed,,0.015543907880783081,"0.2500, 0.0012, 0.2491, 0.2498, 0.2499",0.7935049086809158,
0,every word,,0.01071399450302124,"0.1523, 0.1013, 0.2466, 0.2498, 0.2500",0.8464434891939163,
0,richard snodgrass proposed,,0.0027679800987243652,"0.0423, 0.2494, 0.2084, 0.2500, 0.2500",0.880979485809803,
0,mediated communications,,0.06519553065299988,"0.0371, 0.2417, 0.2308, 0.2427, 0.2478",0.7459673881530762,
0,code stylometry attributes authorship,,0.005916714668273926,"0.2500, 0.2500, 0.0172, 0.2328, 0.2500",0.7913854867219925,
0,methods including,,0.0006426572799682617,"0.2496, 0.0004, 0.2500, 0.2500, 0.2500",0.8068332374095917,
0,generic programming approach,,0.2062835991382599,"0.2500, 0.2500, 0.0211, 0.2355, 0.2435",0.7467054426670074,
0,eventually designed,,0.0007890760898590088,"0.0581, 0.1920, 0.2499, 0.2500, 0.2500",0.7562836855649948,
0,compare performance,,0.0379081666469574,"0.0006, 0.2496, 0.2499, 0.2499, 0.2500",0.7338695526123047,
0,standard hardware uses linear probing,,0.05815550684928894,"0.2491, 0.2458, 0.0544, 0.2500, 0.2007",0.6052756905555725,
0,hot spots,,0.08992785215377808,"0.2227, 0.0386, 0.2403, 0.2487, 0.2497",0.9909880543127656,
0,contextual environments,,0.03558337688446045,"0.0374, 0.2150, 0.2488, 0.2494, 0.2494",0.86568583548069,
0,simple value type,,0.022154808044433594,"0.2486, 0.2047, 0.0568, 0.2405, 0.2494",0.7769699543714523,
0,current location estimates,,0.005549132823944092,"0.2488, 0.2325, 0.0187, 0.2500, 0.2500",0.9220244735479355,
0,zone scripting etc,,0.002161771059036255,"0.2500, 0.2497, 0.0003, 0.2500, 0.2500",0.915503740310669,
0,acs combinatorial science publishes articles,,0.0009265542030334473,"0.2452, 0.2500, 0.0858, 0.1947, 0.2243",0.5771238505840302,
0,unknown length,,0.02338230609893799,"0.0004, 0.2497, 0.2499, 0.2500, 0.2500",0.9284879192709923,
0,physically touching,,0.008430123329162598,"0.0363, 0.2144, 0.2494, 0.2499, 0.2500",0.9225097671151161,
0,resource management applied,,0.005941331386566162,"0.0958, 0.2476, 0.1571, 0.2495, 0.2499",0.7349748313426971,
0,facial affect detection,,0.10702246427536011,"0.1864, 0.0863, 0.2397, 0.2398, 0.2478",0.9552671015262604,
0,chart used,,0.0023682117462158203,"0.2499, 0.0001, 0.2500, 0.2500, 0.2500",0.8684649169445038,
0,cannot change,,0.005654573440551758,"0.1751, 0.0750, 0.2499, 0.2500, 0.2500",0.9541964940726757,
0,evolved past,,0.005642920732498169,"0.1810, 0.0690, 0.2500, 0.2500, 0.2500",0.85984106361866,
0,fairchild semiconductor,,0.2668848931789398,"0.2374, 0.1483, 0.1520, 0.2234, 0.2389",0.7440459728240967,
0,radix sorting algorithms came,,0.02063453197479248,"0.2500, 0.2500, 0.2500, 0.0000, 0.2500",0.8185638040304184,
0,driving cars,,0.0331515371799469,"0.2066, 0.0522, 0.2426, 0.2489, 0.2497",0.8943784013390541,
0,user experience design draws,,0.008253604173660278,"0.2500, 0.2500, 0.2500, 0.0012, 0.2489",0.708727091550827,
0,subsequently developed,,0.0001481175422668457,"0.0032, 0.2468, 0.2500, 0.2500, 0.2500",0.7134467959403992,
0,fixed structures,,0.09027883410453796,"0.2485, 0.2214, 0.0691, 0.2179, 0.2431",0.8398111015558243,
0,fredholm determinants,,0.05723819136619568,"0.0302, 0.2208, 0.2494, 0.2498, 0.2498",0.8064722567796707,
0,every usage,,0.0022965669631958008,"0.1731, 0.0770, 0.2499, 0.2500, 0.2500",0.8772638365626335,
0,achieve goals,,0.000675499439239502,"0.0135, 0.2366, 0.2499, 0.2500, 0.2500",0.9130928590893745,
0,active networking allows,,0.002185523509979248,"0.2495, 0.2498, 0.0008, 0.2499, 0.2500",0.781732439994812,
0,elegance issue,,0.0037135183811187744,"0.0359, 0.2142, 0.2498, 0.2500, 0.2500",0.9624268896877766,
0,denormal numbers,,0.3179399371147156,"0.2500, 0.1560, 0.1342, 0.2226, 0.2373",0.9686166383326054,
0,involved merging,,0.0007537901401519775,"0.0000, 0.2500, 0.2500, 0.2500, 0.2500",0.7824299782514572,
0,typically involving,,0.00017195940017700195,"0.0313, 0.2187, 0.2500, 0.2500, 0.2500",0.8109847605228424,
0,words cross,,0.07351788878440857,"0.2331, 0.0669, 0.2102, 0.2424, 0.2473",0.8921606466174126,
0,build ai systems,,0.006829679012298584,"0.0088, 0.2449, 0.2494, 0.2478, 0.2491",0.6121244728565216,
0,target function,,0.3509829044342041,"0.2487, 0.2388, 0.0884, 0.1979, 0.2262",0.9087168350815773,
0,user needs,,0.0015011727809906006,"0.2312, 0.0188, 0.2500, 0.2500, 0.2500",0.7740151584148407,
0,local searching,,0.08000048995018005,"0.2468, 0.0240, 0.2330, 0.2470, 0.2492",0.8626236766576767,
0,canonical tasks,,0.04857134819030762,"0.0889, 0.1721, 0.2435, 0.2475, 0.2479",0.7143360078334808,
0,predicted according,,0.024141639471054077,"0.2007, 0.0493, 0.2500, 0.2500, 0.2500",0.8708059340715408,
0,speech recognition systems require,,0.02658715844154358,"0.2490, 0.2476, 0.2476, 0.0058, 0.2499",0.8203752040863037,
0,level device control,,0.006271392107009888,"0.2305, 0.0309, 0.2401, 0.2487, 0.2498",0.7540250271558762,
0,party communication complexity,,0.3706992268562317,"0.2491, 0.2496, 0.2398, 0.0900, 0.1714",0.8224986642599106,
0,single instruction,,0.17606016993522644,"0.2168, 0.2280, 0.1074, 0.2136, 0.2343",0.6690944135189056,
0,concerned scientists states,,0.0014061033725738525,"0.0030, 0.2471, 0.2499, 0.2500, 0.2500",0.6493613123893738,
0,inextricably intertwined,,0.019269734621047974,"0.1095, 0.1420, 0.2487, 0.2498, 0.2499",0.8719198852777481,
0,areas reflected,,0.017968177795410156,"0.1965, 0.0538, 0.2497, 0.2500, 0.2500",0.9354327991604805,
0,abstract document pattern allows,,0.01736915111541748,"0.2500, 0.2500, 0.2499, 0.0002, 0.2499",0.8925090879201889,
0,digital humanities umbrella organization formed,,0.00216713547706604,"0.2495, 0.1285, 0.2483, 0.2317, 0.1419",0.7269496321678162,
0,michael dertouzos,,0.0022723376750946045,"0.0000, 0.2500, 0.2500, 0.2500, 0.2500",0.8924600780010223,
0,numerical analysis continues,,0.022736549377441406,"0.2500, 0.2390, 0.0111, 0.2499, 0.2500",0.8062398135662079,
0,standard published,,0.002510964870452881,"0.2119, 0.0381, 0.2500, 0.2500, 0.2500",0.6929502487182617,
0,second round,,0.03492307662963867,"0.0741, 0.2167, 0.2132, 0.2466, 0.2494",0.9482997059822083,
0,real square matrix,,0.22823679447174072,"0.2412, 0.0775, 0.2474, 0.1918, 0.2421",0.9277045652270317,
0,valid object,,0.05075198411941528,"0.0573, 0.2168, 0.2359, 0.2445, 0.2455",0.8496101647615433,
0,online textbook,,0.056833088397979736,"0.0165, 0.2345, 0.2495, 0.2498, 0.2498",0.6992315948009491,
0,protein binding,,0.4388725161552429,"0.1135, 0.2354, 0.2182, 0.2190, 0.2140",0.9419788159430027,
0,using artificial neural networks requires,,0.11227065324783325,"0.2491, 0.2500, 0.2500, 0.2498, 0.0010",0.6845723986625671,
0,terminology diffeomorphometry,,0.030958235263824463,"0.0008, 0.2497, 0.2498, 0.2499, 0.2498",0.887583464384079,
0,gaming businesses,,0.06873488426208496,"0.2412, 0.0237, 0.2409, 0.2461, 0.2481",0.6483016014099121,
0,analyze data requirements needed,,0.00014701485633850098,"0.1692, 0.1369, 0.2030, 0.2409, 0.2500",0.7069199681282043,
0,symbolic sound corporation,,0.0010798871517181396,"0.0539, 0.1961, 0.2500, 0.2500, 0.2500",0.7226305305957794,
0,downloadable equivalent,,0.020355165004730225,"0.2355, 0.0147, 0.2498, 0.2500, 0.2500",0.6385548412799835,
0,existing notations,,0.07447245717048645,"0.1001, 0.2335, 0.1728, 0.2448, 0.2488",0.8938028439879417,
0,path expression p,,0.08974966406822205,"0.2500, 0.2497, 0.0023, 0.2485, 0.2495",0.9207025393843651,
0,associated view,,0.005450844764709473,"0.0000, 0.2500, 0.2500, 0.2500, 0.2500",0.8286704272031784,
0,generally limited,,0.0010940134525299072,"0.0005, 0.2495, 0.2500, 0.2500, 0.2500",0.8576151877641678,
0,maximum weight matching,,0.030134737491607666,"0.2499, 0.1569, 0.0968, 0.2468, 0.2497",0.9802827965468168,
0,directly related,,0.0033610761165618896,"0.1705, 0.0795, 0.2500, 0.2500, 0.2500",0.7918168306350708,
0,main foci,,0.06943458318710327,"0.0229, 0.2283, 0.2493, 0.2498, 0.2498",0.7493893504142761,
0,register allocation raises several problems,,0.0003211498260498047,"0.2497, 0.2491, 0.2245, 0.0268, 0.2500",0.9193670526146889,
0,called bucket sort,,0.15242993831634521,"0.1021, 0.2417, 0.2006, 0.2118, 0.2438",0.9133167713880539,
0,cryptographic mechanism often used,,0.000864863395690918,"0.2500, 0.2500, 0.0553, 0.1947, 0.2500",0.6972535848617554,
0,bar recursion,,0.38868820667266846,"0.2492, 0.2491, 0.1769, 0.1642, 0.1606",0.8898080065846443,
0,andrew yao,,0.004400759935379028,"0.0065, 0.2435, 0.2500, 0.2500, 0.2500",0.8982518687844276,
0,approximate inference methods make,,0.10109642148017883,"0.2499, 0.2500, 0.2499, 0.0009, 0.2494",0.8282744437456131,
0,including underwater,,0.00029215216636657715,"0.0000, 0.2500, 0.2500, 0.2500, 0.2500",0.8148059397935867,
0,people use,,0.002226322889328003,"0.2448, 0.0053, 0.2499, 0.2500, 0.2500",0.7964732199907303,
0,normal operation,,0.26280513405799866,"0.1469, 0.2009, 0.1887, 0.2265, 0.2370",0.909107930958271,
0,special educational needs,,5.173035606276244e-05,"0.0694, 0.2269, 0.2037, 0.2500, 0.2500",0.8487300872802734,
0,therefore produces,,0.000977933406829834,"0.1903, 0.0598, 0.2500, 0.2500, 0.2500",0.7505500316619873,
0,currently considered,,0.00015503168106079102,"0.0501, 0.1999, 0.2500, 0.2500, 0.2500",0.806340292096138,
0,also implement boolean logic,,0.0012175440788269043,"0.0006, 0.2494, 0.2500, 0.2500, 0.2500",0.8455737382173538,
0,art work,,0.001948535442352295,"0.1498, 0.1006, 0.2497, 0.2500, 0.2500",0.8056258410215378,
0,longer needed,,0.000288546085357666,"0.2460, 0.0040, 0.2500, 0.2500, 0.2500",0.9008346796035767,
0,workspace without,,0.01265069842338562,"0.2329, 0.0174, 0.2498, 0.2500, 0.2500",0.7840480208396912,
0,andreas zwinkau,,0.021799534559249878,"0.0400, 0.2106, 0.2495, 0.2499, 0.2500",0.8970974609255791,
0,bitwise operation operates,,0.0988437831401825,"0.2499, 0.2324, 0.0205, 0.2482, 0.2490",0.8256458789110184,
0,called dynamic bayesian networks,,0.07349935173988342,"0.0005, 0.2500, 0.2500, 0.2500, 0.2495",0.8098835200071335,
0,expected theoretical behavior,,0.029043763875961304,"0.0119, 0.2443, 0.2457, 0.2488, 0.2493",0.8046600222587585,
0,palo alto ventures,,0.004736095666885376,"0.1254, 0.1320, 0.2425, 0.2500, 0.2500",0.8049940168857574,
0,excluded volume,,0.013955384492874146,"0.0016, 0.2484, 0.2500, 0.2500, 0.2500",0.845944881439209,
0,eventually give,,0.0004068911075592041,"0.0145, 0.2355, 0.2500, 0.2500, 0.2500",0.9120644330978394,
0,key part,,0.0048666298389434814,"0.2500, 0.0001, 0.2499, 0.2500, 0.2500",0.8878597319126129,
0,becoming increasingly important,,8.571273610868957e-06,"0.0470, 0.2174, 0.2355, 0.2500, 0.2500",0.8208420425653458,
0,called nonlinearities,,0.028764158487319946,"0.0003, 0.2500, 0.2499, 0.2499, 0.2500",0.9039441421627998,
0,ideal true random number generator,,0.053920865058898926,"0.0301, 0.2201, 0.2500, 0.2499, 0.2500",0.7793632000684738,
0,available alternatives,,0.0006103813648223877,"0.0038, 0.2463, 0.2500, 0.2500, 0.2500",0.6995296776294708,
0,raise speed,,0.08231356739997864,"0.2058, 0.2481, 0.1140, 0.1997, 0.2324",0.8566114753484726,
0,metaheuristic algorithm commonly applied,,0.003575444221496582,"0.2500, 0.2500, 0.0086, 0.2414, 0.2500",0.8041944056749344,
0,custom methodologies specifically designed,,0.00031057000160217285,"0.2500, 0.2500, 0.0105, 0.2395, 0.2500",0.7740506529808044,
0,run inside,,0.03585675358772278,"0.0969, 0.1732, 0.2380, 0.2451, 0.2468",0.822858527302742,
0,separates two,,0.0065208375453948975,"0.2499, 0.0005, 0.2497, 0.2500, 0.2500",0.8567796349525452,
0,path expressions,,0.3938560485839844,"0.2499, 0.2182, 0.1210, 0.1949, 0.2160",0.9668470472097397,
0,programmer supplied type annotations,,0.32551079988479614,"0.2500, 0.0825, 0.1910, 0.2362, 0.2403",0.6787003576755524,
0,receiving messages,,0.01673927903175354,"0.0001, 0.2499, 0.2500, 0.2500, 0.2500",0.9269901216030121,
0,quality prngs,,0.08508813381195068,"0.0305, 0.2452, 0.2365, 0.2426, 0.2451",0.7430652976036072,
0,less writing,,0.0007031857967376709,"0.2366, 0.0134, 0.2500, 0.2500, 0.2500",0.8215824514627457,
0,popular methods,,0.016444653272628784,"0.0043, 0.2475, 0.2485, 0.2498, 0.2499",0.7006388008594513,
0,sendai subway,,0.15652740001678467,"0.1589, 0.2407, 0.1679, 0.2050, 0.2275",0.921133428812027,
0,examples discussed,,0.0011172294616699219,"0.0246, 0.2254, 0.2500, 0.2500, 0.2500",0.7777608186006546,
0,originally known,,0.001516580581665039,"0.1276, 0.1224, 0.2500, 0.2500, 0.2500",0.893339067697525,
0,clear genotypephenotype distinction,,0.0764838457107544,"0.2489, 0.2437, 0.0197, 0.2412, 0.2465",0.9465456269681454,
0,first visit leaf nodes,,0.02588525414466858,"0.0045, 0.2476, 0.2500, 0.2499, 0.2480",0.9958807155489922,
0,adjusting heap,,0.3441031873226166,"0.1216, 0.1828, 0.2175, 0.2375, 0.2406",0.9406144134700298,
0,data shorter,,0.21829381585121155,"0.2487, 0.0718, 0.2078, 0.2327, 0.2390",0.7895717918872833,
0,using affective computing technology,,0.02446123957633972,"0.0217, 0.2314, 0.2500, 0.2476, 0.2493",0.4710962176322937,
0,generates values,,0.03953319787979126,"0.2494, 0.0020, 0.2488, 0.2499, 0.2500",0.8196750432252884,
0,alternative terms,,0.008468002080917358,"0.0589, 0.1919, 0.2492, 0.2500, 0.2500",0.805237203836441,
0,understand better people,,0.0008570253849029541,"0.2470, 0.0117, 0.2413, 0.2500, 0.2500",0.9247113317251205,
0,literal implementation,,0.054970383644104004,"0.1510, 0.1142, 0.2421, 0.2461, 0.2465",0.9200031608343124,
0,relay logic  fluidic logic,,0.2455814778804779,"0.2442, 0.2441, 0.1730, 0.1278, 0.2110",0.7152571678161621,
0,living organisms perform computations,,0.04102206230163574,"0.0282, 0.2351, 0.2398, 0.2499, 0.2469",0.6258026361465454,
0,minimal geometrical,,0.25658541917800903,"0.2056, 0.1938, 0.1338, 0.2269, 0.2400",0.9063046425580978,
0,directly applied,,0.003277599811553955,"0.0755, 0.1746, 0.2499, 0.2500, 0.2500",0.7957379072904587,
0,manually performing euclidean division,,0.07202661037445068,"0.1871, 0.1516, 0.2495, 0.2160, 0.1957",0.9016263335943222,
0,combines reinforcement learning,,0.2763022184371948,"0.1701, 0.2500, 0.2284, 0.1481, 0.2034",0.8030947744846344,
0,specifications supporting,,0.0016761422157287598,"0.2112, 0.0388, 0.2500, 0.2500, 0.2500",0.6932443380355835,
0,optimally separating hyperplane,,0.4061114490032196,"0.2486, 0.1516, 0.2446, 0.1736, 0.1816",0.8492550551891327,
0,given boolean formula,,0.12267014384269714,"0.0683, 0.2500, 0.1984, 0.2374, 0.2459",0.9425000101327896,
0,security vulnerability,,0.135219544172287,"0.2462, 0.1663, 0.1649, 0.1976, 0.2251",0.7988572865724564,
0,partial maximum satisfiability problem,,0.009585320949554443,"0.0034, 0.2472, 0.2494, 0.2500, 0.2500",0.8855307996273041,
0,sigmoid function include,,0.003961831331253052,"0.2500, 0.2500, 0.0000, 0.2500, 0.2500",0.9519888088107109,
0,golden ratio base,,0.05107811093330383,"0.2492, 0.1464, 0.1354, 0.2210, 0.2479",0.8603684455156326,
0,given data,,0.05325761437416077,"0.0061, 0.2448, 0.2495, 0.2498, 0.2498",0.7184836864471436,
0,georg cantor,,0.0041078925132751465,"0.0097, 0.2403, 0.2500, 0.2500, 0.2500",0.9585253447294235,
0,system must exhibit,,0.0016815662384033203,"0.2499, 0.0420, 0.2082, 0.2499, 0.2500",0.5792037844657898,
0,everyday use,,0.0011616349220275879,"0.2143, 0.0358, 0.2499, 0.2500, 0.2500",0.8310315310955048,
0,therefore generally considered,,4.004272341262549e-05,"0.1842, 0.1048, 0.2110, 0.2500, 0.2500",0.8513705730438232,
0,narrowband analog,,0.08102414011955261,"0.2500, 0.0127, 0.2423, 0.2469, 0.2481",0.8359086215496063,
0,allow intermingling markup,,0.01471167802810669,"0.0351, 0.2212, 0.2453, 0.2490, 0.2495",0.8057200312614441,
0,kolmogorov complexity terms approximated,,0.31506040692329407,"0.2500, 0.2500, 0.2057, 0.0537, 0.2407",0.8185957223176956,
0,choke openings,,0.4439108371734619,"0.2495, 0.1577, 0.1786, 0.2047, 0.2094",0.9326448142528534,
0,hava siegelmann,,0.015558987855911255,"0.0409, 0.2092, 0.2499, 0.2500, 0.2500",0.937523826956749,
0,finely quantized versions,,0.03345125913619995,"0.2020, 0.2303, 0.0683, 0.2496, 0.2498",0.8552106469869614,
0,mediated reality,,0.011872589588165283,"0.0043, 0.2458, 0.2499, 0.2500, 0.2500",0.7580014914274216,
0,address windowing extensions coding example,,0.011457234621047974,"0.2500, 0.2500, 0.2500, 0.2500, 0.0000",0.8906833305954933,
0,related disciplines,,0.003390192985534668,"0.0118, 0.2382, 0.2500, 0.2500, 0.2500",0.5537216663360596,
0,security protocol used,,0.002916991710662842,"0.2500, 0.2500, 0.0000, 0.2500, 0.2500",0.6970590353012085,
0,launched google image search,,0.11458340287208557,"0.1524, 0.2491, 0.2493, 0.1731, 0.1760",0.9742597956210375,
0,traditional electroencephalogram,,0.014807015657424927,"0.0004, 0.2496, 0.2500, 0.2500, 0.2500",0.7381907403469086,
0,single location,,0.034483373165130615,"0.1800, 0.0724, 0.2480, 0.2497, 0.2499",0.904071994125843,
0,three different categories,,0.0024376511573791504,"0.1893, 0.0610, 0.2497, 0.2500, 0.2500",0.8377465307712555,
0,different topological orders,,0.024506449699401855,"0.0125, 0.2500, 0.2393, 0.2484, 0.2497",0.9397916048765182,
0,level system design,,0.030696868896484375,"0.2467, 0.2492, 0.1792, 0.1045, 0.2205",0.5982612371444702,
0,user input,,0.2560690641403198,"0.2439, 0.0401, 0.2316, 0.2413, 0.2431",0.8362874090671539,
0,sometimes across multiple sensory modalities,,0.0006237924098968506,"0.0326, 0.2478, 0.2196, 0.2500, 0.2500",0.901734322309494,
0,supported directly,,0.00327262282371521,"0.0599, 0.1902, 0.2499, 0.2500, 0.2500",0.7600181847810745,
0,ip  interpreted,,0.03861322999000549,"0.2496, 0.2495, 0.0025, 0.2488, 0.2496",0.9120155647397041,
0,covering contextual knowledge,,0.045644283294677734,"0.2500, 0.2475, 0.0108, 0.2433, 0.2484",0.7879505455493927,
0,maximizing comfort,,0.05203858017921448,"0.2177, 0.0527, 0.2365, 0.2451, 0.2480",0.957639466971159,
0,ip address 8,,0.05628567934036255,"0.2318, 0.2399, 0.0302, 0.2484, 0.2496",0.9029484018683434,
0,lightweight formal methods,,0.05277597904205322,"0.2500, 0.2402, 0.1114, 0.1608, 0.2376",0.7489587664604187,
0,usually refers,,0.0018282830715179443,"0.2209, 0.0292, 0.2500, 0.2500, 0.2500",0.8968941196799278,
0,current allocation,,0.24479219317436218,"0.1431, 0.1689, 0.2084, 0.2367, 0.2429",0.8906133621931076,
0,left subtree,,0.05321875214576721,"0.0011, 0.2500, 0.2494, 0.2497, 0.2498",0.9274764358997345,
0,idealized switches,,0.10594987869262695,"0.1814, 0.2300, 0.1419, 0.2100, 0.2367",0.7593253254890442,
0,numerical variational technique devised,,0.012698978185653687,"0.2500, 0.2500, 0.2500, 0.0003, 0.2498",0.8173044770956039,
0,messaging open service interface definition,,0.005016833543777466,"0.2493, 0.2003, 0.2496, 0.2500, 0.0508",0.8143235445022583,
0,client side object participating,,0.0006673634052276611,"0.2500, 0.2307, 0.2273, 0.0420, 0.2500",0.9051418080925941,
0,encryption scheme utilized,,0.0025585591793060303,"0.2500, 0.2500, 0.0000, 0.2500, 0.2500",0.8309581875801086,
0,function 3 calls function 1,,0.025448977947235107,"0.2500, 0.2500, 0.2500, 0.2500, 0.0000",0.937491238117218,
0,david wheeler,,0.04070410132408142,"0.0049, 0.2471, 0.2491, 0.2495, 0.2495",0.9481318555772305,
0,german research funder,,0.0027996301651000977,"0.2037, 0.0632, 0.2331, 0.2500, 0.2500",0.7375584542751312,
0,one explanatory variable,,0.00343891978263855,"0.0002, 0.2500, 0.2499, 0.2500, 0.2500",0.8238105624914169,
0,higher semantic similarity,,0.12208783626556396,"0.2459, 0.2494, 0.0061, 0.2489, 0.2497",0.7849454581737518,
0,problem solving,,0.3909321427345276,"0.2498, 0.1992, 0.1155, 0.2070, 0.2285",0.7601227462291718,
0,serial fashion,,0.0101834237575531,"0.2493, 0.0060, 0.2455, 0.2494, 0.2499",0.9241999387741089,
0,phase diagram,,0.31744295358657837,"0.2499, 0.2434, 0.1217, 0.1786, 0.2064",0.839220866560936,
0,return one gets,,0.00016009807586669922,"0.2479, 0.0197, 0.2325, 0.2500, 0.2500",0.9085992202162743,
0,newer alternative,,0.0018544793128967285,"0.1226, 0.1274, 0.2500, 0.2500, 0.2500",0.7051221430301666,
0,symmetric linear programming problems,,0.49557939171791077,"0.2500, 0.2500, 0.2498, 0.0730, 0.1772",0.874415785074234,
0,vector addition,,0.025447070598602295,"0.2500, 0.0002, 0.2498, 0.2500, 0.2500",0.9296726360917091,
0,representing solutions,,0.001646280288696289,"0.0057, 0.2444, 0.2499, 0.2500, 0.2500",0.8510516285896301,
0,calculus meta,,0.07446262240409851,"0.2499, 0.0016, 0.2491, 0.2496, 0.2497",0.8900450095534325,
0,low bytes,,0.2568788528442383,"0.2313, 0.2182, 0.1027, 0.2131, 0.2347",0.793709859251976,
0,many properties,,0.007409811019897461,"0.0240, 0.2265, 0.2496, 0.2500, 0.2500",0.7303619682788849,
0,compiler fails,,0.12084341049194336,"0.2498, 0.0120, 0.2460, 0.2465, 0.2457",0.851094201207161,
0,earlier character encodings,,0.12116464972496033,"0.0307, 0.2356, 0.2484, 0.2407, 0.2445",0.8599222749471664,
0,main advantage gained,,0.002679675817489624,"0.1431, 0.1953, 0.1617, 0.2499, 0.2500",0.8609810620546341,
0,mathematical finance,,0.10312807559967041,"0.2495, 0.0055, 0.2469, 0.2489, 0.2492",0.7048146724700928,
0,right side,,0.0030525624752044678,"0.0237, 0.2264, 0.2499, 0.2500, 0.2500",0.9620661735534668,
0,unreliable communication channels,,0.185874342918396,"0.2480, 0.2491, 0.2298, 0.1312, 0.1419",0.8978477641940117,
0,proxyimage avoids multiple loading,,0.001872032880783081,"0.2494, 0.2472, 0.0034, 0.2499, 0.2500",0.9985769412014633,
0,perform lookups,,0.008993804454803467,"0.1597, 0.0910, 0.2494, 0.2499, 0.2500",0.8708266615867615,
0,malicious contributions,,0.008602231740951538,"0.2494, 0.0006, 0.2500, 0.2500, 0.2500",0.8358147144317627,
0,represented exactly,,0.0020225048065185547,"0.0213, 0.2287, 0.2500, 0.2500, 0.2500",0.9442255161702633,
0,decision problems,,0.1326020061969757,"0.0798, 0.2112, 0.2351, 0.2378, 0.2360",0.8424675762653351,
0,called mean shift,,0.010230183601379395,"0.2398, 0.0107, 0.2496, 0.2499, 0.2500",0.8926104158163071,
0,boson sampling task consists,,0.01754775643348694,"0.2500, 0.2500, 0.2499, 0.0001, 0.2500",0.7859836518764496,
0,numerical methods for linear least squares,,0.006816864013671875,"0.2500, 0.2499, 0.0023, 0.2500, 0.2478",0.9217422604560852,
0,computational complexity theory tries,,0.19318729639053345,"0.2500, 0.2500, 0.2496, 0.0016, 0.2488",0.643928050994873,
0,protection mechanisms,,0.02858784794807434,"0.2313, 0.0563, 0.2225, 0.2421, 0.2478",0.8294358551502228,
0,additive guarantee,,0.03770560026168823,"0.0999, 0.1506, 0.2497, 0.2499, 0.2499",0.9162362515926361,
0,section illustrates abstract interpretation,,0.008151799440383911,"0.2499, 0.0004, 0.2500, 0.2498, 0.2500",0.9378920085728168,
0,compose network services,,0.25850629806518555,"0.1634, 0.2111, 0.1644, 0.2356, 0.2254",0.7184746265411377,
0,engineering approach,,0.044883787631988525,"0.2499, 0.0103, 0.2414, 0.2487, 0.2497",0.5451953113079071,
0,limited information,,0.05525726079940796,"0.1760, 0.0847, 0.2432, 0.2477, 0.2483",0.7058988511562347,
0,internal state changes,,0.0004954040050506592,"0.0007, 0.2494, 0.2499, 0.2500, 0.2500",0.8595697283744812,
0,node given,,0.020384013652801514,"0.2500, 0.0001, 0.2499, 0.2500, 0.2500",0.984958334825933,
0,processes might,,0.06466317176818848,"0.2499, 0.0006, 0.2497, 0.2498, 0.2499",0.5682158768177032,
0,wide sense,,0.01004636287689209,"0.2500, 0.0031, 0.2472, 0.2498, 0.2500",0.8409326672554016,
0,applications demanded,,0.012669265270233154,"0.2426, 0.0077, 0.2498, 0.2499, 0.2500",0.770170271396637,
