IfCS,Phrase,Correct,Probablity,Attention,Distance
0,abstract family of languages,,0.0,"0.2477, 0.2429, 0.2304, 0.1556, 0.1234",0.8202050924301147
0,algorithmically manipulating bits,,0.21707451343536377,"0.2266, 0.2247, 0.1559, 0.1964, 0.1964",0.7568250298500061
0,one final division,,0.11896510422229767,"0.2340, 0.2075, 0.2025, 0.1780, 0.1780",0.7808260470628738
0,openly criticized non,,0.0,"0.2436, 0.2257, 0.2206, 0.1550, 0.1550",0.9610302373766899
0,stated earlier,,0.03819451853632927,"0.2135, 0.1517, 0.2116, 0.2116, 0.2116",0.9351463317871094
0,dithering produces results,,0.09288547933101654,"0.2420, 0.2258, 0.2193, 0.1565, 0.1565",0.8352450728416443
0,never perform automatic bounds checking,,0.14279167354106903,"0.2355, 0.2153, 0.2266, 0.1358, 0.1867",0.9793456252664328
0,various kinds,,0.0,"0.2408, 0.1860, 0.1911, 0.1911, 0.1911",0.7200376987457275
0,physical quantity representing,,0.0921303778886795,"0.2412, 0.2288, 0.2129, 0.1586, 0.1586",0.8395529091358185
0,commonly used,,0.0,"0.2360, 0.1923, 0.1906, 0.1906, 0.1906",0.710353821516037
0,efficiently query,,0.4040158987045288,"0.1675, 0.2422, 0.1968, 0.1968, 0.1968",0.8642786294221878
0,value associated,,0.08691366016864777,"0.2379, 0.2053, 0.1856, 0.1856, 0.1856",0.8409315496683121
0,rigorous technique,,0.14336828887462616,"0.2039, 0.2139, 0.1940, 0.1940, 0.1940",0.6770405173301697
0,tapered floating point representation,,0.4881954789161682,"0.2309, 0.2372, 0.2019, 0.1843, 0.1457",0.8216003626585007
0,iterations converges,,0.33081889152526855,"0.2071, 0.2004, 0.1975, 0.1975, 0.1975",0.8544506728649139
0,one example,,0.0,"0.2160, 0.2010, 0.1943, 0.1943, 0.1943",0.7333192527294159
0,launched google image search,,0.004287455230951309,"0.2285, 0.1927, 0.2229, 0.2206, 0.1353",0.9742597956210375
0,order function orelse,,0.1630219966173172,"0.2299, 0.2303, 0.2132, 0.1633, 0.1633",0.8975910395383835
0,type tasks,,0.20783405005931854,"0.1473, 0.2337, 0.2063, 0.2063, 0.2063",0.5888265371322632
0,bee colonies,,0.036118295043706894,"0.2153, 0.1913, 0.1978, 0.1978, 0.1978",0.9639673605561256
0,following paragraphs,,0.06392762064933777,"0.2381, 0.2428, 0.1730, 0.1730, 0.1730",0.9784155730158091
0,implementation may deviate,,0.0,"0.2467, 0.2320, 0.2179, 0.1517, 0.1517",0.7864063531160355
0,mathematical optimization problems involving,,0.0,"0.2455, 0.2363, 0.2188, 0.1740, 0.1254",0.8785932138562202
0,software craftsmanship,,0.21009400486946106,"0.1924, 0.2375, 0.1900, 0.1900, 0.1900",0.5192316472530365
0,streaming service,,0.2677178978919983,"0.2085, 0.2231, 0.1895, 0.1895, 0.1895",0.816776230931282
0,bit versions,,0.038045935332775116,"0.1885, 0.1418, 0.2232, 0.2232, 0.2232",0.8131880611181259
0,ai alignment,,0.24310541152954102,"0.2144, 0.2366, 0.1830, 0.1830, 0.1830",0.7944859266281128
0,typical devices,,0.0,"0.1953, 0.2096, 0.1984, 0.1984, 0.1984",0.6354552805423737
0,technical debt,,0.12313434481620789,"0.2001, 0.1872, 0.2042, 0.2042, 0.2042",0.7870807498693466
0,google paired,,0.12432599067687988,"0.1875, 0.2337, 0.1929, 0.1929, 0.1929",0.8576952219009399
0,small amount,,0.0,"0.2374, 0.2152, 0.1824, 0.1824, 0.1824",0.9215598180890083
0,free rewriting systems,,0.17197567224502563,"0.2278, 0.2255, 0.2123, 0.1672, 0.1672",0.7103118598461151
0,backpropagation through structure,,0.2927546203136444,"0.2425, 0.2143, 0.1819, 0.1807, 0.1807",0.9105737209320068
0,different patterns,,0.44544559717178345,"0.1923, 0.1245, 0.2277, 0.2277, 0.2277",0.833127811551094
0,inverse iteration algorithm requires solving,,0.3309895396232605,"0.2377, 0.2338, 0.2166, 0.1678, 0.1442",0.8949773386120796
0,possible key values,,0.2511819899082184,"0.2255, 0.1877, 0.1990, 0.1939, 0.1939",0.8594416379928589
0,problem solving,,0.276847779750824,"0.1987, 0.2247, 0.1922, 0.1922, 0.1922",0.7601227462291718
0,strongly believed,,0.0,"0.2201, 0.1431, 0.2123, 0.2123, 0.2123",0.9651304855942726
0,business requirement,,0.04563704878091812,"0.2367, 0.2341, 0.1764, 0.1764, 0.1764",0.8571206331253052
0,formal notation,,0.17626993358135223,"0.2417, 0.1954, 0.1876, 0.1876, 0.1876",0.8378512859344482
0,simplified instruction set compared,,0.027614235877990723,"0.2398, 0.2370, 0.2352, 0.2006, 0.0874",0.6297082006931305
0,typically involving,,0.0,"0.2245, 0.1844, 0.1970, 0.1970, 0.1970",0.8109847605228424
0,georg cantor,,0.137563556432724,"0.2199, 0.2191, 0.1870, 0.1870, 0.1870",0.9585253447294235
0,maintain ordered lists,,0.12903037667274475,"0.2384, 0.2257, 0.2434, 0.1463, 0.1463",0.9771890230476856
0,epistemic possibility,,0.1392764151096344,"0.2126, 0.1725, 0.2050, 0.2050, 0.2050",0.8294549584388733
0,related problem,,0.10975056886672974,"0.1749, 0.1998, 0.2084, 0.2084, 0.2084",0.781336098909378
0,therefore two ripple,,0.0,"0.2426, 0.1980, 0.1321, 0.2137, 0.2137",0.9079229906201363
0,mips architecture,,0.24883736670017242,"0.1683, 0.1567, 0.2250, 0.2250, 0.2250",0.7322054207324982
0,structure used depends,,0.0,"0.2456, 0.2205, 0.1462, 0.1938, 0.1938",0.728090226650238
0,recreation joining,,0.03275860846042633,"0.2373, 0.2469, 0.1719, 0.1719, 0.1719",0.9947672802954912
0,gives rise,,0.10266153514385223,"0.2272, 0.2008, 0.1907, 0.1907, 0.1907",0.9153378084301949
0,mean something different,,0.0,"0.2423, 0.2128, 0.1370, 0.2039, 0.2039",0.8844993934035301
0,meet third normal form standards,,0.0,"0.2491, 0.2429, 0.2129, 0.2229, 0.0723",0.9577100276947021
0,good locality,,0.10204668343067169,"0.2101, 0.1863, 0.2012, 0.2012, 0.2012",0.8943383321166039
0,emerging high,,0.003621433861553669,"0.2301, 0.2125, 0.1858, 0.1858, 0.1858",0.8092106729745865
0,instead written generically,,0.0,"0.2427, 0.2041, 0.1294, 0.2119, 0.2119",0.9105785861611366
0,loosely described,,0.1779804527759552,"0.2107, 0.1709, 0.2062, 0.2062, 0.2062",0.9079979807138443
0,always done,,0.0,"0.2232, 0.2136, 0.1878, 0.1878, 0.1878",0.8996685445308685
0,small number,,0.10757404565811157,"0.2201, 0.2164, 0.1878, 0.1878, 0.1878",0.8406149297952652
0,writing bidirectional model transformations,,0.30191701650619507,"0.2337, 0.2320, 0.1981, 0.2080, 0.1282",0.8691958636045456
0,quantum measurement,,0.053496457636356354,"0.1914, 0.1532, 0.2185, 0.2185, 0.2185",0.7784268260002136
0,new rules,,0.13994598388671875,"0.2334, 0.1988, 0.1893, 0.1893, 0.1893",0.9101279601454735
0,called stack pointer,,0.2905445098876953,"0.1658, 0.1951, 0.1985, 0.2203, 0.2203",0.7980839163064957
0,may depend,,0.0,"0.2257, 0.1969, 0.1925, 0.1925, 0.1925",0.8942656964063644
0,new level,,0.10281901061534882,"0.2273, 0.2321, 0.1802, 0.1802, 0.1802",0.8454953730106354
0,refining products,,0.04621061310172081,"0.2290, 0.2230, 0.1827, 0.1827, 0.1827",0.7143762111663818
0,betty holberton,,0.24909919500350952,"0.2126, 0.1949, 0.1975, 0.1975, 0.1975",0.9480974897742271
0,1996 paper written,,0.0,"0.2426, 0.2426, 0.2000, 0.1574, 0.1574",0.7880314290523529
0,iteratively solving,,0.4428919553756714,"0.1992, 0.2297, 0.1904, 0.1904, 0.1904",0.7770276218652725
0,various funds,,0.0,"0.2370, 0.2082, 0.1849, 0.1849, 0.1849",0.8947404697537422
0,noise immunity,,0.2120731770992279,"0.1518, 0.2274, 0.2069, 0.2069, 0.2069",0.870546504855156
0,therefore undecidable,,0.06754063069820404,"0.2199, 0.2070, 0.1910, 0.1910, 0.1910",0.8725090175867081
0,universal model,,0.40286126732826233,"0.1807, 0.2009, 0.2061, 0.2061, 0.2061",0.7885207086801529
0,rana el kaliouby,,0.021828543394804,"0.2270, 0.1757, 0.2000, 0.1986, 0.1986",0.9153896495699883
0,deal successfully,,0.00926901027560234,"0.2333, 0.2078, 0.1863, 0.1863, 0.1863",0.9250407069921494
0,main interfaces,,0.28468582034111023,"0.1851, 0.2237, 0.1971, 0.1971, 0.1971",0.7597192227840424
0,bounded treewidth may,,0.12534856796264648,"0.2054, 0.2349, 0.2010, 0.1793, 0.1793",0.8754430934786797
0,label classification problem,,0.3083105981349945,"0.2390, 0.1828, 0.1902, 0.1940, 0.1940",0.9018073678016663
0,total harmonic distortion plus noise,,0.0,"0.2499, 0.2487, 0.2288, 0.1897, 0.0830",0.8923148512840271
0,many divide,,0.05831064656376839,"0.2182, 0.1890, 0.1976, 0.1976, 0.1976",0.8066210150718689
0,meta learning algorithm used,,0.004040170460939407,"0.2406, 0.2211, 0.2149, 0.1878, 0.1357",0.7809251248836517
0,design higher flexibility,,0.02510271593928337,"0.2417, 0.2006, 0.1706, 0.1935, 0.1935",0.7361271381378174
0,findmin  simply returns,,0.001995272934436798,"0.2464, 0.1633, 0.2277, 0.1993, 0.1633",0.9781857375055552
0,symbolic manipulations,,0.4276941418647766,"0.1841, 0.1957, 0.2067, 0.2067, 0.2067",0.7593562006950378
0,chosen appropriately,,0.0,"0.2418, 0.1940, 0.1881, 0.1881, 0.1881",0.8975749388337135
0,site scripting carried,,0.010213283821940422,"0.2406, 0.2381, 0.2149, 0.1532, 0.1532",0.8381129056215286
0,leads users,,0.12561270594596863,"0.2240, 0.2438, 0.1774, 0.1774, 0.1774",0.7591891437768936
0,riemannian manifolds,,0.255460262298584,"0.2203, 0.2073, 0.1908, 0.1908, 0.1908",0.9993796290364116
0,data visualization refers,,0.2777966558933258,"0.2196, 0.2406, 0.2119, 0.1640, 0.1640",0.67148557305336
0,functions without,,0.07555398344993591,"0.2379, 0.2279, 0.1781, 0.1781, 0.1781",0.9117043539881706
0,every jd,,0.1919696033000946,"0.1989, 0.2135, 0.1959, 0.1959, 0.1959",0.9044714123010635
0,response mechanism,,0.38516563177108765,"0.1990, 0.1895, 0.2038, 0.2038, 0.2038",0.7765685468912125
0,recently suggested,,0.0,"0.2245, 0.1900, 0.1952, 0.1952, 0.1952",0.7980745881795883
0,granger causality,,0.33666354417800903,"0.2172, 0.1736, 0.2031, 0.2031, 0.2031",0.8594720214605331
0,uncompressed media,,0.10721836984157562,"0.2367, 0.2269, 0.1788, 0.1788, 0.1788",0.7799432873725891
0,independent management,,0.10239136219024658,"0.2306, 0.2269, 0.1808, 0.1808, 0.1808",0.782842680811882
0,open source community,,0.0,"0.2455, 0.2295, 0.1917, 0.1667, 0.1667",0.7354542315006256
0,responsibility  however,,0.0,"0.2418, 0.1848, 0.2038, 0.1848, 0.1848",0.9428115114569664
0,particularly useful,,0.0,"0.2218, 0.1893, 0.1963, 0.1963, 0.1963",0.6689381003379822
0,running time,,0.26687291264533997,"0.1738, 0.2066, 0.2065, 0.2065, 0.2065",0.8416673541069031
0,numeric methods,,0.4776899814605713,"0.1785, 0.1965, 0.2084, 0.2084, 0.2084",0.8199464529752731
0,original combination,,0.0,"0.2086, 0.1970, 0.1981, 0.1981, 0.1981",0.8319062739610672
0,security implications,,0.022289510816335678,"0.2084, 0.1914, 0.2000, 0.2000, 0.2000",0.7135255336761475
0,systems architecture makes use,,0.0,"0.2446, 0.2346, 0.2192, 0.1929, 0.1086",0.4962364435195923
0,tiziano villa,,0.0,"0.2011, 0.2118, 0.1957, 0.1957, 0.1957",0.8950616642832756
0,design philosophy,,0.18266704678535461,"0.2292, 0.1770, 0.1979, 0.1979, 0.1979",0.7238541841506958
0,map updates,,0.3683072626590729,"0.2134, 0.1907, 0.1986, 0.1986, 0.1986",0.9908402916043997
0,measure used,,0.0,"0.2313, 0.1900, 0.1929, 0.1929, 0.1929",0.7858942449092865
0,limited information,,0.33251655101776123,"0.2223, 0.1437, 0.2113, 0.2113, 0.2113",0.7058988511562347
0,answers may,,0.0,"0.2325, 0.1946, 0.1910, 0.1910, 0.1910",0.8208940327167511
0,video lecture,,0.11272051930427551,"0.2242, 0.2328, 0.1810, 0.1810, 0.1810",0.7539371401071548
0,knowledge engineering wiley,,0.0,"0.2224, 0.1995, 0.1812, 0.1984, 0.1984",0.6024586856365204
0,nervous system,,0.4284597635269165,"0.1788, 0.1834, 0.2126, 0.2126, 0.2126",0.767600491642952
0,biconjugate gradient stabilized method,,0.44127732515335083,"0.2243, 0.1751, 0.1942, 0.2015, 0.2050",0.9553398378193378
0,several variations,,0.06951959431171417,"0.2373, 0.1821, 0.1935, 0.1935, 0.1935",0.8314408361911774
0,computed value f,,0.11494474112987518,"0.2452, 0.2372, 0.2173, 0.1501, 0.1501",0.8570315092802048
0,clipper architecture used,,0.0,"0.2226, 0.2118, 0.1968, 0.1844, 0.1844",0.7194584608078003
0,fingerprinting algorithms allow,,0.19431649148464203,"0.2290, 0.2098, 0.2273, 0.1669, 0.1669",0.7571621090173721
0,error introduced,,0.07013988494873047,"0.1946, 0.1910, 0.2048, 0.2048, 0.2048",0.9171130433678627
0,great practical value,,0.010130904614925385,"0.2234, 0.2211, 0.2086, 0.1735, 0.1735",0.7023918926715851
0,reasonably secure,,0.0872485339641571,"0.2203, 0.1891, 0.1969, 0.1969, 0.1969",0.8132564425468445
0,also called alethic possibility,,0.0,"0.2491, 0.2449, 0.2199, 0.0912, 0.1948",0.8872477114200592
0,hand written assembly code,,0.27782654762268066,"0.2456, 0.1839, 0.2095, 0.2201, 0.1409",0.7168120741844177
0,execute memory access operations,,0.43252354860305786,"0.2438, 0.2064, 0.2130, 0.2083, 0.1285",0.800198033452034
0,typically evaluated,,0.01292969100177288,"0.1755, 0.1977, 0.2089, 0.2089, 0.2089",0.736511766910553
0,gaming businesses,,0.14575810730457306,"0.2184, 0.2226, 0.1863, 0.1863, 0.1863",0.6483016014099121
0,simultaneously optimizes,,0.06094656139612198,"0.2371, 0.2393, 0.1745, 0.1745, 0.1745",0.7247512936592102
0,status register lets,,0.07060253620147705,"0.2373, 0.2472, 0.2343, 0.1406, 0.1406",0.9858321342617273
0,two series,,0.1499074250459671,"0.1885, 0.2125, 0.1997, 0.1997, 0.1997",0.8385471701622009
0,worn close,,0.0,"0.2344, 0.1778, 0.1959, 0.1959, 0.1959",0.9983931619208306
0,conventional cmos technology,,0.12075763940811157,"0.2188, 0.1781, 0.2127, 0.1952, 0.1952",0.6421540379524231
0,long tradition,,0.011093092150986195,"0.2324, 0.2024, 0.1884, 0.1884, 0.1884",0.9957308932207525
0,usually called edges,,0.0,"0.2332, 0.1630, 0.1710, 0.2164, 0.2164",0.9334825649857521
0,volume sound,,0.004894060082733631,"0.2420, 0.1826, 0.1918, 0.1918, 0.1918",0.7910363376140594
0,machine readable terms,,0.03293788433074951,"0.2401, 0.2366, 0.1596, 0.1818, 0.1818",0.5569317638874054
0,based sampling,,0.19508832693099976,"0.2208, 0.2206, 0.1862, 0.1862, 0.1862",0.7767143249511719
0,provide high performance,,0.0,"0.2430, 0.2208, 0.1858, 0.1752, 0.1752",0.6832071542739868
0,recurrent neural networks introduced,,0.28455546498298645,"0.2386, 0.2186, 0.1662, 0.1895, 0.1870",0.7185069620609283
0,audio performance,,0.19579854607582092,"0.2116, 0.1711, 0.2058, 0.2058, 0.2058",0.7728079557418823
0,calculate without writing variables,,0.0,"0.2482, 0.2326, 0.1773, 0.2007, 0.1412",0.9137012660503387
0,typically used,,0.0,"0.2298, 0.1748, 0.1985, 0.1985, 0.1985",0.7222888171672821
0,worldwide interbank financial telecommunication,,0.2224293351173401,"0.2466, 0.2414, 0.1966, 0.1792, 0.1362",0.7574436068534851
0,given boolean formula,,0.15265774726867676,"0.2370, 0.1800, 0.1884, 0.1973, 0.1973",0.9425000101327896
0,little effect,,0.0,"0.2269, 0.1782, 0.1983, 0.1983, 0.1983",0.843569740653038
0,temperature phase,,0.15046429634094238,"0.2237, 0.2239, 0.1842, 0.1842, 0.1842",0.9562270641326904
0,promising platform,,0.10930751264095306,"0.1868, 0.2355, 0.1926, 0.1926, 0.1926",0.6265541911125183
0,rival streaming services expired,,0.037259817123413086,"0.2155, 0.2199, 0.2250, 0.2048, 0.1348",0.9389947094023228
0,biodiversity informatics contrasts,,0.4814940392971039,"0.2226, 0.1628, 0.1790, 0.2178, 0.2178",0.7182113230228424
0,internal memory,,0.4879573881626129,"0.2137, 0.1700, 0.2054, 0.2054, 0.2054",0.7526539862155914
0,area distinct,,0.28986412286758423,"0.2098, 0.1715, 0.2062, 0.2062, 0.2062",0.9590890556573868
0,commonly occurring problem within,,0.0,"0.2451, 0.2301, 0.1965, 0.1976, 0.1307",0.8189592361450195
0,based subset,,0.2700914144515991,"0.2126, 0.2323, 0.1850, 0.1850, 0.1850",0.8840291574597359
0,generic functions implemented,,0.0,"0.1729, 0.2186, 0.2348, 0.1869, 0.1869",0.9507488757371902
0,specific kind,,0.0,"0.2348, 0.1689, 0.1988, 0.1988, 0.1988",0.8013574182987213
0,wallace givens,,0.1476617008447647,"0.2036, 0.2174, 0.1930, 0.1930, 0.1930",0.8956658095121384
0,usb speakers,,0.0,"0.2264, 0.2304, 0.1811, 0.1811, 0.1811",0.8928292468190193
0,classical economic mechanism design,,0.0714188814163208,"0.2387, 0.1858, 0.1762, 0.2096, 0.1897",0.8071197122335434
0,minimum stable convergence criteria,,0.19231966137886047,"0.2472, 0.2278, 0.1599, 0.1737, 0.1913",0.9015896022319794
0,molecular dynamics generally leads,,0.21399660408496857,"0.2414, 0.2323, 0.2150, 0.1906, 0.1207",0.8251248300075531
0,square cipher uses two 5x5 matrices,,0.0,"0.2494, 0.2427, 0.2246, 0.1029, 0.1803",0.9190990030765533
0,performing bounds checking,,0.2638106942176819,"0.2300, 0.1567, 0.2123, 0.2005, 0.2005",0.924622431397438
0,using far fewer physical resources,,0.0,"0.2495, 0.2472, 0.2299, 0.1832, 0.0902",0.7192854583263397
0,also useful,,0.0,"0.2313, 0.1994, 0.1898, 0.1898, 0.1898",0.6192327439785004
0,abstraction representing,,0.389921635389328,"0.1745, 0.2282, 0.1991, 0.1991, 0.1991",0.8114672005176544
0,network environments,,0.46268975734710693,"0.1425, 0.2286, 0.2096, 0.2096, 0.2096",0.7154724299907684
0,small sections,,0.046749573200941086,"0.2326, 0.2391, 0.1761, 0.1761, 0.1761",0.8837035894393921
0,best predictor,,0.24639806151390076,"0.1763, 0.1672, 0.2188, 0.2188, 0.2188",0.8193066716194153
0,electronic switches,,0.21877886354923248,"0.1972, 0.1964, 0.2021, 0.2021, 0.2021",0.7198501527309418
0,classical statistical mechanics,,0.006229039281606674,"0.2370, 0.1753, 0.1362, 0.2258, 0.2258",0.7465147376060486
0,joint state,,0.08296683430671692,"0.2387, 0.1811, 0.1934, 0.1934, 0.1934",0.8844056725502014
0,linear regression focuses,,0.35520321130752563,"0.2181, 0.2020, 0.2195, 0.1802, 0.1802",0.8717964738607407
0,protection paper,,0.06712167710065842,"0.2152, 0.2348, 0.1833, 0.1833, 0.1833",0.7920312881469727
0,gardeningbusiness models also,,0.05572880432009697,"0.2294, 0.2315, 0.2232, 0.1580, 0.1580",0.8459008634090424
0,approximation algorithms crucially involves,,0.0,"0.2450, 0.2398, 0.1927, 0.1515, 0.1710",0.7992656826972961
0,fastest possible,,0.004144962877035141,"0.2188, 0.1814, 0.1999, 0.1999, 0.1999",0.6378180384635925
0,matrix containing,,0.18529662489891052,"0.2129, 0.2344, 0.1842, 0.1842, 0.1842",0.9672765024006367
0,given two integers n,,0.0,"0.2478, 0.2289, 0.2139, 0.1923, 0.1170",0.9148378595709801
0,always simplified,,0.026975493878126144,"0.1837, 0.2225, 0.1979, 0.1979, 0.1979",0.7688727080821991
0,mouse coming,,0.07436709105968475,"0.2374, 0.2207, 0.1806, 0.1806, 0.1806",0.7743813991546631
0,n - variable ordinary boolean function acting,,0.0,"0.2474, 0.2267, 0.2375, 0.1749, 0.1135",0.9603977538645267
0,people use,,0.0195241030305624,"0.2375, 0.2265, 0.1787, 0.1787, 0.1787",0.7964732199907303
0,problem provides,,0.03581792116165161,"0.2355, 0.2308, 0.1779, 0.1779, 0.1779",0.7929884344339371
0,recursion method bearing,,0.47416096925735474,"0.2088, 0.1923, 0.1978, 0.2005, 0.2005",0.9249330908060074
0,computation distributed among several machines,,0.0,"0.2489, 0.2490, 0.2385, 0.1661, 0.0976",0.5790794193744659
0,different order,,0.11530070006847382,"0.1530, 0.2175, 0.2098, 0.2098, 0.2098",0.9033479988574982
0,simple display,,0.23758406937122345,"0.1928, 0.2462, 0.1870, 0.1870, 0.1870",0.7283972501754761
0,isolated vocabulary,,0.07591627538204193,"0.2214, 0.1697, 0.2030, 0.2030, 0.2030",0.8116156458854675
0,full title,,0.13721591234207153,"0.2302, 0.2341, 0.1786, 0.1786, 0.1786",0.8840725794434547
0,physical electronic device implementing,,0.0,"0.2450, 0.2383, 0.1945, 0.2176, 0.1046",0.5377413928508759
0,cannot change,,0.049282658845186234,"0.2281, 0.2276, 0.1815, 0.1815, 0.1815",0.9541964940726757
0,raise speed,,0.04807455092668533,"0.2230, 0.1588, 0.2061, 0.2061, 0.2061",0.8566114753484726
0,multiple parties contribute,,0.010286135599017143,"0.2475, 0.2463, 0.2405, 0.1328, 0.1328",0.9600286483764648
0,hard problems,,0.12022070586681366,"0.1924, 0.2010, 0.2022, 0.2022, 0.2022",0.7874201089143753
0,called swarm robotics,,0.0,"0.2100, 0.1268, 0.2233, 0.2199, 0.2199",0.8158629685640335
0,discrete mathematics theory  third,,0.05593295022845268,"0.2456, 0.2379, 0.1642, 0.2076, 0.1448",0.7881590574979782
0,algorithm repeatedly,,0.37103497982025146,"0.1868, 0.1939, 0.2065, 0.2065, 0.2065",0.716680109500885
0,common use,,0.0,"0.2272, 0.2207, 0.1840, 0.1840, 0.1840",0.7076394557952881
0,multilinear form,,0.11758258938789368,"0.2345, 0.2461, 0.1731, 0.1731, 0.1731",0.9623159617185593
0,nothing value,,0.22837236523628235,"0.1938, 0.2164, 0.1966, 0.1966, 0.1966",0.9221116527915001
0,admit functional extension,,0.1576755940914154,"0.2167, 0.2023, 0.2202, 0.1804, 0.1804",0.9586502499878407
0,local approach,,0.08866731822490692,"0.2193, 0.2313, 0.1831, 0.1831, 0.1831",0.8459832668304443
0,arbitrary item insertions,,0.24909275770187378,"0.2346, 0.2122, 0.2097, 0.1717, 0.1717",0.9134469702839851
0,use explicit high level symbols,,0.0,"0.2482, 0.2411, 0.2217, 0.2140, 0.0750",0.8430448174476624
0,called deep generative models,,0.3993006944656372,"0.2406, 0.2175, 0.1513, 0.1764, 0.2142",0.770475223660469
0,future data,,0.43880271911621094,"0.1889, 0.2051, 0.2020, 0.2020, 0.2020",0.6074473261833191
0,much smoother shading,,0.1580801010131836,"0.2245, 0.1922, 0.1938, 0.1948, 0.1948",0.9033656865358353
0,robust results,,0.3622339069843292,"0.1973, 0.2243, 0.1928, 0.1928, 0.1928",0.8003162741661072
0,global search properties,,0.24175123870372772,"0.2455, 0.2318, 0.2007, 0.1610, 0.1610",0.8230299204587936
0,christoph goller,,0.16848862171173096,"0.2219, 0.2098, 0.1894, 0.1894, 0.1894",0.9778178203850985
0,fixed capacity,,0.1281629204750061,"0.2248, 0.2008, 0.1915, 0.1915, 0.1915",0.8593885898590088
0,often hand,,0.0,"0.2067, 0.2388, 0.1848, 0.1848, 0.1848",0.8867395669221878
0,quantum information origin,,0.4047720432281494,"0.2319, 0.1671, 0.1502, 0.2254, 0.2254",0.7135915756225586
0,alarm signal used,,0.0,"0.2327, 0.2103, 0.1805, 0.1882, 0.1882",0.7663622349500656
0,also related,,0.0,"0.2309, 0.1588, 0.2034, 0.2034, 0.2034",0.744995504617691
0,answer returned,,0.03019704297184944,"0.2356, 0.2094, 0.1850, 0.1850, 0.1850",0.8524817526340485
0,cmos transistors,,0.192164808511734,"0.1677, 0.1921, 0.2134, 0.2134, 0.2134",0.7095941603183746
0,frozen spots,,0.19103428721427917,"0.2132, 0.2215, 0.1884, 0.1884, 0.1884",0.9786274824291468
0,map input items,,0.15615643560886383,"0.2341, 0.2463, 0.2409, 0.1394, 0.1394",0.9607938751578331
0,returned solutions,,0.09031893312931061,"0.2121, 0.2214, 0.1888, 0.1888, 0.1888",0.9106126874685287
0,exhibit either innate emotional capabilities,,0.0,"0.2496, 0.2464, 0.2160, 0.1369, 0.1512",0.9696041513234377
0,dervi karaboa,,0.13965681195259094,"0.2097, 0.2239, 0.1888, 0.1888, 0.1888",0.9786228947341442
0,also called double playfair,,0.0,"0.2465, 0.2250, 0.1725, 0.1705, 0.1856",0.8921738043427467
0,traditional modelling,,0.20312120020389557,"0.1842, 0.2189, 0.1990, 0.1990, 0.1990",0.7835056632757187
0,another function,,0.23416921496391296,"0.1521, 0.2111, 0.2123, 0.2123, 0.2123",0.8600919991731644
0,calculate solvent accessible surface area,,0.0,"0.2482, 0.2439, 0.2293, 0.2050, 0.0736",0.9000935778021812
0,obvious ways,,0.0,"0.1711, 0.2115, 0.2058, 0.2058, 0.2058",0.7906835824251175
0,speech processing applications,,0.37710583209991455,"0.2024, 0.1798, 0.2303, 0.1938, 0.1938",0.7101928889751434
0,many new 32,,0.0,"0.2396, 0.2328, 0.2067, 0.1604, 0.1604",0.8310664892196655
0,superconductive electronic circuits require cooling,,0.0,"0.2452, 0.2411, 0.2209, 0.1502, 0.1426",0.805937647819519
0,classify problems,,0.39952248334884644,"0.1749, 0.2020, 0.2077, 0.2077, 0.2077",0.7883068025112152
0,political science,,0.12175893783569336,"0.2248, 0.2165, 0.1862, 0.1862, 0.1862",0.6157895028591156
0,research problem,,0.14404860138893127,"0.2148, 0.1991, 0.1954, 0.1954, 0.1954",0.6506709456443787
0,time delay neural network give,,0.27091509103775024,"0.2363, 0.2333, 0.1980, 0.1415, 0.1909",0.7544987350702286
0,way values,,0.22368885576725006,"0.2023, 0.2114, 0.1954, 0.1954, 0.1954",0.9846787499263883
0,classify boolean satisfiability problems,,0.16545507311820984,"0.2361, 0.2211, 0.1930, 0.1516, 0.1982",0.8508584052324295
0,lexical integrity hypothesis,,0.1516907811164856,"0.2347, 0.1983, 0.1016, 0.2327, 0.2327",0.8258756846189499
0,shared public,,0.014238296076655388,"0.2443, 0.2314, 0.1748, 0.1748, 0.1748",0.9045732691884041
0,original work,,0.0,"0.1952, 0.2216, 0.1944, 0.1944, 0.1944",0.7415921092033386
0,robust ground state degeneracy,,0.058757536113262177,"0.2457, 0.2425, 0.1857, 0.1487, 0.1774",0.8659623861312866
0,tune also,,0.0,"0.2293, 0.2076, 0.1877, 0.1877, 0.1877",0.8065158873796463
0,sometimes across multiple sensory modalities,,0.0,"0.2441, 0.2430, 0.2383, 0.2015, 0.0731",0.901734322309494
0,zone scripting etc,,0.0,"0.2375, 0.2295, 0.1835, 0.1748, 0.1748",0.915503740310669
0,search engine owned,,0.0,"0.2382, 0.1744, 0.1549, 0.2162, 0.2162",0.8089304566383362
0,scholars argue,,0.04208248108625412,"0.2339, 0.2141, 0.1840, 0.1840, 0.1840",0.8739440739154816
0,server side object participating,,0.05958566069602966,"0.2472, 0.2440, 0.2353, 0.2394, 0.0341",0.8228623121976852
0,weighted random early detection,,0.0,"0.2477, 0.2404, 0.1656, 0.1280, 0.2183",0.8069122135639191
0,like nodes used,,0.0,"0.2258, 0.2377, 0.2078, 0.1643, 0.1643",0.8597261607646942
0,human learning,,0.19109101593494415,"0.2311, 0.2192, 0.1832, 0.1832, 0.1832",0.7032551169395447
0,formal description,,0.25187841057777405,"0.2386, 0.2019, 0.1865, 0.1865, 0.1865",0.819906160235405
0,one time,,0.04715229570865631,"0.1972, 0.1905, 0.2041, 0.2041, 0.2041",0.8747260719537735
0,quick succession,,0.21533581614494324,"0.2166, 0.2111, 0.1908, 0.1908, 0.1908",0.8514967560768127
0,without encryption padding,,0.21024827659130096,"0.2303, 0.1197, 0.2301, 0.2099, 0.2099",0.9026099368929863
0,generic concept,,0.03579572215676308,"0.1712, 0.1853, 0.2145, 0.2145, 0.2145",0.8905755132436752
0,min item allocation,,0.4620608687400818,"0.2261, 0.1949, 0.1639, 0.2075, 0.2075",0.9252694845199585
0,cambridge university press,,0.0,"0.2481, 0.2279, 0.1681, 0.1780, 0.1780",0.5931880474090576
0,highway map,,0.44574716687202454,"0.0942, 0.2294, 0.2255, 0.2255, 0.2255",0.9484150558710098
0,online algorithms cannot match,,0.16259782016277313,"0.2379, 0.2281, 0.2178, 0.1943, 0.1220",0.8277149796485901
0,formal methods,,0.18836025893688202,"0.2361, 0.2135, 0.1835, 0.1835, 0.1835",0.7833732217550278
0,ethical user experience objectives,,0.011599447578191757,"0.2457, 0.2475, 0.2326, 0.2295, 0.0446",0.8152362555265427
0,protein secondary structure,,0.27342796325683594,"0.2082, 0.2092, 0.1880, 0.1973, 0.1973",0.9061212986707687
0,simple value type,,0.14402879774570465,"0.2333, 0.2300, 0.1791, 0.1788, 0.1788",0.7769699543714523
0,boston 2006 isbn 0,,0.0,"0.2441, 0.2374, 0.1984, 0.1543, 0.1657",0.8789593130350113
0,allowing designers,,0.05461878702044487,"0.2328, 0.2299, 0.1791, 0.1791, 0.1791",0.754154160618782
0,negative matrix factorizations,,0.4589284062385559,"0.2118, 0.1780, 0.1981, 0.2061, 0.2061",0.9935619933530688
0,may use knowledge,,0.08407853543758392,"0.2408, 0.2259, 0.1718, 0.1807, 0.1807",0.6850573420524597
0,existing notations,,0.22541311383247375,"0.2315, 0.1910, 0.1925, 0.1925, 0.1925",0.8938028439879417
0,two programs,,0.06409613788127899,"0.1902, 0.2140, 0.1986, 0.1986, 0.1986",0.555197149515152
0,cognitive architecture refers,,0.16429728269577026,"0.2222, 0.1860, 0.1799, 0.2059, 0.2059",0.6471967101097107
0,working group,,0.05243154615163803,"0.2400, 0.2454, 0.1715, 0.1715, 0.1715",0.8873775973916054
0,following examples,,0.09111927449703217,"0.2357, 0.2183, 0.1820, 0.1820, 0.1820",0.8640033006668091
0,whole input must,,0.0,"0.2348, 0.2452, 0.2254, 0.1474, 0.1474",0.761953666806221
0,andreas zwinkau,,0.08629770576953888,"0.2098, 0.2189, 0.1904, 0.1904, 0.1904",0.8970974609255791
0,parameter tractable problem,,0.1729254424571991,"0.2428, 0.2310, 0.2002, 0.1630, 0.1630",0.9489840716123581
0,efficient motors,,0.10108381509780884,"0.1984, 0.1599, 0.2139, 0.2139, 0.2139",0.802426815032959
0,independent areas,,0.07717783749103546,"0.2365, 0.2158, 0.1825, 0.1825, 0.1825",0.9233843982219696
0,internet protocol addresses available,,0.031104829162359238,"0.2342, 0.2366, 0.2384, 0.2059, 0.0849",0.8193917572498322
0,made visible,,0.055190879851579666,"0.2168, 0.2170, 0.1887, 0.1887, 0.1887",0.7733645141124725
0,multiple devices,,0.04567481204867363,"0.2386, 0.2345, 0.1756, 0.1756, 0.1756",0.7331190705299377
0,protect messages,,0.05782698094844818,"0.2244, 0.2040, 0.1905, 0.1905, 0.1905",0.826878547668457
0,absolute position,,0.108001708984375,"0.1789, 0.2269, 0.1981, 0.1981, 0.1981",0.9777028560638428
0,authors achieve performance double,,0.0,"0.2443, 0.2421, 0.2102, 0.1637, 0.1397",0.8159521371126175
0,generally accepted software engineering body,,0.0,"0.2459, 0.2304, 0.1648, 0.1435, 0.2154",0.5108092725276947
0,ostrich algorithm pretends,,0.2266472429037094,"0.1964, 0.2110, 0.2246, 0.1840, 0.1840",0.7691936045885086
0,specific idiom,,0.0,"0.2283, 0.1705, 0.2004, 0.2004, 0.2004",0.9421230517327785
0,specific categories,,0.13351362943649292,"0.2174, 0.2120, 0.1902, 0.1902, 0.1902",0.8529907315969467
0,computer algebra systems began,,0.08514712750911713,"0.2275, 0.2080, 0.2204, 0.1807, 0.1634",0.5606996417045593
0,octal floating point  base four,,0.26803380250930786,"0.2379, 0.2366, 0.1960, 0.1395, 0.1901",0.9108952730894089
0,often abbreviated data viz,,0.028825722634792328,"0.2368, 0.1851, 0.1938, 0.1931, 0.1911",0.6846979558467865
0,name rather,,0.003382064402103424,"0.2295, 0.2187, 0.1839, 0.1839, 0.1839",0.9203474745154381
0,furthered researched,,0.01811453327536583,"0.2301, 0.1981, 0.1906, 0.1906, 0.1906",0.6178914904594421
0,temporarily associating,,0.13716603815555573,"0.2343, 0.2012, 0.1882, 0.1882, 0.1882",0.8739537298679352
0,might take,,0.0,"0.2166, 0.2295, 0.1846, 0.1846, 0.1846",0.886208601295948
0,analytical hierarchy process moves forward,,0.26352736353874207,"0.2407, 0.2248, 0.2210, 0.1477, 0.1658",0.6994892656803131
0,intuitive way using information,,0.18222203850746155,"0.2437, 0.2315, 0.2268, 0.1486, 0.1494",0.6715033650398254
0,optional training function,,0.20860275626182556,"0.2430, 0.2140, 0.2086, 0.1672, 0.1672",0.8910060301423073
0,memory dependency speculation,,0.16933465003967285,"0.2388, 0.2235, 0.0756, 0.2310, 0.2310",0.7424179911613464
0,largely based,,0.06352648138999939,"0.1907, 0.1988, 0.2035, 0.2035, 0.2035",0.7267002463340759
0,many contexts,,0.0,"0.2235, 0.2001, 0.1921, 0.1921, 0.1921",0.7803878337144852
0,policy making,,0.08880481123924255,"0.2196, 0.2376, 0.1809, 0.1809, 0.1809",0.8061688095331192
0,android epistemology incorporates artificial intelligence,,0.34485161304473877,"0.2441, 0.2069, 0.2131, 0.2046, 0.1313",0.7507810741662979
0,open internet containing hundreds,,0.0,"0.2470, 0.2425, 0.2386, 0.1523, 0.1196",0.7694494724273682
0,configured weight,,0.15234492719173431,"0.1867, 0.2131, 0.2001, 0.2001, 0.2001",0.9726310390979052
0,swarm intelligence refers,,0.2797614634037018,"0.2119, 0.1906, 0.1833, 0.2071, 0.2071",0.7943320423364639
0,exploring humanistic intelligence,,0.25894421339035034,"0.2438, 0.2328, 0.1791, 0.1721, 0.1721",0.7636836171150208
0,represent boolean functions,,0.3904988169670105,"0.2289, 0.1722, 0.2075, 0.1957, 0.1957",0.9548594243824482
0,complete tasks,,0.12333877384662628,"0.2191, 0.2383, 0.1809, 0.1809, 0.1809",0.6658064126968384
0,human nervous system,,0.30707883834838867,"0.2350, 0.1848, 0.1817, 0.1993, 0.1993",0.7608387768268585
0,simplest case,,0.16175344586372375,"0.2253, 0.2063, 0.1895, 0.1895, 0.1895",0.7590671926736832
0,acs comb,,0.1088210940361023,"0.2354, 0.2011, 0.1878, 0.1878, 0.1878",0.8266978114843369
0,often referred,,0.0,"0.2023, 0.2104, 0.1958, 0.1958, 0.1958",0.8667136132717133
0,streaming feature later,,0.2300691455602646,"0.2275, 0.2233, 0.2162, 0.1665, 0.1665",0.7841815501451492
0,two categories,,0.1679113209247589,"0.1949, 0.2138, 0.1971, 0.1971, 0.1971",0.8374308198690414
0,site scripting,,0.16102363169193268,"0.2187, 0.2201, 0.1871, 0.1871, 0.1871",0.8199138343334198
0,node given,,0.10919226706027985,"0.2330, 0.2307, 0.1788, 0.1788, 0.1788",0.984958334825933
0,consistent idea,,0.20736940205097198,"0.2181, 0.1786, 0.2011, 0.2011, 0.2011",0.8029068261384964
0,note however,,0.0,"0.2374, 0.1822, 0.1935, 0.1935, 0.1935",0.8065494149923325
0,connectionist expert systems,,0.40998491644859314,"0.2176, 0.1877, 0.2198, 0.1874, 0.1874",0.6240055859088898
0,different components,,0.0068745799362659454,"0.1744, 0.2226, 0.2010, 0.2010, 0.2010",0.6763508319854736
0,different use,,0.0,"0.2148, 0.2143, 0.1903, 0.1903, 0.1903",0.6781472563743591
0,network built,,0.04672692343592644,"0.1894, 0.2012, 0.2032, 0.2032, 0.2032",0.6658627390861511
0,identify regions,,0.1329542100429535,"0.2148, 0.2083, 0.1923, 0.1923, 0.1923",0.9178930446505547
0,starting probabilities,,0.06460760533809662,"0.2234, 0.1378, 0.2129, 0.2129, 0.2129",0.8202913999557495
0,#NAME?,,0.09922373294830322,"0.2360, 0.1910, 0.1910, 0.1910, 0.1910",0.9473591595888138
0,might contain,,0.0,"0.2150, 0.2197, 0.1884, 0.1884, 0.1884",0.7796678245067596
0,observation function,,0.4830862283706665,"0.1721, 0.2137, 0.2047, 0.2047, 0.2047",0.7403550446033478
0,distinguish software pipelining,,0.3370680809020996,"0.1783, 0.1561, 0.2269, 0.2194, 0.2194",0.655876487493515
0,taking control,,0.06607629358768463,"0.2351, 0.2322, 0.1776, 0.1776, 0.1776",0.8619208186864853
0,dictionary attacks often succeed,,0.0,"0.2451, 0.2327, 0.1786, 0.1950, 0.1486",0.8037169426679611
0,unordered pair,,0.08397632837295532,"0.2378, 0.2160, 0.1821, 0.1821, 0.1821",0.8275975286960602
0,analyzes analog input values,,0.24013054370880127,"0.2386, 0.1909, 0.2261, 0.2163, 0.1281",0.7384458184242249
0,1973 nbs solicited private industry,,0.0,"0.2493, 0.2490, 0.2475, 0.2209, 0.0332",0.8932368606328964
0,topological degeneracy,,0.3692418336868286,"0.1901, 0.1925, 0.2058, 0.2058, 0.2058",0.9238438680768013
0,common example,,0.04587943106889725,"0.2165, 0.1977, 0.1953, 0.1953, 0.1953",0.7499701678752899
0,first round,,0.0019542789086699486,"0.1950, 0.2343, 0.1902, 0.1902, 0.1902",0.9289718121290207
0,increasingly online communication patterns,,0.4481002390384674,"0.2433, 0.2408, 0.2110, 0.1300, 0.1749",0.6939193308353424
0,good understanding,,0.14272934198379517,"0.2149, 0.1740, 0.2037, 0.2037, 0.2037",0.7853527814149857
0,well understood,,0.0013162847608327866,"0.2304, 0.1683, 0.2004, 0.2004, 0.2004",0.8658142536878586
0,zermelofraenkel set theory,,0.3481518030166626,"0.2145, 0.2184, 0.1630, 0.2021, 0.2021",0.9687418974936008
0,numerical linear algebra aims,,0.07250888645648956,"0.2466, 0.2381, 0.1995, 0.1909, 0.1248",0.8479474037885666
0,two iteration variables used,,0.0,"0.2284, 0.2310, 0.2354, 0.1995, 0.1057",0.9313959181308746
0,modern study,,0.029347268864512444,"0.2420, 0.2326, 0.1752, 0.1752, 0.1752",0.5565865635871887
0,asymmetric languages,,0.15213429927825928,"0.2361, 0.2086, 0.1851, 0.1851, 0.1851",0.8150045424699783
0,helen fouch gaines,,0.05744503065943718,"0.2366, 0.2351, 0.1935, 0.1674, 0.1674",0.8641963005065918
0,capacity received,,0.06667764484882355,"0.2247, 0.2164, 0.1863, 0.1863, 0.1863",0.8443827480077744
0,data becomes available,,0.04083126783370972,"0.2447, 0.2437, 0.2296, 0.1410, 0.1410",0.6374270915985107
0,mcgurk effect based,,0.19081415235996246,"0.2383, 0.2051, 0.2157, 0.1705, 0.1705",0.8257360756397247
0,natural numbers starting,,0.07757019996643066,"0.2287, 0.2236, 0.2155, 0.1661, 0.1661",0.8665165901184082
0,internet attacks,,0.2704697251319885,"0.1978, 0.1707, 0.2105, 0.2105, 0.2105",0.7528029233217239
0,operators andthen,,0.21542085707187653,"0.2131, 0.2218, 0.1884, 0.1884, 0.1884",0.878150187432766
0,primarily implemented using diodes,,0.0,"0.2306, 0.2360, 0.2364, 0.2052, 0.0918",0.7365760803222656
0,conveniently eliminates rounding errors,,0.0,"0.2447, 0.2364, 0.2114, 0.1367, 0.1707",0.8274866193532944
0,problematic first,,0.0,"0.2299, 0.1842, 0.1953, 0.1953, 0.1953",0.8375824838876724
0,usually cities,,0.0,"0.2233, 0.1795, 0.1991, 0.1991, 0.1991",0.9319271296262741
0,correct order,,0.18334908783435822,"0.1848, 0.2123, 0.2010, 0.2010, 0.2010",0.9353483319282532
0,leftist heap,,0.46249306201934814,"0.2160, 0.1658, 0.2061, 0.2061, 0.2061",0.827049657702446
0,automatically keeps,,0.07873870432376862,"0.2381, 0.2274, 0.1782, 0.1782, 0.1782",0.8089352697134018
0,balanced trees t1,,0.425716757774353,"0.2307, 0.1593, 0.2156, 0.1972, 0.1972",0.8463652580976486
0,generic aerospace problems,,0.0,"0.1839, 0.2052, 0.1987, 0.2061, 0.2061",0.7462703883647919
0,tasks like outliers detection,,0.0,"0.2484, 0.2371, 0.1725, 0.1545, 0.1875",0.6856404542922974
0,negative outcome,,0.18604308366775513,"0.2115, 0.1981, 0.1968, 0.1968, 0.1968",0.9985454321140423
0,practices employed,,0.0025373101234436035,"0.2376, 0.2371, 0.1751, 0.1751, 0.1751",0.8161642849445343
0,designing many efficient parallel algorithms,,0.21102651953697205,"0.2489, 0.2296, 0.2036, 0.1495, 0.1683",0.7063108086585999
0,analyze data requirements needed,,0.0,"0.2481, 0.2478, 0.2411, 0.2008, 0.0621",0.7069199681282043
0,engineering uses modeling,,0.048755157738924026,"0.2055, 0.1835, 0.2208, 0.1951, 0.1951",0.6647806763648987
0,manually construct rules,,0.17379149794578552,"0.2445, 0.2320, 0.2042, 0.1596, 0.1596",0.8606161028146744
0,latter asks,,0.08757728338241577,"0.2113, 0.2155, 0.1911, 0.1911, 0.1911",0.8843442872166634
0,eventually called act,,0.0,"0.2430, 0.2116, 0.1936, 0.1759, 0.1759",0.9438922069966793
0,allows self,,0.06341581791639328,"0.2371, 0.2317, 0.1771, 0.1771, 0.1771",0.879373773932457
0,proxy pattern description,,0.46980684995651245,"0.2003, 0.1670, 0.2004, 0.2161, 0.2161",0.8977793753147125
0,magnetic tapes,,0.14655175805091858,"0.2168, 0.1955, 0.1959, 0.1959, 0.1959",0.7770524770021439
0,design principle,,0.18045641481876373,"0.2195, 0.2044, 0.1920, 0.1920, 0.1920",0.7191362380981445
0,second step uses,,0.0,"0.2337, 0.2421, 0.2199, 0.1521, 0.1521",0.7505786269903183
0,therefore rule,,0.2296048104763031,"0.2023, 0.1987, 0.1996, 0.1996, 0.1996",0.9526434764266014
0,empathy compassion,,0.0,"0.2055, 0.2199, 0.1915, 0.1915, 0.1915",0.9759685900062323
0,organizations thoroughly analyze processes,,0.24886931478977203,"0.2437, 0.2141, 0.1796, 0.1788, 0.1838",0.7084678411483765
0,gartner defines application delivery networking,,0.2677394151687622,"0.2353, 0.2101, 0.2188, 0.1809, 0.1549",0.7294518351554871
0,selected bibliography,,0.0,"0.2455, 0.1873, 0.1890, 0.1890, 0.1890",0.892359621822834
0,code smells,,0.1678587943315506,"0.2298, 0.2007, 0.1898, 0.1898, 0.1898",0.8260790258646011
0,connectionist expert system,,0.4337488114833832,"0.2156, 0.1895, 0.2143, 0.1903, 0.1903",0.6194274425506592
0,optimization technique composed,,0.053371917456388474,"0.2377, 0.2363, 0.2304, 0.1478, 0.1478",0.7305664718151093
0,coordinate systems transformed,,0.1398221254348755,"0.2362, 0.2294, 0.2242, 0.1551, 0.1551",0.8345095366239548
0,studied fuzzy control,,0.2676270604133606,"0.2304, 0.0948, 0.2330, 0.2209, 0.2209",0.7265084981918335
0,evolutionary approach,,0.271139532327652,"0.1253, 0.2335, 0.2137, 0.2137, 0.2137",0.7536808997392654
0,past testing,,0.044435225427150726,"0.1920, 0.2131, 0.1983, 0.1983, 0.1983",0.7680976092815399
0,ticket controller,,0.301015168428421,"0.1637, 0.2277, 0.2029, 0.2029, 0.2029",0.9527907148003578
0,equilibrium phases,,0.23366481065750122,"0.2206, 0.2304, 0.1830, 0.1830, 0.1830",0.9736285395920277
0,term given,,0.011700466275215149,"0.2096, 0.2173, 0.1910, 0.1910, 0.1910",0.8523017317056656
0,intuitionistic equivalents,,0.2499828338623047,"0.1691, 0.2026, 0.2094, 0.2094, 0.2094",0.8164187222719193
0,become useful,,0.015413102693855762,"0.2452, 0.2212, 0.1779, 0.1779, 0.1779",0.7208062410354614
0,symmetric interpretations,,0.3902578353881836,"0.2191, 0.1054, 0.2252, 0.2252, 0.2252",0.9297154471278191
0,actuated joints,,0.20825406908988953,"0.2110, 0.2424, 0.1822, 0.1822, 0.1822",0.9516655579209328
0,common subexpression elimination,,0.0946890115737915,"0.2154, 0.2393, 0.2232, 0.1610, 0.1610",0.9877822138369083
0,binary splitting may render,,0.0705273300409317,"0.2245, 0.2235, 0.1638, 0.2205, 0.1676",0.8325433731079102
0,point formats,,0.16562266647815704,"0.2141, 0.2460, 0.1799, 0.1799, 0.1799",0.7452138364315033
0,european union,,0.05258234962821007,"0.2464, 0.2401, 0.1712, 0.1712, 0.1712",0.9580280371010303
0,would result,,0.20761816203594208,"0.2082, 0.1885, 0.2011, 0.2011, 0.2011",0.8606569617986679
