IfCS,Phrase,Correct,Probablity,Attention,Distance
0,consistent standards,,0.06374195218086243,"0.1472, 0.2052, 0.2159, 0.2159, 0.2159",0.8322431296110153
0,implement algorithms,,0.2980034649372101,"0.1399, 0.1146, 0.2485, 0.2485, 0.2485",0.7375051975250244
0,enable design,,0.011740971356630325,"0.0989, 0.1830, 0.2393, 0.2393, 0.2393",0.7524182349443436
0,every variable,,0.03436734154820442,"0.1714, 0.1256, 0.2343, 0.2343, 0.2343",0.9038874879479408
0,noisily observable,,0.10951840877532959,"0.0848, 0.2152, 0.2333, 0.2333, 0.2333",0.8161356598138809
0,security vulnerability requires e,,0.0,"0.2446, 0.2391, 0.0990, 0.1695, 0.2478",0.7631930112838745
0,commonly used affine transformations,,0.0,"0.2242, 0.0379, 0.2447, 0.2437, 0.2495",0.9379747286438942
0,speed expansion ports,,0.022937830537557602,"0.2454, 0.2148, 0.1829, 0.1784, 0.1784",0.8154047131538391
0,game complexity,,0.3791923522949219,"0.1584, 0.2331, 0.2028, 0.2028, 0.2028",0.6834398508071899
0,triple point corresponding,,0.0,"0.2475, 0.2316, 0.0348, 0.2431, 0.2431",0.8585772514343262
0,force feedback,,0.20563814043998718,"0.2327, 0.1032, 0.2214, 0.2214, 0.2214",0.8669662475585938
0,background assumption,,0.45560380816459656,"0.2097, 0.0465, 0.2479, 0.2479, 0.2479",0.8796902149915695
0,highway map,,0.3658679723739624,"0.2131, 0.1837, 0.2011, 0.2011, 0.2011",0.9484150558710098
0,tapered floating point representation,,0.3134083151817322,"0.2418, 0.2371, 0.1687, 0.1184, 0.2339",0.8216003626585007
0,modern decision,,0.11008685827255249,"0.2176, 0.0586, 0.2413, 0.2413, 0.2413",0.7973169684410095
0,often inefficient,,0.0,"0.1144, 0.1868, 0.2329, 0.2329, 0.2329",0.7787312269210815
0,playing cards,,0.0,"0.2031, 0.1657, 0.2104, 0.2104, 0.2104",0.8491913229227066
0,path expression,,0.43846026062965393,"0.2412, 0.0139, 0.2483, 0.2483, 0.2483",0.9290624931454659
0,fixed capacity,,0.14891494810581207,"0.1933, 0.2355, 0.1904, 0.1904, 0.1904",0.8593885898590088
0,programming languages provide,,0.0,"0.2436, 0.2416, 0.0161, 0.2493, 0.2493",0.6052696704864502
0,unknown foreign language,,0.0,"0.1204, 0.2178, 0.1874, 0.2372, 0.2372",0.8238305002450943
0,category correspond,,0.0,"0.1990, 0.0653, 0.2452, 0.2452, 0.2452",0.9225789085030556
0,recently hired engineer huican zhu,,0.0,"0.2032, 0.2154, 0.2240, 0.2079, 0.1495",0.8921832963824272
0,1 architectural view model,,0.09171167016029358,"0.2112, 0.2410, 0.1303, 0.1687, 0.2487",0.7893211543560028
0,using video game rehabilitation,,0.0,"0.0668, 0.2279, 0.2244, 0.2322, 0.2487",0.7334671318531036
0,systemic functional linguistics,,0.0,"0.0985, 0.2037, 0.2034, 0.2472, 0.2472",0.8720023781061172
0,various funds,,0.0,"0.0852, 0.2025, 0.2375, 0.2375, 0.2375",0.8947404697537422
0,set topology,,0.4219471216201782,"0.0832, 0.2305, 0.2288, 0.2288, 0.2288",0.9634668603539467
0,would clarify,,0.0,"0.1776, 0.0921, 0.2434, 0.2434, 0.2434",0.812358483672142
0,mechanical systems,,0.08881478011608124,"0.2323, 0.0714, 0.2321, 0.2321, 0.2321",0.6826060116291046
0,nbcu property reboots,,0.0,"0.1728, 0.2341, 0.1397, 0.2266, 0.2266",0.8535823822021484
0,first argument,,0.0,"0.0497, 0.2084, 0.2473, 0.2473, 0.2473",0.8613768517971039
0,required information content,,0.04557115212082863,"0.2011, 0.0996, 0.2016, 0.2489, 0.2489",0.6845963299274445
0,simply assigned,,0.0,"0.0951, 0.1661, 0.2462, 0.2462, 0.2462",0.9120221808552742
0,automated personal assistant,,0.0,"0.2344, 0.0578, 0.2082, 0.2498, 0.2498",0.7063581645488739
0,creating objects without,,0.0,"0.2265, 0.2299, 0.0458, 0.2489, 0.2489",0.7921006828546524
0,communication protocol developed,,0.0,"0.2457, 0.2405, 0.0157, 0.2491, 0.2491",0.7041685581207275
0,randomization function always performed,,0.0,"0.2495, 0.2364, 0.2143, 0.0506, 0.2493",0.8598039150238037
0,video game rehabilitation focuses,,0.0,"0.2432, 0.2328, 0.2112, 0.0662, 0.2466",0.7268503308296204
0,primary motivation,,0.11929503083229065,"0.1549, 0.1200, 0.2417, 0.2417, 0.2417",0.9195068851113319
0,consistent idea,,0.08968876302242279,"0.2331, 0.0320, 0.2450, 0.2450, 0.2450",0.8029068261384964
0,data visualization refers,,0.0,"0.2457, 0.2376, 0.0169, 0.2499, 0.2499",0.67148557305336
0,order function twice takes,,0.0,"0.2468, 0.2404, 0.2389, 0.0242, 0.2496",0.9595505744218826
0,occupy space,,0.0,"0.0407, 0.2347, 0.2416, 0.2416, 0.2416",0.8186042755842209
0,vincenzo loia,,0.0,"0.1304, 0.1667, 0.2343, 0.2343, 0.2343",0.9310426265001297
0,one sub,,0.0,"0.0258, 0.2288, 0.2484, 0.2484, 0.2484",0.87359918653965
0,new key,,0.1997598558664322,"0.0981, 0.1727, 0.2431, 0.2431, 0.2431",0.8949839174747467
0,monitoring memory access,,0.37355369329452515,"0.1734, 0.2034, 0.1306, 0.2463, 0.2463",0.642784059047699
0,programming language concepts,,0.0,"0.2432, 0.2388, 0.0192, 0.2494, 0.2494",0.5500039458274841
0,different classes,,0.0,"0.0620, 0.2334, 0.2349, 0.2349, 0.2349",0.8142356872558594
0,scalar multiplication,,0.34593796730041504,"0.2298, 0.1584, 0.2039, 0.2039, 0.2039",0.8729636073112488
0,solving optimization problems,,0.3424961566925049,"0.1789, 0.1928, 0.1325, 0.2480, 0.2480",0.8172066062688828
0,basic form,,0.29954397678375244,"0.2219, 0.0447, 0.2445, 0.2445, 0.2445",0.8516799807548523
0,strict definition,,0.0,"0.2375, 0.0645, 0.2327, 0.2327, 0.2327",0.9359833896160126
0,system tries,,0.0,"0.1748, 0.0898, 0.2451, 0.2451, 0.2451",0.5608552098274231
0,computed independently,,0.227489173412323,"0.1896, 0.1130, 0.2325, 0.2325, 0.2325",0.870367243885994
0,path expressions,,0.23912785947322845,"0.2310, 0.0392, 0.2433, 0.2433, 0.2433",0.9668470472097397
0,facial expressions,,0.2771930694580078,"0.0868, 0.1678, 0.2485, 0.2485, 0.2485",0.9514326825737953
0,whether neurons use rate coding,,0.0213688425719738,"0.1986, 0.2338, 0.0789, 0.2488, 0.2399",0.8066630810499191
0,functional training,,0.4964260458946228,"0.1194, 0.1684, 0.2374, 0.2374, 0.2374",0.7525393515825272
0,mnist database contains 60,,0.0,"0.2289, 0.2063, 0.0694, 0.2463, 0.2491",0.8778060674667358
0,simulate human affects,,0.0,"0.2490, 0.2032, 0.0483, 0.2497, 0.2497",0.7782923877239227
0,oriented design,,0.20999664068222046,"0.2046, 0.0791, 0.2388, 0.2388, 0.2388",0.6492047309875488
0,major problem,,0.0,"0.1401, 0.2136, 0.2154, 0.2154, 0.2154",0.8262631446123123
0,quantum information theory became stagnant,,0.0,"0.2500, 0.2468, 0.2478, 0.0204, 0.2351",0.7703012228012085
0,calculation twice,,0.0,"0.2096, 0.1261, 0.2215, 0.2215, 0.2215",0.8753213062882423
0,iterator concept,,0.2978677749633789,"0.2457, 0.0221, 0.2441, 0.2441, 0.2441",0.8134019672870636
0,technique known,,0.0,"0.2411, 0.0142, 0.2482, 0.2482, 0.2482",0.7583326548337936
0,wake sleep,,0.0,"0.0715, 0.1946, 0.2446, 0.2446, 0.2446",0.9662344343960285
0,commonly known,,0.0,"0.1918, 0.0664, 0.2473, 0.2473, 0.2473",0.8136259913444519
0,developing peripheral nerve interfaces,,0.0,"0.0454, 0.2197, 0.2406, 0.2456, 0.2487",0.8820075616240501
0,ensemble properties,,0.11315678060054779,"0.1944, 0.2276, 0.1927, 0.1927, 0.1927",0.9525219202041626
0,reports defects,,0.0,"0.0746, 0.1981, 0.2425, 0.2425, 0.2425",0.7838698476552963
0,punch cards,,0.0,"0.1423, 0.1732, 0.2282, 0.2282, 0.2282",0.843341052532196
0,either discrete,,0.0,"0.0209, 0.2454, 0.2446, 0.2446, 0.2446",0.7853051424026489
0,algorithms for recovery and isolation exploiting semantics,,0.0,"0.2486, 0.1465, 0.2220, 0.1414, 0.2415",0.7506731897592545
0,alternative terms,,0.0,"0.0622, 0.2041, 0.2446, 0.2446, 0.2446",0.805237203836441
0,business stakeholders,,0.0,"0.1220, 0.1428, 0.2451, 0.2451, 0.2451",0.8433268517255783
0,base class,,0.24931973218917847,"0.1872, 0.1974, 0.2052, 0.2052, 0.2052",0.8763139396905899
0,lens movement,,0.02731722965836525,"0.1688, 0.1985, 0.2109, 0.2109, 0.2109",0.9789556059986353
0,alliance of digital humanities organizations,,0.0,"0.2488, 0.2218, 0.2235, 0.1786, 0.1273",0.62654709815979
0,scale optimization,,0.2643711566925049,"0.2388, 0.1773, 0.1946, 0.1946, 0.1946",0.7881981730461121
0,nodes compete,,0.12274207174777985,"0.2159, 0.1205, 0.2212, 0.2212, 0.2212",0.8759218156337738
0,technique used,,0.0,"0.2461, 0.0053, 0.2495, 0.2495, 0.2495",0.7438620924949646
0,simple low,,0.14631909132003784,"0.0611, 0.2355, 0.2345, 0.2345, 0.2345",0.8380173444747925
0,several waves,,0.0,"0.1015, 0.2254, 0.2244, 0.2244, 0.2244",0.9509527273476124
0,artificial consciousness concepts,,0.07893899083137512,"0.2305, 0.2014, 0.0700, 0.2490, 0.2490",0.7196172177791595
0,two normalized density matrices,,0.0,"0.0406, 0.2325, 0.2492, 0.2421, 0.2356",0.9266790822148323
0,high channel correlation,,0.3589147627353668,"0.2275, 0.1364, 0.2168, 0.2096, 0.2096",0.868450790643692
0,researchers study multi,,0.0,"0.1852, 0.0823, 0.2362, 0.2481, 0.2481",0.6840839982032776
0,also enabled,,0.0,"0.0460, 0.2081, 0.2486, 0.2486, 0.2486",0.7967275232076645
0,methods including,,0.0,"0.2409, 0.0103, 0.2496, 0.2496, 0.2496",0.8068332374095917
0,ensure referential integrity,,0.0,"0.1654, 0.1391, 0.1999, 0.2478, 0.2478",0.8243754208087921
0,using multiple processors,,0.0,"0.0734, 0.1931, 0.2351, 0.2492, 0.2492",0.6444510221481323
0,value creation,,0.0,"0.2407, 0.0186, 0.2469, 0.2469, 0.2469",0.8036707937717438
0,quantum physics,,0.056979596614837646,"0.2399, 0.2459, 0.1714, 0.1714, 0.1714",0.7642549127340317
0,recursively dividing,,0.44524309039115906,"0.2262, 0.0505, 0.2411, 0.2411, 0.2411",0.8607188761234283
0,three parts,,0.0,"0.2057, 0.1017, 0.2309, 0.2309, 0.2309",0.823497474193573
0,hospital environments,,0.09058248996734619,"0.0625, 0.2021, 0.2451, 0.2451, 0.2451",0.837809756398201
0,entangling operations,,0.20948663353919983,"0.2376, 0.0342, 0.2427, 0.2427, 0.2427",0.871242955327034
0,past data breaches,,0.0,"0.1545, 0.1726, 0.1735, 0.2498, 0.2498",0.7333139479160309
0,implement dynamic sets,,0.0035225339233875275,"0.1370, 0.2103, 0.1615, 0.2456, 0.2456",0.9808581788092852
0,single value,,0.14811719954013824,"0.1703, 0.1644, 0.2218, 0.2218, 0.2218",0.8944480940699577
0,fuzzy control system uses 12 inputs,,0.0,"0.2483, 0.2485, 0.2385, 0.0320, 0.2327",0.818995475769043
0,least one member,,0.0,"0.2290, 0.0538, 0.2211, 0.2481, 0.2481",0.8777481690049171
0,recently suggested,,0.0,"0.1452, 0.1086, 0.2487, 0.2487, 0.2487",0.7980745881795883
0,continuous values,,0.09129762649536133,"0.2161, 0.1949, 0.1963, 0.1963, 0.1963",0.8932284787297249
0,computability logic homepage comprehensive survey,,0.0,"0.2490, 0.2397, 0.2345, 0.1703, 0.1065",0.593389481306076
0,dependent choices,,0.0,"0.1077, 0.1520, 0.2468, 0.2468, 0.2468",0.9444065950810909
0,least linear,,0.2964993119239807,"0.0628, 0.2284, 0.2363, 0.2363, 0.2363",0.8712161779403687
0,understanding significant relationships among,,0.0,"0.1714, 0.2152, 0.2373, 0.1279, 0.2481",0.8905559927225113
0,pandemic crisis management,,0.0,"0.1569, 0.1600, 0.1886, 0.2473, 0.2473",0.8181853592395782
0,another data,,0.0,"0.0852, 0.1683, 0.2488, 0.2488, 0.2488",0.6355529129505157
0,another feature,,0.0,"0.0680, 0.1884, 0.2479, 0.2479, 0.2479",0.6636398434638977
0,favor composition,,0.0,"0.0463, 0.2225, 0.2437, 0.2437, 0.2437",0.7005433142185211
0,provide motivation,,0.0,"0.1267, 0.1394, 0.2446, 0.2446, 0.2446",0.863904595375061
0,traditional modelling,,0.45639246702194214,"0.2115, 0.0682, 0.2401, 0.2401, 0.2401",0.7835056632757187
0,unscrambler x product formulation,,0.0,"0.2487, 0.2218, 0.1578, 0.1219, 0.2497",0.8318379372358322
0,representing floating,,0.06867311894893646,"0.1689, 0.1837, 0.2158, 0.2158, 0.2158",0.8855682089924812
0,several number bases,,0.0,"0.0498, 0.2308, 0.2453, 0.2371, 0.2371",0.8725737184286118
0,general functional gradient boosting perspective,,0.3876878619194031,"0.2351, 0.2287, 0.2379, 0.1744, 0.1239",0.8571648746728897
0,numerical analysis include,,0.0,"0.2496, 0.2264, 0.0250, 0.2495, 0.2495",0.725366622209549
0,trace distance appears,,0.0,"0.2339, 0.2487, 0.0214, 0.2480, 0.2480",0.917616456747055
0,double hashing becomes linear,,0.0,"0.2498, 0.2429, 0.0158, 0.2416, 0.2499",0.9637791030108929
0,answer given,,0.0,"0.1764, 0.0802, 0.2478, 0.2478, 0.2478",0.7735954970121384
0,probability density proportional,,0.17754703760147095,"0.2363, 0.2451, 0.2020, 0.1583, 0.1583",0.8371136039495468
0,conditional dependencies via,,0.3100670576095581,"0.2024, 0.1939, 0.1051, 0.2493, 0.2493",0.8876779302954674
0,security vulnerabilities documented,,0.0,"0.2431, 0.2432, 0.0200, 0.2468, 0.2468",0.7604616731405258
0,static predecessor problem,,0.21077029407024384,"0.2403, 0.0448, 0.2215, 0.2467, 0.2467",0.8666425943374634
0,stockholm university,,0.0,"0.1686, 0.0959, 0.2452, 0.2452, 0.2452",0.70094895362854
0,nearly constant time per retrieval,,0.3623148202896118,"0.2101, 0.2458, 0.2286, 0.2191, 0.0964",0.8394162207841873
0,special object,,0.09496048092842102,"0.1759, 0.1443, 0.2266, 0.2266, 0.2266",0.71880704164505
0,call us,,0.08058826625347137,"0.0976, 0.1801, 0.2408, 0.2408, 0.2408",0.9431292824447155
0,database schema design approach,,0.0,"0.2493, 0.2444, 0.2267, 0.0297, 0.2499",0.7530341446399689
0,satellite imagery,,0.25999438762664795,"0.2340, 0.0643, 0.2339, 0.2339, 0.2339",0.9023284167051315
0,world ought,,0.0,"0.2381, 0.0194, 0.2475, 0.2475, 0.2475",0.9664109647274017
0,various interfaces representing,,0.0,"0.1042, 0.2290, 0.1841, 0.2414, 0.2414",0.7466667890548706
0,avoid crawling,,0.0,"0.0270, 0.2325, 0.2468, 0.2468, 0.2468",0.852445051074028
0,bring together,,0.0,"0.2180, 0.0522, 0.2433, 0.2433, 0.2433",0.9894098816439509
0,get agreement,,0.09960687160491943,"0.1472, 0.1147, 0.2460, 0.2460, 0.2460",0.9673827588558197
0,generates animated imagery based,,0.0,"0.2464, 0.2423, 0.2012, 0.0601, 0.2500",0.7398777604103088
0,software design usually involves problem,,0.0,"0.2480, 0.2480, 0.2320, 0.0262, 0.2457",0.6294364631175995
0,backfitting algorithm explicitly,,0.07656386494636536,"0.2417, 0.2154, 0.0439, 0.2495, 0.2495",0.8034626096487045
0,unique features,,0.0,"0.1799, 0.0934, 0.2422, 0.2422, 0.2422",0.8238300234079361
0,site request forgery,,0.0,"0.2106, 0.1558, 0.1372, 0.2482, 0.2482",0.875855453312397
0,astos aerospace trajectory optimization software,,0.3101930022239685,"0.1890, 0.2322, 0.2471, 0.2304, 0.1013",0.7564181536436081
0,engineering design,,0.17867453396320343,"0.1722, 0.0976, 0.2434, 0.2434, 0.2434",0.6240268051624298
0,never return,,0.0,"0.1454, 0.1281, 0.2422, 0.2422, 0.2422",0.9943700595758855
0,fuzzy control system uses 13 rules,,0.0,"0.2486, 0.2488, 0.2403, 0.0523, 0.2101",0.8209271878004074
0,lecture notes,,0.0,"0.1921, 0.0780, 0.2433, 0.2433, 0.2433",0.7328057885169983
0,machine learning algorithm studied since 1970s,,0.0,"0.2498, 0.2462, 0.2436, 0.1468, 0.1136",0.6643519699573517
0,carl friedrich gauss,,0.0,"0.2168, 0.1089, 0.1803, 0.2470, 0.2470",0.9598490409553051
0,computer media,,0.24200192093849182,"0.1891, 0.0664, 0.2482, 0.2482, 0.2482",0.3526938557624817
0,take hold,,0.0,"0.0130, 0.2461, 0.2469, 0.2469, 0.2469",0.9683378748595715
0,topological sweeping,,0.021088894456624985,"0.2382, 0.0975, 0.2214, 0.2214, 0.2214",0.9539256803691387
0,human movement primarily used,,0.0,"0.2489, 0.2484, 0.1796, 0.0732, 0.2498",0.8398031890392303
0,two types,,0.0,"0.1081, 0.1785, 0.2378, 0.2378, 0.2378",0.7968740016222
0,metric k-center,,0.13354109227657318,"0.2434, 0.1932, 0.1878, 0.1878, 0.1878",0.88083066791296
0,avoids recomputing,,0.0,"0.0613, 0.2143, 0.2415, 0.2415, 0.2415",0.7865516543388367
0,best predictor,,0.0,"0.0549, 0.2160, 0.2430, 0.2430, 0.2430",0.8193066716194153
0,maximum profit,,0.20269563794136047,"0.2468, 0.1888, 0.1881, 0.1881, 0.1881",0.9301260858774185
0,authors use,,0.0,"0.1900, 0.0628, 0.2491, 0.2491, 0.2491",0.803750216960907
0,communications security,,0.4025704860687256,"0.1116, 0.1828, 0.2352, 0.2352, 0.2352",0.7029575109481812
0,abstract question,,0.0,"0.1904, 0.0869, 0.2409, 0.2409, 0.2409",0.8938002809882164
0,early version,,0.0,"0.0570, 0.2003, 0.2475, 0.2475, 0.2475",0.7712672650814056
0,learning performed,,0.0,"0.1928, 0.0619, 0.2484, 0.2484, 0.2484",0.735192209482193
0,kinetic energy,,0.03607477992773056,"0.2326, 0.2106, 0.1856, 0.1856, 0.1856",0.8840078637003899
0,many divide,,0.0,"0.1057, 0.2005, 0.2313, 0.2313, 0.2313",0.8066210150718689
0,often seeks,,0.0,"0.2062, 0.0610, 0.2442, 0.2442, 0.2442",0.8732023686170578
0,develops methodologies,,0.028269562870264053,"0.1216, 0.1327, 0.2486, 0.2486, 0.2486",0.6958755552768707
0,alexander stepanov,,0.14431774616241455,"0.1741, 0.1076, 0.2394, 0.2394, 0.2394",0.9375916533172131
0,mathematical objects,,0.029114965349435806,"0.2295, 0.1033, 0.2224, 0.2224, 0.2224",0.7325107753276825
0,different aspect,,0.0,"0.0950, 0.1762, 0.2430, 0.2430, 0.2430",0.7782948464155197
0,byte addition,,0.045328084379434586,"0.2305, 0.0320, 0.2458, 0.2458, 0.2458",0.8051067441701889
0,solution within,,0.01562199741601944,"0.2071, 0.0473, 0.2485, 0.2485, 0.2485",0.8456917852163315
0,universal communication format,,0.2254585325717926,"0.2332, 0.1329, 0.1626, 0.2357, 0.2357",0.7177471816539764
0,variants obtained,,0.0,"0.1996, 0.0570, 0.2478, 0.2478, 0.2478",0.8698844015598297
0,highly tailored,,0.0,"0.2047, 0.1409, 0.2181, 0.2181, 0.2181",0.8205792456865311
0,concepts related,,0.0,"0.1850, 0.0711, 0.2480, 0.2480, 0.2480",0.7209018468856812
0,latent variables organized layer,,0.0,"0.2093, 0.2215, 0.1146, 0.2063, 0.2482",0.8847803026437759
0,special relativity,,0.15953338146209717,"0.1570, 0.2449, 0.1994, 0.1994, 0.1994",0.915708102285862
0,compute nontrivial problems using,,0.0,"0.2455, 0.2458, 0.2394, 0.0194, 0.2498",0.8963407948613167
0,inductive principle,,0.2628777325153351,"0.1922, 0.1857, 0.2074, 0.2074, 0.2074",0.8740836679935455
0,natural language sentence,,0.07832051813602448,"0.2312, 0.2137, 0.0660, 0.2446, 0.2446",0.8583332300186157
0,fewer calculations,,0.11223624646663666,"0.1869, 0.2235, 0.1965, 0.1965, 0.1965",0.8332414329051971
0,entanglement origin,,0.21538691222667694,"0.2295, 0.0365, 0.2447, 0.2447, 0.2447",0.8363202214241028
0,osaka university developed,,0.0,"0.2447, 0.2261, 0.0341, 0.2476, 0.2476",0.7113173604011536
0,see characteristic function,,0.13072192668914795,"0.1159, 0.2035, 0.1848, 0.2479, 0.2479",0.8706411570310593
0,instances seen,,0.0,"0.1685, 0.0992, 0.2441, 0.2441, 0.2441",0.8590124398469925
0,less died,,0.0,"0.1742, 0.1092, 0.2389, 0.2389, 0.2389",0.9396767392754555
0,unpredictably different function every time,,0.0,"0.2369, 0.1429, 0.1918, 0.2078, 0.2205",0.892290860414505
0,minimum information required,,0.22793830931186676,"0.2450, 0.1404, 0.1320, 0.2413, 0.2413",0.7779408395290375
0,occur first,,0.0,"0.1884, 0.0650, 0.2489, 0.2489, 0.2489",0.9012013450264931
0,relative position,,0.11024558544158936,"0.1458, 0.2004, 0.2180, 0.2180, 0.2180",0.963546447455883
0,partial correctness,,0.0,"0.1588, 0.1498, 0.2305, 0.2305, 0.2305",0.9077127203345299
0,speech community,,0.21562814712524414,"0.1967, 0.1069, 0.2321, 0.2321, 0.2321",0.9143324941396713
0,technology mining area illustrates,,0.0,"0.2465, 0.2386, 0.2337, 0.0313, 0.2499",0.6002991199493408
0,princeton invented,,0.0,"0.2443, 0.0134, 0.2474, 0.2474, 0.2474",0.7246178090572357
0,location awareness,,0.0,"0.2226, 0.0384, 0.2463, 0.2463, 0.2463",0.8767287507653236
0,dimensional array would,,0.0,"0.2480, 0.2141, 0.0658, 0.2361, 0.2361",0.925898477435112
0,many interdisciplinary socio,,0.0,"0.2050, 0.1682, 0.1665, 0.2301, 0.2301",0.6462673842906952
0,golden ratio encoder used,,0.0,"0.2481, 0.2494, 0.2463, 0.0067, 0.2494",0.7437454462051392
0,several situations,,0.0,"0.1397, 0.1460, 0.2381, 0.2381, 0.2381",0.8469472378492355
0,discrete mathematics theory  third,,0.16514962911605835,"0.2491, 0.2440, 0.1933, 0.2478, 0.0658",0.7881590574979782
0,may also include prior knowledge,,0.0,"0.2476, 0.2205, 0.1172, 0.1947, 0.2200",0.7958241105079651
0,single temperature,,0.045593008399009705,"0.1863, 0.2446, 0.1897, 0.1897, 0.1897",0.9389254301786423
0,offer advantages,,0.13621670007705688,"0.1621, 0.1076, 0.2434, 0.2434, 0.2434",0.8209650069475174
0,provide programmable hardware functionality,,0.22283606231212616,"0.1707, 0.2311, 0.2099, 0.1399, 0.2484",0.4945327043533325
0,satisfies markov properties,,0.01830032840371132,"0.0382, 0.2423, 0.2446, 0.2374, 0.2374",0.8482497483491898
0,water phase diagram,,0.3615507483482361,"0.1760, 0.2228, 0.1702, 0.2155, 0.2155",0.848390132188797
0,configured weight,,0.25352269411087036,"0.1554, 0.2428, 0.2006, 0.2006, 0.2006",0.9726310390979052
0,additional writes,,0.0,"0.2011, 0.0549, 0.2480, 0.2480, 0.2480",0.76078000664711
0,fully automated mode,,0.41427338123321533,"0.2229, 0.0860, 0.1977, 0.2467, 0.2467",0.774810865521431
0,reduce expensive read operations,,0.0,"0.2417, 0.2388, 0.1102, 0.1677, 0.2415",0.7061269879341125
0,leo breiman,,0.0,"0.1938, 0.1700, 0.2121, 0.2121, 0.2121",0.9933350970968604
0,many practical problems tends,,0.0,"0.2312, 0.2290, 0.2200, 0.0760, 0.2437",0.6942178905010223
0,sorted array using,,0.0,"0.2464, 0.2439, 0.0107, 0.2495, 0.2495",0.9561124816536903
0,j  multiplies another matrix,,0.0,"0.2359, 0.2493, 0.2334, 0.0432, 0.2382",0.9415857791900635
0,wireless communications environment,,0.10002245008945465,"0.2210, 0.1757, 0.1119, 0.2458, 0.2458",0.8437394499778748
0,expected theoretical behavior,,0.24367937445640564,"0.1934, 0.2125, 0.1057, 0.2442, 0.2442",0.8046600222587585
0,particular word,,0.0,"0.1053, 0.1536, 0.2470, 0.2470, 0.2470",0.7829912304878235
0,standards organizations,,0.0,"0.2245, 0.0555, 0.2400, 0.2400, 0.2400",0.7342449128627777
0,right relative,,0.0,"0.0575, 0.2221, 0.2401, 0.2401, 0.2401",0.9693396985530853
0,top level,,0.25137579441070557,"0.0776, 0.2462, 0.2254, 0.2254, 0.2254",0.7657195776700974
0,deliver input values,,0.1877114325761795,"0.1192, 0.1744, 0.2176, 0.2444, 0.2444",0.8904996439814568
0,algorithms like,,0.0,"0.2366, 0.0149, 0.2495, 0.2495, 0.2495",0.6560108065605164
0,current capabilities,,0.040260326117277145,"0.1920, 0.1944, 0.2045, 0.2045, 0.2045",0.632454514503479
0,raise speed,,0.07239587604999542,"0.2275, 0.2465, 0.1753, 0.1753, 0.1753",0.8566114753484726
0,medical reasons,,0.0,"0.0328, 0.2213, 0.2486, 0.2486, 0.2486",0.9392154663801193
0,superconducting computing research,,0.34962403774261475,"0.2497, 0.1884, 0.0635, 0.2492, 0.2492",0.6598595678806305
0,better phrase,,0.0,"0.1447, 0.1263, 0.2430, 0.2430, 0.2430",0.8774352744221687
0,deemed worthwhile,,0.0,"0.0976, 0.1627, 0.2466, 0.2466, 0.2466",0.9496426098048687
0,intolerably bad,,0.0,"0.1607, 0.1244, 0.2383, 0.2383, 0.2383",0.9653340280056
0,singleton set,,0.16322043538093567,"0.2215, 0.0660, 0.2375, 0.2375, 0.2375",0.9339142143726349
0,seung proposed nmf mainly,,0.0,"0.2466, 0.0922, 0.2276, 0.1851, 0.2486",0.7924533784389496
0,certain structure,,0.0,"0.0848, 0.2435, 0.2239, 0.2239, 0.2239",0.7605625987052917
0,car alarms,,0.11454373598098755,"0.1546, 0.1367, 0.2362, 0.2362, 0.2362",0.9430519007146358
0,emergent gauge field,,0.08543258905410767,"0.0594, 0.2460, 0.2168, 0.2389, 0.2389",0.9261495918035507
0,heterogeneous environment,,0.3770056366920471,"0.2239, 0.0697, 0.2355, 0.2355, 0.2355",0.8822070509195328
0,specifications supporting,,0.11018837988376617,"0.1907, 0.1693, 0.2133, 0.2133, 0.2133",0.6932443380355835
0,instance zero rise time,,0.0,"0.1339, 0.2341, 0.1560, 0.2287, 0.2472",0.803449958562851
0,recorded verbal warning,,0.0,"0.2255, 0.0661, 0.2123, 0.2481, 0.2481",0.996163918171078
0,another possible distinction,,0.0,"0.1800, 0.2069, 0.1163, 0.2484, 0.2484",0.7117469012737274
0,backfitting algorithm involving projections onto,,0.0,"0.2498, 0.2490, 0.1602, 0.2364, 0.1045",0.8547602146863937
0,circuit evaluation,,0.44893884658813477,"0.2088, 0.0681, 0.2410, 0.2410, 0.2410",0.613727480173111
0,many hypothesized types,,0.0,"0.1411, 0.2058, 0.1999, 0.2266, 0.2266",0.8114181607961655
0,performing gaussian elimination,,0.29761695861816406,"0.2068, 0.2034, 0.1068, 0.2415, 0.2415",0.9262033030390739
0,innovative problems,,0.0,"0.0885, 0.1781, 0.2445, 0.2445, 0.2445",0.6789713799953461
0,particularly important,,0.0,"0.0981, 0.1638, 0.2460, 0.2460, 0.2460",0.7754971385002136
0,primarily performing,,0.0,"0.0759, 0.2205, 0.2346, 0.2346, 0.2346",0.9013158828020096
0,propagated throughout,,0.0,"0.2156, 0.0420, 0.2475, 0.2475, 0.2475",0.8445747792720795
0,design philosophy,,0.18442916870117188,"0.1688, 0.1294, 0.2339, 0.2339, 0.2339",0.7238541841506958
0,current allocation,,0.4260851740837097,"0.1880, 0.1408, 0.2237, 0.2237, 0.2237",0.8906133621931076
0,hui wang,,0.16089943051338196,"0.2125, 0.0729, 0.2382, 0.2382, 0.2382",0.8699915260076523
0,origin policy,,0.2679620087146759,"0.1591, 0.1067, 0.2447, 0.2447, 0.2447",0.9587743282318115
0,programmer intends,,0.0,"0.2243, 0.0306, 0.2484, 0.2484, 0.2484",0.6105513274669647
0,symmetric interpretations,,0.19397994875907898,"0.2459, 0.0611, 0.2310, 0.2310, 0.2310",0.9297154471278191
0,based format,,0.0300668403506279,"0.0574, 0.2001, 0.2475, 0.2475, 0.2475",0.6597186625003815
0,certain linear system,,0.0706748515367508,"0.0822, 0.2364, 0.1867, 0.2473, 0.2473",0.6861520707607269
0,order predicate calculusis,,0.3238184452056885,"0.1670, 0.1690, 0.1878, 0.2381, 0.2381",0.9644014909863472
0,user experience design evolved,,0.0,"0.2291, 0.1969, 0.2158, 0.1089, 0.2492",0.7176109552383423
0,active networking relates,,0.0,"0.2450, 0.2096, 0.0471, 0.2492, 0.2492",0.7961713075637817
0,would like,,0.0,"0.2271, 0.0352, 0.2459, 0.2459, 0.2459",0.8473826795816422
0,purely theoretical entities,,0.0,"0.2107, 0.2201, 0.0844, 0.2424, 0.2424",0.7380566895008087
0,single counterexample,,0.19725032150745392,"0.1372, 0.1929, 0.2233, 0.2233, 0.2233",0.8978191390633583
0,ambient networks comes,,0.0,"0.2470, 0.2408, 0.0124, 0.2499, 0.2499",0.7692669630050659
0,found use throughout,,0.0,"0.2351, 0.0784, 0.1875, 0.2495, 0.2495",0.7453241348266602
0,weighted random early detection,,0.0,"0.2498, 0.2486, 0.1302, 0.1218, 0.2496",0.8069122135639191
0,repeatedly calculating,,0.0,"0.1846, 0.1454, 0.2233, 0.2233, 0.2233",0.8063242137432098
0,logical structure,,0.2690221071243286,"0.1003, 0.2255, 0.2247, 0.2247, 0.2247",0.7948127090930939
0,theorem proving,,0.14024120569229126,"0.2293, 0.0434, 0.2424, 0.2424, 0.2424",0.9207979962229729
0,different radio technologies,,0.0,"0.1111, 0.2210, 0.1805, 0.2437, 0.2437",0.7656775563955307
0,restricted subset,,0.3600500226020813,"0.1900, 0.1772, 0.2109, 0.2109, 0.2109",0.9618701376020908
0,support vector machines website,,0.3808017671108246,"0.2492, 0.2498, 0.2102, 0.0415, 0.2493",0.6337338089942932
0,frequently used,,0.0,"0.2406, 0.0136, 0.2486, 0.2486, 0.2486",0.6790831089019775
0,usually implemented,,0.0,"0.2141, 0.0501, 0.2453, 0.2453, 0.2453",0.781971886754036
0,high likelihood,,0.1716834157705307,"0.2291, 0.1744, 0.1988, 0.1988, 0.1988",0.791878417134285
0,closely intertwined research literature,,0.0,"0.2454, 0.2417, 0.1279, 0.1367, 0.2484",0.6731423437595367
0,design modifications must,,0.0,"0.2319, 0.1904, 0.0819, 0.2479, 0.2479",0.7291958928108215
0,assigning local automatic variables,,0.0,"0.2462, 0.2251, 0.1315, 0.1477, 0.2494",0.9768693801015615
0,host configurations,,0.2832185626029968,"0.1349, 0.2246, 0.2135, 0.2135, 0.2135",0.8790783584117889
0,hand written assembly code,,0.05766797438263893,"0.2450, 0.1330, 0.1940, 0.1789, 0.2491",0.7168120741844177
0,large integers,,0.015991466119885445,"0.2482, 0.2445, 0.1691, 0.1691, 0.1691",0.8840960338711739
0,oriented analysis,,0.3599572777748108,"0.1993, 0.0647, 0.2453, 0.2453, 0.2453",0.6160149276256561
0,candidate satisfies,,0.0,"0.1325, 0.1312, 0.2454, 0.2454, 0.2454",0.9596241228282452
0,called incremental encoding,,0.29142653942108154,"0.1579, 0.2088, 0.1346, 0.2493, 0.2493",0.7893752902746201
0,mathematical tool designed,,0.0,"0.2474, 0.1844, 0.0709, 0.2486, 0.2486",0.6147458255290985
0,single instruction,,0.3616284132003784,"0.1818, 0.1215, 0.2322, 0.2322, 0.2322",0.6690944135189056
0,specially constructed database structures,,0.0,"0.1666, 0.1514, 0.1885, 0.2464, 0.2471",0.7213982939720154
0,specific evaluations devoted,,0.0,"0.1446, 0.1852, 0.1787, 0.2457, 0.2457",0.70106640458107
0,relation holds,,0.06827042996883392,"0.1529, 0.2367, 0.2035, 0.2035, 0.2035",0.9138501137495041
0,new definition,,0.0,"0.2020, 0.0579, 0.2467, 0.2467, 0.2467",0.8615435659885406
0,therefore crucial,,0.0,"0.0874, 0.1727, 0.2466, 0.2466, 0.2466",0.7772925645112991
0,ticket controller,,0.21914121508598328,"0.2271, 0.2020, 0.1903, 0.1903, 0.1903",0.9527907148003578
0,multilinear form,,0.3100895285606384,"0.2431, 0.0515, 0.2351, 0.2351, 0.2351",0.9623159617185593
0,topological order,,0.30412083864212036,"0.2388, 0.0623, 0.2329, 0.2329, 0.2329",0.9563204236328602
0,becoming increasingly important,,0.0,"0.1681, 0.1602, 0.1736, 0.2491, 0.2491",0.8208420425653458
0,one extremely important characteristic,,0.0,"0.1276, 0.2351, 0.1448, 0.2450, 0.2475",0.8012249618768692
0,speaker diarisation one,,0.0,"0.2141, 0.2418, 0.0496, 0.2473, 0.2473",0.780026838183403
0,systematics application,,0.0,"0.0917, 0.1623, 0.2487, 0.2487, 0.2487",0.697469174861908
0,thus increasing,,0.0,"0.0392, 0.2164, 0.2481, 0.2481, 0.2481",0.8099672794342041
0,large values,,0.00941760279238224,"0.2474, 0.2276, 0.1750, 0.1750, 0.1750",0.8839210495352745
0,incomplete cholesky factorization,,0.14224877953529358,"0.1007, 0.2108, 0.2027, 0.2429, 0.2429",0.927495077252388
0,molecular motion,,0.21159839630126953,"0.2013, 0.2225, 0.1921, 0.1921, 0.1921",0.824180081486702
0,underlying technology,,0.0,"0.0991, 0.1550, 0.2486, 0.2486, 0.2486",0.45143795013427734
0,also called linear optimization,,0.0,"0.1723, 0.0921, 0.2433, 0.2427, 0.2497",0.8287602663040161
0,means clustering aims,,0.0,"0.1937, 0.2470, 0.0603, 0.2495, 0.2495",0.7554662227630615
0,support digital research,,0.0,"0.2342, 0.1767, 0.0923, 0.2484, 0.2484",0.5544872581958771
0,based methods,,0.21053652465343475,"0.1424, 0.1127, 0.2483, 0.2483, 0.2483",0.7406960129737854
0,symbolic dynamics,,0.41921180486679077,"0.0839, 0.2248, 0.2304, 0.2304, 0.2304",0.7943563163280487
0,amplitude integrated electroencephalography,,0.09576167166233063,"0.2429, 0.0761, 0.2176, 0.2317, 0.2317",0.735931783914566
0,hyperbolically progress,,0.3585546314716339,"0.2382, 0.0494, 0.2375, 0.2375, 0.2375",0.8379146307706833
0,purpose computer algebra systems aim,,0.0,"0.2317, 0.2454, 0.2477, 0.2210, 0.0542",0.595174640417099
0,address windowing extensions coding example,,0.0,"0.2414, 0.2436, 0.2449, 0.2349, 0.0352",0.8906833305954933
0,architectures existed,,0.0,"0.2446, 0.0189, 0.2455, 0.2455, 0.2455",0.7240422666072845
0,function 2 calls function 3,,0.0,"0.2431, 0.2257, 0.1703, 0.1576, 0.2033",0.9562762454152107
0,situation awareness,,0.0,"0.2101, 0.0512, 0.2462, 0.2462, 0.2462",0.8684643805027008
0,improve efficiency,,0.0,"0.0434, 0.2420, 0.2382, 0.2382, 0.2382",0.7015903294086456
0,random structure,,0.13153688609600067,"0.2270, 0.2109, 0.1874, 0.1874, 0.1874",0.785756453871727
0,theoretical upper bound,,0.21962247788906097,"0.1579, 0.1693, 0.2359, 0.2184, 0.2184",0.8807347193360329
0,fashion electronics,,0.0,"0.0748, 0.2136, 0.2372, 0.2372, 0.2372",0.6346732974052429
0,usually considered part,,0.0,"0.2391, 0.0861, 0.1767, 0.2491, 0.2491",0.9773530066013336
0,also reveal,,0.0,"0.1295, 0.1216, 0.2496, 0.2496, 0.2496",0.7372227013111115
0,security vulnerability,,0.2276582419872284,"0.1640, 0.1851, 0.2170, 0.2170, 0.2170",0.7988572865724564
0,primary benefits,,0.0,"0.1275, 0.1404, 0.2440, 0.2440, 0.2440",0.8825294971466064
0,traditional empathic characteristics,,0.0,"0.2107, 0.1067, 0.1976, 0.2425, 0.2425",0.9963271545711905
0,typically evaluated,,0.0,"0.1668, 0.1078, 0.2418, 0.2418, 0.2418",0.736511766910553
0,formal specifications,,0.0,"0.1140, 0.2066, 0.2265, 0.2265, 0.2265",0.7668889611959457
0,frequency domain,,0.20205312967300415,"0.2446, 0.1964, 0.1863, 0.1863, 0.1863",0.786917507648468
0,person perceives,,0.0,"0.2329, 0.0192, 0.2493, 0.2493, 0.2493",0.9415158778429031
0,technical report,,0.0,"0.1972, 0.0678, 0.2450, 0.2450, 0.2450",0.5471977889537811
0,lexus interiors,,0.0,"0.0934, 0.1938, 0.2376, 0.2376, 0.2376",0.9387772530317307
0,whereas virtual reality completely replaces,,0.0,"0.2145, 0.2263, 0.2040, 0.1746, 0.1806",0.7865539193153381
0,function 3 calls function 1,,0.0,"0.2466, 0.2438, 0.2072, 0.1887, 0.1136",0.937491238117218
0,means clustering tends,,0.0,"0.1124, 0.2432, 0.1460, 0.2492, 0.2492",0.7804988771677017
0,apparently first used,,0.0,"0.2394, 0.1967, 0.0642, 0.2498, 0.2498",0.7363250553607941
0,based clustering produces complex models,,0.0,"0.2428, 0.2484, 0.1058, 0.2361, 0.1669",0.7666835784912109
0,bad behavior,,0.0,"0.1032, 0.1762, 0.2402, 0.2402, 0.2402",0.9379254020750523
0,classify boolean satisfiability problems,,0.40624532103538513,"0.1515, 0.1839, 0.1858, 0.2299, 0.2488",0.8508584052324295
0,others like millerrabin prove,,0.0,"0.2107, 0.1189, 0.2110, 0.2106, 0.2489",0.9903543367981911
0,proprietary microsoft technologies intended,,0.0,"0.2457, 0.2344, 0.2335, 0.0367, 0.2498",0.4899986982345581
0,thathachar introduced,,0.0,"0.2263, 0.0261, 0.2492, 0.2492, 0.2492",0.8717597275972366
0,limited set,,0.17389118671417236,"0.1925, 0.1346, 0.2243, 0.2243, 0.2243",0.9794281776994467
0,without using 3d maps,,0.0,"0.2018, 0.0608, 0.2442, 0.2441, 0.2491",0.8930523321032524
0,made faster,,0.0,"0.0731, 0.2209, 0.2354, 0.2354, 0.2354",0.7073900997638702
0,basic randomized complexity class,,0.4635011553764343,"0.2122, 0.2334, 0.2293, 0.0934, 0.2317",0.7213746011257172
0,providing shared access,,0.0,"0.1803, 0.1166, 0.2071, 0.2480, 0.2480",0.8199672847986221
0,exhibit either innate emotional capabilities,,0.0,"0.2441, 0.1538, 0.1413, 0.2159, 0.2448",0.9696041513234377
0,includes double hashing functionality,,0.0,"0.1407, 0.2475, 0.2040, 0.1586, 0.2492",0.9845539946109056
0,like instruction set architecture designed,,0.0,"0.2158, 0.2326, 0.2139, 0.2340, 0.1037",0.5938723981380463
0,comparison becomes,,0.0,"0.1943, 0.0598, 0.2486, 0.2486, 0.2486",0.8085246235132217
0,running slowly,,0.0,"0.1766, 0.1198, 0.2345, 0.2345, 0.2345",0.9180028289556503
0,remote touch controller,,0.25877752900123596,"0.2252, 0.0808, 0.2240, 0.2351, 0.2351",0.852770671248436
0,perform tasks,,0.0,"0.2319, 0.0471, 0.2403, 0.2403, 0.2403",0.7262250483036041
0,generated music plus visualization combinations,,0.0,"0.2390, 0.2245, 0.0983, 0.2060, 0.2323",0.7196669578552246
0,produce high,,0.0,"0.0625, 0.2444, 0.2310, 0.2310, 0.2310",0.8253303319215775
0,rising interest,,0.0,"0.0845, 0.1737, 0.2473, 0.2473, 0.2473",0.9233496189117432
0,second link field pointing,,0.0,"0.0649, 0.2240, 0.2424, 0.2248, 0.2439",0.9967887995298952
0,simplest metaheuristic,,0.35526740550994873,"0.1794, 0.1415, 0.2264, 0.2264, 0.2264",0.8070951104164124
0,gaussian elimination produces,,0.0,"0.2453, 0.2240, 0.0325, 0.2491, 0.2491",0.9429105967283249
0,also strongly subadditive,,0.0,"0.0271, 0.2412, 0.2378, 0.2470, 0.2470",0.857725203037262
0,serial dependencies,,0.0,"0.2238, 0.0604, 0.2386, 0.2386, 0.2386",0.9061873108148575
0,solving behaviour,,0.11285607516765594,"0.1915, 0.0659, 0.2475, 0.2475, 0.2475",0.8079902827739716
0,biology focused,,0.16958746314048767,"0.0894, 0.1737, 0.2457, 0.2457, 0.2457",0.6643324494361877
0,including underwater,,0.0,"0.0075, 0.2449, 0.2492, 0.2492, 0.2492",0.8148059397935867
0,narrative media,,0.0,"0.2194, 0.0427, 0.2459, 0.2459, 0.2459",0.7923838198184967
0,successively fitting parabolas,,0.0,"0.1945, 0.1690, 0.2169, 0.2098, 0.2098",0.9931997288949788
0,considered feasible,,0.0,"0.0354, 0.2253, 0.2464, 0.2464, 0.2464",0.7943370044231415
0,perform single,,0.0,"0.1979, 0.1756, 0.2088, 0.2088, 0.2088",0.9353037327528
0,excluded volume,,0.0,"0.0263, 0.2458, 0.2426, 0.2426, 0.2426",0.845944881439209
0,perfectly reconstructed,,0.05192350968718529,"0.2037, 0.0965, 0.2333, 0.2333, 0.2333",0.796476423740387
0,primary goal,,0.0,"0.1479, 0.1328, 0.2397, 0.2397, 0.2397",0.9538640975952148
0,approximate optimal solutions,,0.27099308371543884,"0.1962, 0.2181, 0.1234, 0.2312, 0.2312",0.9235217347741127
0,one per member,,0.0,"0.0572, 0.2299, 0.2182, 0.2473, 0.2473",0.8696330338716507
0,based applications,,0.1955481916666031,"0.1236, 0.1291, 0.2491, 0.2491, 0.2491",0.5340993106365204
0,order execution,,0.4693012535572052,"0.1556, 0.1208, 0.2412, 0.2412, 0.2412",0.8370382338762283
0,gambling sites also providing auditors,,0.0,"0.2493, 0.2398, 0.1016, 0.1673, 0.2421",0.8069577515125275
0,also implement boolean logic,,0.0,"0.1682, 0.1605, 0.2155, 0.2061, 0.2496",0.8455737382173538
0,meeting recordings,,0.0,"0.1260, 0.1524, 0.2405, 0.2405, 0.2405",0.7535705715417862
0,field include statistical relational learning,,0.0,"0.2482, 0.1056, 0.2449, 0.2350, 0.1663",0.7418946623802185
0,fledgling field,,0.0,"0.0700, 0.2098, 0.2401, 0.2401, 0.2401",0.9391807839274406
0,easiest operation,,0.23819468915462494,"0.2292, 0.0381, 0.2442, 0.2442, 0.2442",0.7524867057800293
0,wide variety,,0.0,"0.2371, 0.1922, 0.1903, 0.1903, 0.1903",0.8076002448797226
0,different programming languages,,0.17877301573753357,"0.1265, 0.1669, 0.2170, 0.2448, 0.2448",0.6160729229450226
0,facial affect detection,,0.0,"0.1724, 0.1216, 0.2065, 0.2497, 0.2497",0.9552671015262604
0,common language infrastructure standards,,0.0,"0.2131, 0.2303, 0.1124, 0.1986, 0.2455",0.6791614890098572
0,united nations,,0.0,"0.1976, 0.1622, 0.2134, 0.2134, 0.2134",0.8734603077173233
0,ante fulgosi published,,0.0,"0.2256, 0.2382, 0.0461, 0.2450, 0.2450",0.8776965439319611
0,allen newell,,0.0,"0.1702, 0.0950, 0.2449, 0.2449, 0.2449",0.9364735782146454
0,finding specific values,,0.0,"0.1221, 0.1447, 0.2354, 0.2489, 0.2489",0.9366432577371597
0,leftist heap,,0.3596186637878418,"0.1133, 0.1532, 0.2445, 0.2445, 0.2445",0.827049657702446
0,take advantage,,0.0,"0.0389, 0.2128, 0.2494, 0.2494, 0.2494",0.8467340171337128
0,hand calculations,,0.12045435607433319,"0.1816, 0.1795, 0.2130, 0.2130, 0.2130",0.7484910488128662
0,modern robust optimization deals primarily,,0.0,"0.2482, 0.2491, 0.2477, 0.1953, 0.0598",0.8075044751167297
0,one hidden layer,,0.0,"0.0505, 0.2050, 0.2454, 0.2495, 0.2495",0.8289069682359695
0,describe information systems rather,,0.0,"0.2367, 0.2108, 0.2289, 0.0738, 0.2497",0.5186267495155334
0,john biggs,,0.011999674141407013,"0.1157, 0.2259, 0.2195, 0.2195, 0.2195",0.9316420257091522
0,although fairly simple,,0.0,"0.0690, 0.2001, 0.2354, 0.2478, 0.2478",0.8133983612060547
0,n runs without,,0.0,"0.2193, 0.2152, 0.0717, 0.2469, 0.2469",0.8700008243322372
0,constituent parts,,0.0,"0.1344, 0.1442, 0.2405, 0.2405, 0.2405",0.8490010797977448
0,standard hardware uses linear probing,,0.0,"0.2468, 0.2449, 0.0751, 0.2419, 0.1913",0.6052756905555725
0,dependent plasticity,,0.0031149443238973618,"0.0475, 0.2219, 0.2435, 0.2435, 0.2435",0.7648537456989288
0,intelligent personal assistant,,0.0,"0.2353, 0.0555, 0.2102, 0.2495, 0.2495",0.660318523645401
0,beyond compare,,0.0,"0.1670, 0.0885, 0.2482, 0.2482, 0.2482",0.8395004421472549
0,matrix structures,,0.3401452898979187,"0.1988, 0.2224, 0.1929, 0.1929, 0.1929",0.9225160181522369
0,potential inputs,,0.3789287209510803,"0.2137, 0.0739, 0.2375, 0.2375, 0.2375",0.7764648348093033
0,one data item,,0.0,"0.0796, 0.1835, 0.2388, 0.2491, 0.2491",0.6794492602348328
0,integer programming together,,0.0,"0.2483, 0.2191, 0.0363, 0.2481, 0.2481",0.8572648912668228
0,major purpose,,0.0,"0.2182, 0.0570, 0.2416, 0.2416, 0.2416",0.751511424779892
0,subjunctive possibility,,0.02049165591597557,"0.2184, 0.0816, 0.2333, 0.2333, 0.2333",0.9873035028576851
0,typical research,,0.0,"0.2281, 0.0411, 0.2436, 0.2436, 0.2436",0.6359811723232269
0,mccarthy evaluation,,0.3344818949699402,"0.1378, 0.1240, 0.2461, 0.2461, 0.2461",0.8034299463033676
0,internal state,,0.17745819687843323,"0.1214, 0.1741, 0.2348, 0.2348, 0.2348",0.8330522626638412
0,separate parts,,0.0,"0.1634, 0.1329, 0.2345, 0.2345, 0.2345",0.9145073369145393
0,although many,,0.0,"0.0642, 0.2123, 0.2412, 0.2412, 0.2412",0.8588062226772308
0,collect qualitative data,,0.24224135279655457,"0.2425, 0.1718, 0.0878, 0.2490, 0.2490",0.8672176003456116
0,energy minimization,,0.2770425081253052,"0.1845, 0.1742, 0.2138, 0.2138, 0.2138",0.7329592406749725
