IfCS,Phrase,Correct,Probablity,Attention,Distance
0,efficient analysisone,,0.509126603603363,"0.2125, 0.0909, 0.2322, 0.2322, 0.2322",0.7500734627246857
0,output classification,,0.5609476566314697,"0.1707, 0.1167, 0.2375, 0.2375, 0.2375",0.6644095778465271
0,bayesian information,,0.6710333228111267,"0.2235, 0.0409, 0.2452, 0.2452, 0.2452",0.7517462968826294
0,inverse direction,,0.7480310797691345,"0.2232, 0.0699, 0.2356, 0.2356, 0.2356",0.9709144253283739
0,oriented middleware,,0.5316171050071716,"0.1749, 0.1232, 0.2340, 0.2340, 0.2340",0.5815729796886444
0,sending signals,,0.5039300322532654,"0.1518, 0.1562, 0.2306, 0.2306, 0.2306",0.7991467118263245
0,applied linear algebra,,0.5322838425636292,"0.1630, 0.1956, 0.1737, 0.2339, 0.2339",0.8950162976980209
0,computer programming tasks,,0.7861805558204651,"0.1915, 0.2059, 0.1051, 0.2488, 0.2488",0.4026647210121155
0,bloch representation,,0.5561432242393494,"0.2008, 0.0936, 0.2352, 0.2352, 0.2352",0.8713860660791397
0,mathematical analysis,,0.5628131628036499,"0.2075, 0.0806, 0.2373, 0.2373, 0.2373",0.6751924455165863
0,conquer algorithm,,0.5635581016540527,"0.1991, 0.0726, 0.2428, 0.2428, 0.2428",0.773462325334549
0,basic randomized complexity class,,0.533720850944519,"0.2373, 0.1640, 0.1608, 0.2006, 0.2373",0.7213746011257172
0,linear approach,,0.5332740545272827,"0.2107, 0.1288, 0.2202, 0.2202, 0.2202",0.8333801031112671
0,wan optimization controllers,,0.6456556916236877,"0.1968, 0.1653, 0.1466, 0.2457, 0.2457",0.838063657283783
0,digital audio workstation,,0.5579511523246765,"0.1697, 0.1521, 0.1907, 0.2438, 0.2438",0.5716682970523834
0,observation function,,0.5255762338638306,"0.2263, 0.0324, 0.2471, 0.2471, 0.2471",0.7403550446033478
0,protein sequences,,0.5159245729446411,"0.1607, 0.1301, 0.2364, 0.2364, 0.2364",0.8448646366596222
0,background assumption,,0.7079693675041199,"0.2094, 0.0600, 0.2435, 0.2435, 0.2435",0.8796902149915695
0,nearest neighbors algorithm,,0.8735888004302979,"0.2262, 0.2047, 0.0802, 0.2444, 0.2444",0.884622186422348
0,efficiently query,,0.5534168481826782,"0.2246, 0.0492, 0.2421, 0.2421, 0.2421",0.8642786294221878
0,graph theoretic version,,0.5175784230232239,"0.2168, 0.1342, 0.1550, 0.2470, 0.2470",0.7089206874370575
0,based cryptography,,0.6501198410987854,"0.1437, 0.1258, 0.2435, 0.2435, 0.2435",0.6589756309986115
0,data retrieval operations,,0.5005788207054138,"0.2270, 0.1414, 0.1337, 0.2489, 0.2489",0.7568986713886261
0,bit microprocessors,,0.7274551391601562,"0.0622, 0.2177, 0.2400, 0.2400, 0.2400",0.6191391050815582
0,suitable programming language,,0.5297051072120667,"0.2169, 0.1819, 0.1151, 0.2431, 0.2431",0.5272184312343597
0,network environments,,0.6182935237884521,"0.1872, 0.1182, 0.2315, 0.2315, 0.2315",0.7154724299907684
0,ambient data,,0.5437960028648376,"0.1783, 0.0932, 0.2428, 0.2428, 0.2428",0.7232868373394012
0,index arithmetic,,0.6024298071861267,"0.1476, 0.1491, 0.2344, 0.2344, 0.2344",0.8258259296417236
0,bayesian svms,,0.7269377112388611,"0.1766, 0.1255, 0.2327, 0.2327, 0.2327",0.8413764238357544
0,compressed suffix array,,0.6344344019889832,"0.1732, 0.1540, 0.1831, 0.2449, 0.2449",0.9813610222190619
0,cookie domain,,0.7621264457702637,"0.1567, 0.1092, 0.2447, 0.2447, 0.2447",0.8678683787584305
0,virtual technologies,,0.8625728487968445,"0.1485, 0.1158, 0.2453, 0.2453, 0.2453",0.526231586933136
0,pneumatic logic,,0.7227323651313782,"0.1884, 0.1203, 0.2304, 0.2304, 0.2304",0.7787172794342041
0,immersive design,,0.53218674659729,"0.1340, 0.1540, 0.2373, 0.2373, 0.2373",0.6603149175643921
0,certificate-based encryption,,1.0226235389709473,"0.1102, 0.1842, 0.2352, 0.2352, 0.2352",0.8645384460687637
0,embedding topological dynamical systems,,0.546215832233429,"0.1739, 0.2373, 0.1963, 0.1635, 0.2290",0.9199132025241852
0,time compilers,,0.5686666965484619,"0.1679, 0.1616, 0.2235, 0.2235, 0.2235",0.7533068954944611
0,site tracing,,0.5056670904159546,"0.1746, 0.0890, 0.2455, 0.2455, 0.2455",0.727069765329361
0,analytic number theory,,0.7295166850090027,"0.1864, 0.2192, 0.1080, 0.2432, 0.2432",0.825133204460144
0,mixcolumns step,,0.5141087174415588,"0.2124, 0.0985, 0.2297, 0.2297, 0.2297",0.9732217099517584
0,video sequence,,0.6938688158988953,"0.1786, 0.0859, 0.2452, 0.2452, 0.2452",0.8124122321605682
0,intelligence analysis,,0.7948530316352844,"0.1883, 0.0744, 0.2458, 0.2458, 0.2458",0.5776933133602142
0,balanced trees t1,,0.5417147278785706,"0.2431, 0.1161, 0.1694, 0.2357, 0.2357",0.8463652580976486
0,floppy disk,,0.9369082450866699,"0.1315, 0.1283, 0.2467, 0.2467, 0.2467",0.6776961386203766
0,interfaces workshop,,0.5155877470970154,"0.2148, 0.1249, 0.2201, 0.2201, 0.2201",0.6231080293655396
0,convolutional code,,0.6119136214256287,"0.1255, 0.1667, 0.2359, 0.2359, 0.2359",0.8244468569755554
0,evaluate computer software,,0.5592477917671204,"0.2143, 0.1095, 0.1788, 0.2488, 0.2488",0.42213892936706543
0,quantum programming environment,,0.7916702628135681,"0.2393, 0.1539, 0.1279, 0.2395, 0.2395",0.6715670526027679
0,tech mining,,0.6562008857727051,"0.2284, 0.0466, 0.2417, 0.2417, 0.2417",0.5182087421417236
0,text retrieval,,0.534497082233429,"0.2260, 0.0347, 0.2464, 0.2464, 0.2464",0.8310850113630295
0,transmitting data,,0.6986321210861206,"0.2066, 0.0775, 0.2386, 0.2386, 0.2386",0.7066499888896942
0,metamathematics unit,,0.5542240142822266,"0.1468, 0.1615, 0.2306, 0.2306, 0.2306",0.7458565831184387
0,tapered floating point,,0.545471727848053,"0.2252, 0.1421, 0.1698, 0.2315, 0.2315",0.8376899063587189
0,displaying data,,0.5255953669548035,"0.2032, 0.0750, 0.2406, 0.2406, 0.2406",0.7230905592441559
0,value distribution,,0.5761792063713074,"0.2181, 0.0660, 0.2386, 0.2386, 0.2386",0.8322124034166336
0,closed control loop,,0.5144217610359192,"0.2078, 0.2272, 0.1288, 0.2181, 0.2181",0.8951379135251045
0,empirical eigenfunction decomposition,,0.6212034821510315,"0.2165, 0.2308, 0.0624, 0.2452, 0.2452",0.7993006706237793
0,computer science subfields,,0.6828925013542175,"0.1133, 0.1971, 0.2001, 0.2448, 0.2448",0.29570508003234863
0,computability theorists,,0.7843579053878784,"0.1965, 0.1083, 0.2317, 0.2317, 0.2317",0.462574303150177
0,time algorithm,,0.8574434518814087,"0.2158, 0.0596, 0.2415, 0.2415, 0.2415",0.7961781024932861
0,code modulation,,0.8333106637001038,"0.1683, 0.1463, 0.2285, 0.2285, 0.2285",0.7857186794281006
0,develop computer algorithms,,0.6255700588226318,"0.2182, 0.1384, 0.1482, 0.2476, 0.2476",0.5665386021137238
0,underlying graph,,0.5520467162132263,"0.1488, 0.1189, 0.2441, 0.2441, 0.2441",0.7798452228307724
0,manual symmetric encryption technique,,0.5667180418968201,"0.1317, 0.2165, 0.2040, 0.2271, 0.2206",0.8676598519086838
0,direct applications,,0.5050225257873535,"0.2093, 0.0755, 0.2384, 0.2384, 0.2384",0.6161085367202759
0,computational cognitive psychology,,0.5159670114517212,"0.2406, 0.1475, 0.1137, 0.2491, 0.2491",0.6060127019882202
0,data transfer,,0.5461869835853577,"0.1654, 0.0944, 0.2467, 0.2467, 0.2467",0.68413245677948
0,network integration design,,0.6083136796951294,"0.2210, 0.1283, 0.1656, 0.2426, 0.2426",0.6927649080753326
0,polygraphic substitution systems,,0.7657428979873657,"0.2072, 0.0816, 0.2174, 0.2469, 0.2469",0.7438160181045532
0,bit versions,,0.5276698470115662,"0.0829, 0.2042, 0.2376, 0.2376, 0.2376",0.8131880611181259
0,processing data streams,,0.6794422268867493,"0.1924, 0.1415, 0.1674, 0.2494, 0.2494",0.6739491522312164
0,lda  normal discriminant analysis,,0.5764792561531067,"0.2009, 0.2418, 0.2442, 0.1786, 0.1345",0.9115589633584023
0,steal database approach,,0.5634890198707581,"0.1855, 0.1773, 0.1539, 0.2417, 0.2417",0.7958281189203262
0,digital sort,,0.8203862905502319,"0.1394, 0.1450, 0.2385, 0.2385, 0.2385",0.6917886435985565
0,dynamical systems theory,,1.0253514051437378,"0.2385, 0.2224, 0.0548, 0.2421, 0.2421",0.7814444601535797
0,memory location,,0.6573755145072937,"0.1015, 0.1570, 0.2472, 0.2472, 0.2472",0.6551161408424377
0,oriented languages,,0.5879900455474854,"0.1999, 0.0858, 0.2381, 0.2381, 0.2381",0.6485221683979034
0,digital audio,,0.5255799889564514,"0.1405, 0.1337, 0.2419, 0.2419, 0.2419",0.6931677758693695
0,trace distance,,0.5420792698860168,"0.0865, 0.2142, 0.2331, 0.2331, 0.2331",0.8973775207996368
0,algebraic geometry,,0.587750256061554,"0.1545, 0.1618, 0.2279, 0.2279, 0.2279",0.9286378920078278
0,numeric methods,,0.5491815805435181,"0.2123, 0.0930, 0.2316, 0.2316, 0.2316",0.8199464529752731
0,generic programming approach,,0.5995451211929321,"0.2334, 0.1771, 0.1074, 0.2411, 0.2411",0.7467054426670074
0,probabilistic parsing mechanism,,0.8683325052261353,"0.1575, 0.1941, 0.1571, 0.2456, 0.2456",0.7682482600212097
0,speech processing applications,,0.5729619860649109,"0.2322, 0.1456, 0.1252, 0.2485, 0.2485",0.7101928889751434
0,generating software pipelined loops,,0.5721907019615173,"0.1929, 0.1242, 0.2069, 0.2274, 0.2486",0.8144911527633667
0,order functions,,0.5695620179176331,"0.2385, 0.0223, 0.2464, 0.2464, 0.2464",0.889181911945343
0,proof method,,0.5304996371269226,"0.2044, 0.1210, 0.2249, 0.2249, 0.2249",0.7985685914754868
0,data type constrains,,0.5855140089988708,"0.1407, 0.2060, 0.1798, 0.2368, 0.2368",0.7128909528255463
0,key algorithm,,0.8808351159095764,"0.2202, 0.0626, 0.2391, 0.2391, 0.2391",0.7705623656511307
0,create computer algorithms,,0.6678512692451477,"0.2208, 0.1316, 0.1515, 0.2480, 0.2480",0.6035503447055817
0,network scheduler suited,,0.5396384596824646,"0.1809, 0.2004, 0.2286, 0.1951, 0.1951",0.7513468712568283
0,data flows,,0.5019187927246094,"0.1634, 0.1055, 0.2437, 0.2437, 0.2437",0.7695887982845306
0,classify patterns,,0.5830711722373962,"0.1673, 0.1063, 0.2421, 0.2421, 0.2421",0.8505232781171799
0,tabulating machines,,0.6313601136207581,"0.2084, 0.0674, 0.2414, 0.2414, 0.2414",0.5416062772274017
0,virtual world,,0.7471038699150085,"0.1785, 0.0885, 0.2443, 0.2443, 0.2443",0.6465910971164703
0,first algorithm,,0.5534202456474304,"0.2199, 0.0582, 0.2406, 0.2406, 0.2406",0.699143648147583
0,implement algorithms,,0.5256668329238892,"0.2218, 0.0566, 0.2405, 0.2405, 0.2405",0.7375051975250244
0,web forums,,0.7169380784034729,"0.1651, 0.1532, 0.2273, 0.2273, 0.2273",0.7853318452835083
0,efficient algorithms,,0.8114545345306396,"0.2278, 0.0462, 0.2420, 0.2420, 0.2420",0.7088494598865509
0,program satisfies,,0.5069888234138489,"0.1516, 0.1336, 0.2382, 0.2382, 0.2382",0.7817686498165131
0,instruction execution time,,0.5277683138847351,"0.2335, 0.1489, 0.1315, 0.2430, 0.2430",0.6793350577354431
0,matching algorithm,,0.6723598837852478,"0.2024, 0.0791, 0.2395, 0.2395, 0.2395",0.8589198142290115
0,theoretic method,,0.5078252553939819,"0.2157, 0.0760, 0.2361, 0.2361, 0.2361",0.8340418934822083
0,data differencing,,0.6203138828277588,"0.1025, 0.1749, 0.2409, 0.2409, 0.2409",0.719972550868988
0,spatial verification,,0.5273621678352356,"0.1031, 0.1842, 0.2376, 0.2376, 0.2376",0.828333705663681
0,static access permissions,,0.8755514025688171,"0.2405, 0.2098, 0.0784, 0.2357, 0.2357",0.9286547601222992
0,random variables indexed,,0.5751212239265442,"0.2308, 0.1999, 0.0754, 0.2470, 0.2470",0.8504139482975006
0,cluster variances,,0.7460392713546753,"0.1922, 0.0744, 0.2445, 0.2445, 0.2445",0.8937105312943459
0,algorithms based,,0.6160942316055298,"0.1866, 0.0722, 0.2471, 0.2471, 0.2471",0.6833590567111969
0,internet attacks,,0.5225933790206909,"0.1673, 0.1378, 0.2316, 0.2316, 0.2316",0.7528029233217239
0,negative matrix approximation,,0.654914915561676,"0.2107, 0.1378, 0.1813, 0.2351, 0.2351",0.9803353920578957
0,ordered binary tree,,0.8756607174873352,"0.1610, 0.1967, 0.1469, 0.2477, 0.2477",0.7822651863098145
0,noam nisan,,0.5240517258644104,"0.1971, 0.0984, 0.2348, 0.2348, 0.2348",0.8355492353439331
0,order function,,0.6708990335464478,"0.2413, 0.0168, 0.2473, 0.2473, 0.2473",0.8955929577350616
0,google code,,0.7441235780715942,"0.0835, 0.1882, 0.2428, 0.2428, 0.2428",0.8613620400428772
0,bit mips processors,,0.6873100996017456,"0.1435, 0.1988, 0.1676, 0.2451, 0.2451",0.7362562716007233
0,random subspace selection,,0.5982813239097595,"0.1941, 0.2113, 0.1016, 0.2465, 0.2465",0.897262305021286
0,objective programming,,0.6966952681541443,"0.1961, 0.0768, 0.2424, 0.2424, 0.2424",0.749024897813797
0,nearest neighbor,,0.6560036540031433,"0.1788, 0.1567, 0.2215, 0.2215, 0.2215",0.9446153938770294
0,virtual machine component,,1.2133342027664185,"0.2094, 0.0972, 0.1966, 0.2484, 0.2484",0.6302196681499481
0,matrix splitting,,0.5900565981864929,"0.1455, 0.1340, 0.2402, 0.2402, 0.2402",0.993305659852922
0,efficiently route traffic,,0.5178539156913757,"0.2175, 0.1529, 0.1545, 0.2375, 0.2375",0.8776231110095978
0,computer architecture courses,,0.9703530669212341,"0.0840, 0.2098, 0.2171, 0.2445, 0.2445",0.3830590844154358
0,bit risc,,0.5154799818992615,"0.1034, 0.2182, 0.2261, 0.2261, 0.2261",0.7395022809505463
0,digital camera,,0.7952808141708374,"0.1641, 0.1022, 0.2446, 0.2446, 0.2446",0.8198548555374146
0,digital conversion,,0.8496856093406677,"0.1132, 0.1600, 0.2423, 0.2423, 0.2423",0.6488366425037384
0,modelling software,,0.5804587006568909,"0.2161, 0.0565, 0.2425, 0.2425, 0.2425",0.6022297739982605
0,balanced binary search tree dynamically,,0.6793268322944641,"0.2472, 0.2407, 0.1556, 0.1517, 0.2049",0.8070789724588394
0,matlab function symmmd,,0.6833130121231079,"0.2354, 0.1061, 0.1619, 0.2483, 0.2483",0.9086882993578911
0,channel equalization,,0.5800208449363708,"0.1698, 0.1331, 0.2324, 0.2324, 0.2324",0.8457263261079788
0,denotational semantics,,0.8254860639572144,"0.1490, 0.1199, 0.2437, 0.2437, 0.2437",0.7974472045898438
0,constructing algorithms,,0.517230749130249,"0.1974, 0.0698, 0.2443, 0.2443, 0.2443",0.7350525259971619
0,representation curve,,0.6715908646583557,"0.1590, 0.1345, 0.2355, 0.2355, 0.2355",0.8712989538908005
0,beta encoders,,0.6580457091331482,"0.1568, 0.1574, 0.2286, 0.2286, 0.2286",0.824741929769516
0,model pseudo,,0.629189670085907,"0.1939, 0.1128, 0.2311, 0.2311, 0.2311",0.8264893293380737
0,membership inference,,0.6826009750366211,"0.2399, 0.0300, 0.2434, 0.2434, 0.2434",0.8624291270971298
0,index data structure,,0.5558350086212158,"0.2044, 0.0850, 0.2180, 0.2463, 0.2463",0.7693687081336975
0,computer methods,,0.8569814562797546,"0.1007, 0.1641, 0.2451, 0.2451, 0.2451",0.3679395914077759
0,iteratively solving,,0.6962507963180542,"0.2075, 0.0615, 0.2437, 0.2437, 0.2437",0.7770276218652725
0,amd accelerated processing unit,,0.70074063539505,"0.2343, 0.2402, 0.0820, 0.1979, 0.2456",0.638426274061203
0,assembling sequences,,0.5741479992866516,"0.1769, 0.0878, 0.2451, 0.2451, 0.2451",0.8131665736436844
0,neural networks training,,0.9924108982086182,"0.1525, 0.1779, 0.1785, 0.2456, 0.2456",0.720735490322113
0,robust optimization,,0.6929369568824768,"0.2372, 0.0729, 0.2300, 0.2300, 0.2300",0.8472509831190109
0,analog image processing,,0.559830367565155,"0.2389, 0.1892, 0.0788, 0.2465, 0.2465",0.7058367133140564
0,balancing binary search trees,,0.6982174515724182,"0.2466, 0.2373, 0.1383, 0.1290, 0.2488",0.744867593050003
0,encrypted logical,,0.6540129780769348,"0.1921, 0.1708, 0.2124, 0.2124, 0.2124",0.9062853455543518
0,vector clustering algorithm,,1.166228175163269,"0.2367, 0.2127, 0.0547, 0.2479, 0.2479",0.8557373583316803
0,transfer data,,0.5449288487434387,"0.1213, 0.1431, 0.2452, 0.2452, 0.2452",0.751191645860672
0,bit mips architecture,,0.6436289548873901,"0.1157, 0.1955, 0.2079, 0.2405, 0.2405",0.7404312789440155
0,matrix equations,,0.677078366279602,"0.1572, 0.1617, 0.2270, 0.2270, 0.2270",0.9679874517023563
0,recursively subdividing,,0.7338979840278625,"0.1647, 0.1063, 0.2430, 0.2430, 0.2430",0.8598319888114929
0,computer program trained,,0.8309057354927063,"0.1435, 0.1569, 0.2057, 0.2469, 0.2469",0.38999998569488525
0,possible algorithms,,0.5805677175521851,"0.1940, 0.0804, 0.2418, 0.2418, 0.2418",0.6958403885364532
0,pure tridiagonal matrix algorithm,,0.8244345784187317,"0.2436, 0.2463, 0.2225, 0.0437, 0.2438",0.978141438215971
0,oriented analysis,,0.576266348361969,"0.2116, 0.0658, 0.2409, 0.2409, 0.2409",0.6160149276256561
0,random environment,,0.6096176505088806,"0.1502, 0.1498, 0.2333, 0.2333, 0.2333",0.7997478395700455
0,recursively dividing,,0.5991541743278503,"0.1625, 0.1046, 0.2443, 0.2443, 0.2443",0.8607188761234283
0,acct uri scheme,,0.5574558973312378,"0.2374, 0.1646, 0.1176, 0.2402, 0.2402",0.8724361062049866
0,robust argumentation machines,,0.5736892819404602,"0.2462, 0.2099, 0.0573, 0.2433, 0.2433",0.6967558860778809
0,schedule processes,,0.5140634775161743,"0.2368, 0.0642, 0.2330, 0.2330, 0.2330",0.7519448399543762
0,joint density matrix,,0.5001510977745056,"0.1768, 0.1929, 0.1584, 0.2360, 0.2360",0.9427706561982632
0,computing power,,0.7633742690086365,"0.1056, 0.1874, 0.2357, 0.2357, 0.2357",0.43523913621902466
0,seeking algorithm,,0.5267484784126282,"0.1858, 0.0793, 0.2450, 0.2450, 0.2450",0.7536671012639999
0,random projection,,0.7152065634727478,"0.1092, 0.1888, 0.2340, 0.2340, 0.2340",0.835306242108345
0,19mips computer systems,,0.5538071990013123,"0.2086, 0.0889, 0.2233, 0.2396, 0.2396",0.4565346837043762
0,sleep algorithm,,0.9687440991401672,"0.2023, 0.0735, 0.2414, 0.2414, 0.2414",0.7806302160024643
0,training recursive neural nets,,0.6051371693611145,"0.2456, 0.2220, 0.1008, 0.1845, 0.2471",0.7528114020824432
0,automated theorem proving,,0.5517323613166809,"0.2046, 0.1730, 0.1420, 0.2402, 0.2402",0.8436916470527649
0,compression rate,,0.5435869693756104,"0.1595, 0.2126, 0.2093, 0.2093, 0.2093",0.8665044158697128
0,regular graph,,0.5913248658180237,"0.2110, 0.1260, 0.2210, 0.2210, 0.2210",0.8327886760234833
0,node link,,0.5625256299972534,"0.1950, 0.1590, 0.2154, 0.2154, 0.2154",0.9805170968174934
0,processing executing,,0.6861451268196106,"0.1539, 0.1069, 0.2464, 0.2464, 0.2464",0.6673703789710999
0,digital  web pages,,0.8162149786949158,"0.2177, 0.2470, 0.1825, 0.1058, 0.2470",0.6059304177761078
0,malicious site,,0.5955790877342224,"0.2126, 0.0535, 0.2446, 0.2446, 0.2446",0.7842087000608444
0,polynomial expression,,0.5261116623878479,"0.2124, 0.0468, 0.2469, 0.2469, 0.2469",0.8920264765620232
0,technology intelligence branches,,0.8209316730499268,"0.2032, 0.1208, 0.1867, 0.2446, 0.2446",0.4118322730064392
0,rotation data,,0.6873190402984619,"0.2421, 0.0334, 0.2415, 0.2415, 0.2415",0.8260536193847656
0,optimized allocation,,0.6709487438201904,"0.2162, 0.0646, 0.2397, 0.2397, 0.2397",0.8450980633497238
0,deceptively simple singleton pattern,,0.5544434189796448,"0.1818, 0.1972, 0.2125, 0.1640, 0.2445",0.9713316336274147
0,function evaluates,,0.5294342637062073,"0.1352, 0.1263, 0.2462, 0.2462, 0.2462",0.9312770888209343
0,intelligent automated assistants,,0.6908580660820007,"0.2096, 0.1698, 0.1350, 0.2428, 0.2428",0.6444210410118103
0,based binary search tree,,0.7106419205665588,"0.2216, 0.2342, 0.1344, 0.1603, 0.2495",0.714574933052063
0,cryogenic computing,,0.8700709939002991,"0.2184, 0.0640, 0.2392, 0.2392, 0.2392",0.5753703713417053
0,mathematical reasoning,,0.6302017569541931,"0.2307, 0.0429, 0.2421, 0.2421, 0.2421",0.7747852057218552
0,random variables,,0.5865902304649353,"0.1840, 0.0892, 0.2423, 0.2423, 0.2423",0.8630684316158295
0,lazy learning systems,,0.6777469515800476,"0.1934, 0.1265, 0.2016, 0.2392, 0.2392",0.6600798964500427
0,program order,,0.6143587231636047,"0.1895, 0.1145, 0.2320, 0.2320, 0.2320",0.7475931346416473
0,encrypted logical disks,,0.7265087962150574,"0.2217, 0.2005, 0.0914, 0.2432, 0.2432",0.7984116077423096
0,selective restriction,,0.5529982447624207,"0.1913, 0.1575, 0.2171, 0.2171, 0.2171",0.8782345354557037
0,randomized meldable heap,,0.7785038352012634,"0.2272, 0.1824, 0.0931, 0.2487, 0.2487",0.8351101875305176
0,markov partitions,,0.6434853672981262,"0.1892, 0.0675, 0.2478, 0.2478, 0.2478",0.8531530052423477
0,input patterns,,0.6059581637382507,"0.1895, 0.0839, 0.2422, 0.2422, 0.2422",0.8184480369091034
0,computerized handling,,0.5802227258682251,"0.1915, 0.0707, 0.2459, 0.2459, 0.2459",0.4663454294204712
0,standard computer algorithms,,0.6333603262901306,"0.2491, 0.1826, 0.0877, 0.2403, 0.2403",0.4995913505554199
0,leftist heap,,0.5913505554199219,"0.2322, 0.0418, 0.2420, 0.2420, 0.2420",0.827049657702446
0,business functions,,0.6078436970710754,"0.2181, 0.0411, 0.2469, 0.2469, 0.2469",0.7351665794849396
0,mrf  markov network,,0.8902187943458557,"0.2353, 0.2417, 0.1843, 0.0970, 0.2417",0.6965922117233276
0,digital circuits,,0.8771145939826965,"0.1047, 0.1799, 0.2385, 0.2385, 0.2385",0.5685949921607971
0,order logic,,0.9996650218963623,"0.2327, 0.0461, 0.2404, 0.2404, 0.2404",0.8254072368144989
0,dynamic avoidance,,0.7239521145820618,"0.2130, 0.0946, 0.2308, 0.2308, 0.2308",0.8410688191652298
0,order logics,,0.9440751075744629,"0.2302, 0.0514, 0.2395, 0.2395, 0.2395",0.8161620050668716
0,maxima computer algebra system,,0.611205518245697,"0.2371, 0.1127, 0.2012, 0.2028, 0.2463",0.6263843774795532
0,mnist database groups,,0.6632632613182068,"0.2379, 0.1564, 0.1183, 0.2437, 0.2437",0.8727378100156784
0,random iterates,,0.6716002821922302,"0.1300, 0.1526, 0.2392, 0.2392, 0.2392",0.8310337215662003
0,communicate data,,0.6654642820358276,"0.2071, 0.0745, 0.2394, 0.2394, 0.2394",0.6566038727760315
0,internal memory,,0.52420574426651,"0.2103, 0.0481, 0.2472, 0.2472, 0.2472",0.7526539862155914
0,entropy method,,0.6291045546531677,"0.2369, 0.1000, 0.2210, 0.2210, 0.2210",0.8344624489545822
0,fuzzy system independently,,0.6515476107597351,"0.1860, 0.2024, 0.1230, 0.2443, 0.2443",0.7333740293979645
0,cannot compute,,0.5301311612129211,"0.2182, 0.1042, 0.2259, 0.2259, 0.2259",0.7710176557302475
0,subobject classifier,,0.6231438517570496,"0.1186, 0.1873, 0.2314, 0.2314, 0.2314",0.8931291624903679
0,granger causality,,0.5431230664253235,"0.2220, 0.0556, 0.2408, 0.2408, 0.2408",0.8594720214605331
0,ambient network,,0.5279504656791687,"0.1729, 0.1469, 0.2267, 0.2267, 0.2267",0.7390352189540863
0,oriented decomposition,,0.641408383846283,"0.2197, 0.0478, 0.2442, 0.2442, 0.2442",0.7428902387619019
0,random projection technique,,0.5221800208091736,"0.1906, 0.2195, 0.1142, 0.2378, 0.2378",0.8025327026844025
0,optimize loops,,0.6044033765792847,"0.2134, 0.1074, 0.2264, 0.2264, 0.2264",0.828524261713028
0,heterogeneous environment,,0.510184645652771,"0.2094, 0.1419, 0.2162, 0.2162, 0.2162",0.8822070509195328
0,path trees,,0.9198673367500305,"0.1771, 0.0886, 0.2448, 0.2448, 0.2448",0.9101908206939697
0,process digital images,,0.5529466271400452,"0.1980, 0.1544, 0.1517, 0.2480, 0.2480",0.6808552443981171
0,relay logic  fluidic logic,,0.6629087328910828,"0.2456, 0.2251, 0.2374, 0.1796, 0.1123",0.7152571678161621
0,linear behavior,,0.5975993275642395,"0.2109, 0.1294, 0.2199, 0.2199, 0.2199",0.8255961984395981
0,digital speakers,,0.5394152402877808,"0.1166, 0.1802, 0.2344, 0.2344, 0.2344",0.6825491786003113
0,microevolutionary processes,,0.7716509103775024,"0.2340, 0.0432, 0.2409, 0.2409, 0.2409",0.7261450886726379
0,data shorter,,0.6145759224891663,"0.0639, 0.2361, 0.2333, 0.2333, 0.2333",0.7895717918872833
0,neural information processing workshop,,0.6729952692985535,"0.2299, 0.1979, 0.1627, 0.1599, 0.2496",0.5319007933139801
0,biological computation,,0.5214903950691223,"0.1575, 0.1033, 0.2464, 0.2464, 0.2464",0.5797813832759857
0,navigation systems,,0.5642194747924805,"0.1729, 0.1540, 0.2244, 0.2244, 0.2244",0.7947499603033066
0,linear discriminant,,0.9106159806251526,"0.2148, 0.0574, 0.2426, 0.2426, 0.2426",0.8285072147846222
0,time analysis,,0.5435953736305237,"0.1951, 0.1014, 0.2345, 0.2345, 0.2345",0.7972774505615234
0,browser exploit,,0.7560364603996277,"0.2177, 0.0558, 0.2422, 0.2422, 0.2422",0.8077507019042969
0,clipper architecture,,0.5094536542892456,"0.1540, 0.1888, 0.2191, 0.2191, 0.2191",0.7258337736129761
0,probability generators,,0.5006635785102844,"0.1404, 0.1887, 0.2236, 0.2236, 0.2236",0.7287864685058594
0,condition code register,,0.6043282747268677,"0.1923, 0.1896, 0.1684, 0.2248, 0.2248",0.8569838255643845
0,dimensional complexity theory,,0.5956586003303528,"0.2160, 0.1902, 0.1190, 0.2374, 0.2374",0.810402438044548
0,multilinear map,,0.5249307751655579,"0.2011, 0.1429, 0.2187, 0.2187, 0.2187",0.9950836589559913
0,immutable object,,0.5028365850448608,"0.1714, 0.1164, 0.2374, 0.2374, 0.2374",0.8298112004995346
0,parallel sort,,0.6200916171073914,"0.1937, 0.1310, 0.2251, 0.2251, 0.2251",0.8065808266401291
0,time markov process,,0.5807402729988098,"0.2434, 0.2191, 0.0446, 0.2464, 0.2464",0.8108991384506226
0,planar graphbased,,0.6572214961051941,"0.1851, 0.1173, 0.2325, 0.2325, 0.2325",0.7839168906211853
0,processing points,,0.5608375072479248,"0.1286, 0.1388, 0.2442, 0.2442, 0.2442",0.6378920674324036
0,square cipher,,0.5177512764930725,"0.1320, 0.1656, 0.2341, 0.2341, 0.2341",0.8527294397354126
0,subproblems recursively,,0.7861185669898987,"0.2064, 0.0951, 0.2328, 0.2328, 0.2328",0.8760195225477219
0,mathematical systems theory,,0.585383951663971,"0.2301, 0.2233, 0.0816, 0.2325, 0.2325",0.7199061810970306
0,tolerant networking algorithms,,0.9300974607467651,"0.2489, 0.2327, 0.0283, 0.2450, 0.2450",0.7411148846149445
0,relational mapping,,0.5537199378013611,"0.1719, 0.0945, 0.2445, 0.2445, 0.2445",0.8017468601465225
0,ngh systems,,0.6639218926429749,"0.1338, 0.1744, 0.2306, 0.2306, 0.2306",0.7319006621837616
0,combinatorial optimization,,0.7478680610656738,"0.2126, 0.0660, 0.2405, 0.2405, 0.2405",0.7854668200016022
0,connectionist expert system,,0.5787748694419861,"0.2199, 0.1635, 0.1551, 0.2307, 0.2307",0.6194274425506592
0,thomas algorithm,,0.7904420495033264,"0.2183, 0.0516, 0.2434, 0.2434, 0.2434",0.7086360454559326
0,artificial intelligence laboratory,,0.5970687866210938,"0.2354, 0.1741, 0.0941, 0.2482, 0.2482",0.4917166233062744
0,extensible encoding system,,0.8245678544044495,"0.2389, 0.0988, 0.1896, 0.2363, 0.2363",0.7589542120695114
0,ai alignment,,0.7265413403511047,"0.0803, 0.2026, 0.2390, 0.2390, 0.2390",0.7944859266281128
0,regressive processes,,0.5799372792243958,"0.2241, 0.0668, 0.2364, 0.2364, 0.2364",0.7898688316345215
0,coded character sets,,0.5241292119026184,"0.1994, 0.1424, 0.1745, 0.2419, 0.2419",0.9958828897215426
0,order execution,,0.5521416068077087,"0.2341, 0.0381, 0.2426, 0.2426, 0.2426",0.8370382338762283
0,amd accelerated processing units,,0.6961920261383057,"0.2308, 0.2387, 0.0623, 0.2232, 0.2450",0.6575777530670166
0,called dynamic bayesian networks,,0.5774909853935242,"0.1675, 0.2267, 0.1893, 0.1690, 0.2476",0.8098835200071335
0,misleading equivalence,,0.587350606918335,"0.1400, 0.1805, 0.2265, 0.2265, 0.2265",0.8704959154129028
0,time algorithm specialization,,0.5425493717193604,"0.2343, 0.1586, 0.1170, 0.2450, 0.2450",0.7330658435821533
0,biconjugate gradient stabilized method,,0.5846197009086609,"0.2433, 0.1985, 0.2332, 0.0887, 0.2363",0.9553398378193378
0,ibm system,,0.519137978553772,"0.1178, 0.1762, 0.2353, 0.2353, 0.2353",0.5607992708683014
0,3d coordinate system,,0.6808291077613831,"0.1268, 0.2268, 0.1842, 0.2311, 0.2311",0.8280156403779984
0,biased estimation,,0.6987099051475525,"0.1925, 0.0979, 0.2365, 0.2365, 0.2365",0.8543728590011597
0,account dynamic behaviour,,0.7175268530845642,"0.2362, 0.2231, 0.0542, 0.2433, 0.2433",0.8409937620162964
0,finite automata,,0.5987830758094788,"0.2269, 0.0784, 0.2316, 0.2316, 0.2316",0.8127125799655914
0,process pixel data,,0.5833808779716492,"0.1794, 0.1965, 0.1290, 0.2476, 0.2476",0.6871035695075989
0,theorem  computer science,,0.6410926580429077,"0.2265, 0.2449, 0.0925, 0.1912, 0.2449",0.3522565960884094
0,computer mouse,,0.8257733583450317,"0.1312, 0.1263, 0.2475, 0.2475, 0.2475",0.567329466342926
0,pattern language,,0.7371742129325867,"0.1873, 0.0849, 0.2426, 0.2426, 0.2426",0.8104945421218872
0,nonlinear global analysis,,0.61713707447052,"0.2449, 0.1896, 0.0771, 0.2442, 0.2442",0.8912453204393387
0,cdn vendors,,0.5794655680656433,"0.1927, 0.1152, 0.2307, 0.2307, 0.2307",0.8234008699655533
0,subobject classifiers,,0.6079028248786926,"0.1304, 0.1639, 0.2352, 0.2352, 0.2352",0.8809968829154968
0,computationally intelligent,,0.9477511048316956,"0.1738, 0.0926, 0.2445, 0.2445, 0.2445",0.545166552066803
0,size computation,,0.6092923283576965,"0.2339, 0.0697, 0.2321, 0.2321, 0.2321",0.6401002705097198
0,probability density proportional,,0.6405032277107239,"0.2152, 0.1909, 0.1224, 0.2358, 0.2358",0.8371136039495468
0,based encryption,,0.6863085031509399,"0.0645, 0.2004, 0.2450, 0.2450, 0.2450",0.8049952387809753
0,path expression language,,0.5548604130744934,"0.2238, 0.1209, 0.1588, 0.2483, 0.2483",0.8255061507225037
0,model nonlinear processes,,0.613137423992157,"0.2319, 0.2360, 0.0479, 0.2422, 0.2422",0.820779025554657
0,digital converters,,0.6976725459098816,"0.0682, 0.2284, 0.2345, 0.2345, 0.2345",0.6801652014255524
0,based learning algorithms,,0.5578281283378601,"0.2029, 0.1741, 0.1283, 0.2473, 0.2473",0.7325437366962433
0,ieee vr,,0.5335224270820618,"0.2387, 0.0323, 0.2430, 0.2430, 0.2430",0.6557168662548065
0,statically typed languages conform,,0.8769005537033081,"0.2462, 0.1484, 0.1295, 0.2281, 0.2478",0.8265625983476639
0,flow analysis,,0.5633605122566223,"0.1684, 0.1036, 0.2427, 0.2427, 0.2427",0.7856101393699646
0,exact function,,0.5049841403961182,"0.1946, 0.0680, 0.2458, 0.2458, 0.2458",0.8575364947319031
0,fast multiplication algorithms,,0.6176203489303589,"0.2422, 0.1886, 0.0833, 0.2430, 0.2430",0.7867570221424103
0,ieee computer society,,0.6331885457038879,"0.2364, 0.0946, 0.2014, 0.2338, 0.2338",0.39813536405563354
0,alphabet substitution ciphers,,0.5185438990592957,"0.2136, 0.0662, 0.2238, 0.2482, 0.2482",0.794990748167038
0,computer using,,0.6008816361427307,"0.1540, 0.1035, 0.2475, 0.2475, 0.2475",0.35608166456222534
0,time recurrent neural networks,,0.7497405409812927,"0.2393, 0.1927, 0.1221, 0.1977, 0.2481",0.7483715415000916
0,numeric computation,,1.0861929655075073,"0.2306, 0.0349, 0.2448, 0.2448, 0.2448",0.6660452783107758
0,dimensional generalization,,0.5800004601478577,"0.1602, 0.1467, 0.2310, 0.2310, 0.2310",0.8243590891361237
0,yield intelligent behavior,,0.5619732141494751,"0.2395, 0.1900, 0.0941, 0.2382, 0.2382",0.7345687448978424
0,oriented code,,0.7021493911743164,"0.1590, 0.1470, 0.2314, 0.2314, 0.2314",0.6718741655349731
0,dimensional dynamic models,,0.845325231552124,"0.2194, 0.1883, 0.1173, 0.2375, 0.2375",0.8906541913747787
0,screen cursor,,0.7351504564285278,"0.1528, 0.1210, 0.2421, 0.2421, 0.2421",0.7132051289081573
0,ambient intelligence environment,,0.5810086727142334,"0.2192, 0.1484, 0.1484, 0.2420, 0.2420",0.675538569688797
0,communication protocol,,0.5833485722541809,"0.2069, 0.1518, 0.2138, 0.2138, 0.2138",0.7266082763671875
0,primitive recursive,,0.6459792256355286,"0.2183, 0.0913, 0.2301, 0.2301, 0.2301",0.8240684121847153
0,molecular dynamics models,,0.6784347891807556,"0.2125, 0.2214, 0.1285, 0.2188, 0.2188",0.8258179873228073
0,map function,,0.8150218725204468,"0.2231, 0.0386, 0.2461, 0.2461, 0.2461",0.9973593198228627
0,linguistic theory,,0.5668632388114929,"0.1377, 0.1468, 0.2385, 0.2385, 0.2385",0.7561919987201691
0,memory debuggers work,,0.6563907265663147,"0.1680, 0.2002, 0.1344, 0.2487, 0.2487",0.7463613152503967
0,computer media,,0.7383993268013,"0.1133, 0.1536, 0.2444, 0.2444, 0.2444",0.3526938557624817
0,message authentication codesiso,,0.734402596950531,"0.1389, 0.1881, 0.2295, 0.2218, 0.2218",0.8605632781982422
0,algebraic combinatorics,,0.5549807548522949,"0.1634, 0.1464, 0.2301, 0.2301, 0.2301",0.883274681866169
0,cambridge quantum computing,,0.6699742674827576,"0.1981, 0.2278, 0.0896, 0.2423, 0.2423",0.5487892031669617
0,software engineering reliability,,0.6150891184806824,"0.1165, 0.1937, 0.2233, 0.2332, 0.2332",0.6100146770477295
0,vertices connected,,0.5026203989982605,"0.1785, 0.1301, 0.2305, 0.2305, 0.2305",0.9970837004948407
0,mergeable heap structures,,0.5066037774085999,"0.1937, 0.0942, 0.2332, 0.2395, 0.2395",0.8617969751358032
0,user virtualization decouples,,0.9224864840507507,"0.2277, 0.1305, 0.1451, 0.2483, 0.2483",0.7143686413764954
0,stored contiguously,,0.5191898345947266,"0.0953, 0.1772, 0.2425, 0.2425, 0.2425",0.9196836054325104
0,site scripting,,0.5026494264602661,"0.1611, 0.1098, 0.2430, 0.2430, 0.2430",0.8199138343334198
0,document pattern,,0.7313068509101868,"0.1743, 0.1134, 0.2374, 0.2374, 0.2374",0.8240067660808563
0,process plant,,0.5909237265586853,"0.2189, 0.0359, 0.2484, 0.2484, 0.2484",0.7707138061523438
0,digital communication systems,,0.7388280034065247,"0.1440, 0.2057, 0.1864, 0.2320, 0.2320",0.5627305209636688
0,density operator,,0.5525162816047668,"0.1878, 0.1466, 0.2219, 0.2219, 0.2219",0.8721932023763657
0,dimensional vector space model implementations,,0.5080488324165344,"0.2241, 0.2189, 0.1673, 0.2038, 0.1858",0.8726774603128433
0,sensor networks,,0.7379140853881836,"0.1889, 0.1280, 0.2277, 0.2277, 0.2277",0.6814642250537872
0,logical security boundaries,,0.6031569242477417,"0.1905, 0.2152, 0.1274, 0.2335, 0.2335",0.7945042699575424
0,math functions,,0.5439882874488831,"0.2255, 0.0470, 0.2425, 0.2425, 0.2425",0.9061705321073532
0,overlapping loop iterations,,0.5630707144737244,"0.1933, 0.2044, 0.1105, 0.2459, 0.2459",0.9518773593008518
0,random bits,,0.556636393070221,"0.1422, 0.1333, 0.2415, 0.2415, 0.2415",0.8060351759195328
0,optimization algorithm based,,0.5575515627861023,"0.2383, 0.1828, 0.0809, 0.2490, 0.2490",0.7783672958612442
0,time path,,0.5302392840385437,"0.1886, 0.1085, 0.2343, 0.2343, 0.2343",0.905339278280735
0,data stored,,0.5637831091880798,"0.1615, 0.0962, 0.2474, 0.2474, 0.2474",0.7117286026477814
0,solving sparse linear systems,,0.5173892378807068,"0.1284, 0.1740, 0.2249, 0.2302, 0.2426",0.7932098805904388
0,nervous system,,0.6497218012809753,"0.1917, 0.1251, 0.2277, 0.2277, 0.2277",0.767600491642952
0,simplest markov model,,0.7776108980178833,"0.2359, 0.1753, 0.1102, 0.2393, 0.2393",0.816478967666626
0,computer intensive simulations,,0.5060116052627563,"0.1274, 0.1538, 0.2299, 0.2445, 0.2445",0.5449268817901611
0,ip address 8,,0.5520833730697632,"0.2350, 0.1886, 0.0976, 0.2394, 0.2394",0.9029484018683434
0,microbial intelligence,,0.6849466562271118,"0.2104, 0.0811, 0.2362, 0.2362, 0.2362",0.7246740758419037
0,probabilistic roadmap methods,,0.6762862801551819,"0.1997, 0.1835, 0.1257, 0.2456, 0.2456",0.8631137758493423
0,realistic mathematical models,,0.5135093331336975,"0.2246, 0.1822, 0.1533, 0.2200, 0.2200",0.7719544619321823
0,efficient matlab,,0.5637068748474121,"0.1949, 0.1194, 0.2286, 0.2286, 0.2286",0.8062275499105453
0,specifically convolutional neural networks,,0.5317949056625366,"0.2217, 0.2055, 0.1216, 0.2032, 0.2479",0.7459979951381683
0,milnermycroft calculus,,0.6426938772201538,"0.2019, 0.1479, 0.2167, 0.2167, 0.2167",0.8542164266109467
0,structured model,,0.694534182548523,"0.1922, 0.1151, 0.2309, 0.2309, 0.2309",0.7622456550598145
0,signaling protocol based,,0.6476346254348755,"0.2171, 0.2144, 0.0869, 0.2408, 0.2408",0.7052561640739441
0,core processor,,0.9408234357833862,"0.2181, 0.0694, 0.2375, 0.2375, 0.2375",0.7111379504203796
0,data values,,0.524297833442688,"0.1218, 0.1700, 0.2361, 0.2361, 0.2361",0.833189457654953
0,order execution microprocessors,,0.5410435795783997,"0.2360, 0.0729, 0.1981, 0.2464, 0.2464",0.6577591300010681
0,classifier chain,,0.7188833355903625,"0.1995, 0.1398, 0.2202, 0.2202, 0.2202",0.8197033405303955
0,independent processors,,0.5795493721961975,"0.2002, 0.1062, 0.2312, 0.2312, 0.2312",0.5924859344959259
0,automated space docking,,0.5464646220207214,"0.2103, 0.1377, 0.1591, 0.2465, 0.2465",0.7565741240978241
0,finite state machine,,0.5716902017593384,"0.2428, 0.2226, 0.0543, 0.2402, 0.2402",0.6681383848190308
0,mips computer systems,,0.8315751552581787,"0.2184, 0.0728, 0.2190, 0.2449, 0.2449",0.6337232291698456
0,computational methods,,0.703268826007843,"0.1627, 0.1056, 0.2439, 0.2439, 0.2439",0.6105825901031494
0,range coding,,0.590151846408844,"0.2198, 0.1264, 0.2179, 0.2179, 0.2179",0.8711126148700714
0,commercial application,,0.5004345774650574,"0.2065, 0.0725, 0.2403, 0.2403, 0.2403",0.6665490567684174
0,ip address allocation hierarchy,,0.9825454354286194,"0.2389, 0.2071, 0.1107, 0.2034, 0.2399",0.9041714295744896
0,model sequences,,0.5659070611000061,"0.2069, 0.0645, 0.2429, 0.2429, 0.2429",0.7955507636070251
0,distribution rights,,0.5081322193145752,"0.1634, 0.1370, 0.2332, 0.2332, 0.2332",0.9271185770630836
0,lazy loading,,0.588961660861969,"0.1912, 0.1005, 0.2361, 0.2361, 0.2361",0.8050813227891922
0,phylogenetic trees,,0.6459860801696777,"0.1342, 0.1283, 0.2458, 0.2458, 0.2458",0.8519451916217804
0,technology mining,,0.7394813895225525,"0.2101, 0.0541, 0.2452, 0.2452, 0.2452",0.555562287569046
0,smb  server message block,,0.7832595109939575,"0.2410, 0.2395, 0.2117, 0.1578, 0.1500",0.9184997379779816
0,computational systems,,0.8609331250190735,"0.1173, 0.1679, 0.2383, 0.2383, 0.2383",0.5226759314537048
0,means clustering algorithm,,0.6219141483306885,"0.1747, 0.2142, 0.1156, 0.2478, 0.2478",0.7587873041629791
0,random permutation,,0.6989063620567322,"0.1712, 0.0919, 0.2457, 0.2457, 0.2457",0.903156690299511
0,parameterized complexity,,0.5721533298492432,"0.1853, 0.1156, 0.2330, 0.2330, 0.2330",0.8090287148952484
0,virtual desktop server manager,,0.897051990032196,"0.2204, 0.1944, 0.1931, 0.1462, 0.2458",0.6839350461959839
0,propositional calculuswhich sets,,0.5866780877113342,"0.2124, 0.2040, 0.1102, 0.2367, 0.2367",0.9593429863452911
0,polynomial sequence,,0.5461837649345398,"0.1776, 0.0898, 0.2442, 0.2442, 0.2442",0.833198145031929
0,redeveloping logic,,0.5311406254768372,"0.1330, 0.1538, 0.2377, 0.2377, 0.2377",0.7755205184221268
0,technology database,,1.0057588815689087,"0.1731, 0.0959, 0.2437, 0.2437, 0.2437",0.4554101228713989
0,practical artificial neural networks,,0.8804309368133545,"0.2455, 0.2270, 0.0967, 0.1832, 0.2476",0.6863290965557098
0,quantificational logic,,0.8745816349983215,"0.1826, 0.1189, 0.2328, 0.2328, 0.2328",0.7788050770759583
0,remotely connecting,,0.5526046752929688,"0.1729, 0.1574, 0.2232, 0.2232, 0.2232",0.8525308519601822
0,matrix analysis,,0.8706716895103455,"0.2027, 0.0640, 0.2445, 0.2445, 0.2445",0.8522665500640869
0,general programming languages,,0.6541854739189148,"0.2437, 0.1747, 0.0954, 0.2431, 0.2431",0.601539820432663
0,commercial freeware application,,0.6475734114646912,"0.2178, 0.1778, 0.1138, 0.2453, 0.2453",0.6377220153808594
0,based machine learning,,0.7262776494026184,"0.2229, 0.1154, 0.1651, 0.2483, 0.2483",0.6134112775325775
0,euclidean cubes,,0.5196851491928101,"0.1974, 0.1161, 0.2288, 0.2288, 0.2288",0.8793757185339928
0,complex data type,,0.5094078779220581,"0.1924, 0.1082, 0.2110, 0.2442, 0.2442",0.6564565598964691
0,asynchronous loading,,0.703869104385376,"0.1950, 0.0877, 0.2391, 0.2391, 0.2391",0.8757135421037674
0,congestion avoidance,,0.6294646263122559,"0.1783, 0.1421, 0.2266, 0.2266, 0.2266",0.8977960050106049
0,acm trans,,0.584201991558075,"0.1943, 0.1104, 0.2318, 0.2318, 0.2318",0.7430670261383057
0,hierarchical database modelit,,1.2205058336257935,"0.2325, 0.1022, 0.1738, 0.2457, 0.2457",0.7800697535276413
0,constraint programming approach,,0.5325309634208679,"0.2426, 0.1789, 0.0935, 0.2425, 0.2425",0.7920600920915604
0,remote users,,0.5786616802215576,"0.2349, 0.0909, 0.2247, 0.2247, 0.2247",0.8411199003458023
0,hybrid connectionist expert system,,0.563979983329773,"0.2112, 0.2173, 0.1657, 0.1720, 0.2337",0.629380851984024
0,simplifying channel equalization,,0.6100642085075378,"0.2195, 0.1634, 0.1394, 0.2389, 0.2389",0.8711825907230377
0,natural neuronal processes,,0.5290152430534363,"0.2219, 0.1879, 0.0980, 0.2461, 0.2461",0.7845168858766556
0,optimal offline algorithm,,0.6352231502532959,"0.2248, 0.2369, 0.0683, 0.2350, 0.2350",0.8739852756261826
0,affects neural processing,,0.5139798521995544,"0.2222, 0.1584, 0.1219, 0.2488, 0.2488",0.7065579891204834
0,expression computational intelligence,,0.884123682975769,"0.1998, 0.1902, 0.1123, 0.2488, 0.2488",0.5953657031059265
0,schnhagestrassen algorithm,,0.8188431859016418,"0.2339, 0.0396, 0.2422, 0.2422, 0.2422",0.8309512287378311
