IfCS,Phrase,Correct,Probablity,Attention,Distance
0,many evolutionary algorithms,,0.5505944490432739,"0.2161, 0.2277, 0.0652, 0.2455, 0.2455",0.6973835825920105
0,cambridge quantum computing,,0.6682853698730469,"0.2379, 0.2466, 0.0175, 0.2490, 0.2490",0.5487892031669617
0,pattern language,,0.5713837146759033,"0.2022, 0.1093, 0.2295, 0.2295, 0.2295",0.8104945421218872
0,efficient retrieval,,0.9916744232177734,"0.2255, 0.0443, 0.2434, 0.2434, 0.2434",0.7700886875391006
0,overlapping loop iterations,,0.5690325498580933,"0.2336, 0.2324, 0.0511, 0.2415, 0.2415",0.9518773593008518
0,large database,,0.5553575754165649,"0.2422, 0.1319, 0.2086, 0.2086, 0.2086",0.741068422794342
0,realistic rendering,,0.562980592250824,"0.2251, 0.0627, 0.2374, 0.2374, 0.2374",0.761649489402771
0,find high,,0.6542459726333618,"0.0349, 0.2446, 0.2402, 0.2402, 0.2402",0.8419485986232758
0,mathematical reasoning,,0.5626161098480225,"0.2441, 0.0141, 0.2473, 0.2473, 0.2473",0.7747852057218552
0,model sequences,,0.8193691968917847,"0.0793, 0.2007, 0.2400, 0.2400, 0.2400",0.7955507636070251
0,symmetric sparse matrix,,0.7979380488395691,"0.2007, 0.1843, 0.2024, 0.2063, 0.2063",0.9395392462611198
0,intelligence analysis,,0.7557058930397034,"0.1718, 0.0852, 0.2477, 0.2477, 0.2477",0.5776933133602142
0,pure tridiagonal matrix algorithm,,1.1765670776367188,"0.2017, 0.2459, 0.2350, 0.0706, 0.2469",0.978141438215971
0,analog image processing,,0.6370142102241516,"0.2346, 0.1925, 0.0747, 0.2491, 0.2491",0.7058367133140564
0,expression computational intelligence,,0.9476810693740845,"0.1829, 0.2007, 0.1171, 0.2497, 0.2497",0.5953657031059265
0,simpler functions,,0.6389833688735962,"0.1770, 0.0976, 0.2418, 0.2418, 0.2418",0.848719909787178
0,adjusting heap,,0.5481624007225037,"0.1617, 0.1081, 0.2434, 0.2434, 0.2434",0.9406144134700298
0,time compilers,,0.5418224334716797,"0.2247, 0.0641, 0.2371, 0.2371, 0.2371",0.7533068954944611
0,computationally intelligent,,0.8272745609283447,"0.2192, 0.0416, 0.2464, 0.2464, 0.2464",0.545166552066803
0,message authentication codesiso,,1.1133569478988647,"0.0623, 0.2038, 0.2366, 0.2486, 0.2486",0.8605632781982422
0,oriented decomposition,,0.5263611078262329,"0.1535, 0.1369, 0.2365, 0.2365, 0.2365",0.7428902387619019
0,generalized form,,0.5043915510177612,"0.2375, 0.0236, 0.2463, 0.2463, 0.2463",0.9714896772056818
0,processing data streams,,0.7761256098747253,"0.2104, 0.1175, 0.1728, 0.2496, 0.2496",0.6739491522312164
0,balancing binary search trees,,1.2020888328552246,"0.2437, 0.2179, 0.0700, 0.2192, 0.2492",0.744867593050003
0,path trees,,0.7078295350074768,"0.1882, 0.1288, 0.2276, 0.2276, 0.2276",0.9101908206939697
0,finite simple graph,,0.9472849369049072,"0.2440, 0.1955, 0.0738, 0.2433, 0.2433",0.843365877866745
0,ticket checker,,0.6239896416664124,"0.2261, 0.0733, 0.2335, 0.2335, 0.2335",0.9664306081831455
0,emotion ai,,0.5134279131889343,"0.1753, 0.0857, 0.2464, 0.2464, 0.2464",0.8448952287435532
0,quaternary floating point  base three,,0.6865012645721436,"0.2430, 0.2315, 0.0922, 0.2411, 0.1922",0.9393712356686592
0,order scheduling,,0.5024637579917908,"0.1484, 0.1349, 0.2389, 0.2389, 0.2389",0.8530519902706146
0,coded character sets,,0.8108850717544556,"0.1798, 0.1328, 0.1928, 0.2473, 0.2473",0.9958828897215426
0,party communication complexity,,0.5527763366699219,"0.1568, 0.1424, 0.2376, 0.2316, 0.2316",0.8224986642599106
0,adaptive methods,,0.5116769671440125,"0.2276, 0.0392, 0.2444, 0.2444, 0.2444",0.8369432538747787
0,biconjugate gradient stabilized method,,0.5886049270629883,"0.2359, 0.2358, 0.2421, 0.0394, 0.2467",0.9553398378193378
0,sharing route,,0.6517103910446167,"0.0560, 0.2126, 0.2438, 0.2438, 0.2438",0.9326470270752907
0,pneumatic logic,,0.7655268907546997,"0.2163, 0.0617, 0.2406, 0.2406, 0.2406",0.7787172794342041
0,remotely connecting,,0.6441437005996704,"0.1873, 0.1009, 0.2372, 0.2372, 0.2372",0.8525308519601822
0,bit mips architecture,,0.7473916411399841,"0.1196, 0.2064, 0.1907, 0.2416, 0.2416",0.7404312789440155
0,computational anatomy,,0.6393333673477173,"0.1492, 0.1178, 0.2444, 0.2444, 0.2444",0.5982653498649597
0,core processor,,0.7871928811073303,"0.0962, 0.2074, 0.2321, 0.2321, 0.2321",0.7111379504203796
0,process plant,,0.6376239061355591,"0.0774, 0.1781, 0.2482, 0.2482, 0.2482",0.7707138061523438
0,symmetric boolean functions,,0.819200873374939,"0.2455, 0.1627, 0.1037, 0.2441, 0.2441",0.9707352910190821
0,free space,,0.6259541511535645,"0.0657, 0.2322, 0.2340, 0.2340, 0.2340",0.8170657306909561
0,partial trace,,0.575927734375,"0.1695, 0.1216, 0.2363, 0.2363, 0.2363",0.8975985944271088
0,automated space docking,,0.50545334815979,"0.0801, 0.2204, 0.2036, 0.2479, 0.2479",0.7565741240978241
0,target code technique,,0.6024900078773499,"0.1833, 0.1642, 0.1604, 0.2460, 0.2460",0.7753206193447113
0,1989 stochastic diffusion search,,0.72504061460495,"0.2385, 0.2465, 0.2392, 0.0264, 0.2494",0.7511809021234512
0,probabilistic parsing mechanism,,0.7265059947967529,"0.2095, 0.1729, 0.1293, 0.2442, 0.2442",0.7682482600212097
0,computer program trained,,0.6269179582595825,"0.2125, 0.1177, 0.1719, 0.2489, 0.2489",0.38999998569488525
0,independent processors,,0.5548845529556274,"0.1379, 0.1616, 0.2335, 0.2335, 0.2335",0.5924859344959259
0,minimum stable convergence criteria,,0.5867174863815308,"0.2259, 0.2376, 0.2291, 0.1164, 0.1910",0.9015896022319794
0,inverse system,,0.5054460167884827,"0.2040, 0.0621, 0.2446, 0.2446, 0.2446",0.762045219540596
0,iteratively solving,,0.7561496496200562,"0.2395, 0.0234, 0.2457, 0.2457, 0.2457",0.7770276218652725
0,randomized meldable heap,,0.6799511313438416,"0.2421, 0.1562, 0.1073, 0.2472, 0.2472",0.8351101875305176
0,key calculation,,0.5477906465530396,"0.1329, 0.1843, 0.2276, 0.2276, 0.2276",0.8052425682544708
0,propositional calculuswhich sets,,0.8008776903152466,"0.2104, 0.1887, 0.1311, 0.2349, 0.2349",0.9593429863452911
0,verification problems,,0.6203137636184692,"0.0984, 0.1774, 0.2414, 0.2414, 0.2414",0.8085568249225616
0,ambient network,,0.6133095622062683,"0.1598, 0.0988, 0.2471, 0.2471, 0.2471",0.7390352189540863
0,empty location,,0.6009260416030884,"0.1331, 0.1748, 0.2307, 0.2307, 0.2307",0.9540843777358532
0,index data structure,,0.6220128536224365,"0.2075, 0.0665, 0.2397, 0.2431, 0.2431",0.7693687081336975
0,small data,,0.5384230613708496,"0.1981, 0.0749, 0.2423, 0.2423, 0.2423",0.6988593935966492
0,microevolutionary processes,,0.8133813142776489,"0.2200, 0.0386, 0.2471, 0.2471, 0.2471",0.7261450886726379
0,process pixel data,,0.5384051203727722,"0.1852, 0.2346, 0.0811, 0.2495, 0.2495",0.6871035695075989
0,square cipher,,0.8210094571113586,"0.2408, 0.0647, 0.2315, 0.2315, 0.2315",0.8527294397354126
0,simplest markov model,,0.8984854817390442,"0.2173, 0.2223, 0.0653, 0.2475, 0.2475",0.816478967666626
0,redblack trees,,0.5607589483261108,"0.0606, 0.2108, 0.2429, 0.2429, 0.2429",0.8890884816646576
0,constant feedback loops,,0.5523301959037781,"0.2283, 0.1228, 0.2029, 0.2230, 0.2230",0.9019924774765968
0,order function orelse,,0.7278347611427307,"0.1813, 0.1227, 0.2093, 0.2433, 0.2433",0.8975910395383835
0,modelling software,,0.6557728052139282,"0.2047, 0.0481, 0.2491, 0.2491, 0.2491",0.6022297739982605
0,transfer data,,0.8741427659988403,"0.2165, 0.0397, 0.2479, 0.2479, 0.2479",0.751191645860672
0,financial value,,0.6525132656097412,"0.1013, 0.1806, 0.2393, 0.2393, 0.2393",0.862540677189827
0,row summing,,0.5959001779556274,"0.1624, 0.1837, 0.2180, 0.2180, 0.2180",0.9208283573389053
0,linear regression focuses,,0.8750603199005127,"0.2415, 0.1637, 0.0966, 0.2491, 0.2491",0.8717964738607407
0,access information,,0.5103026628494263,"0.2153, 0.0414, 0.2478, 0.2478, 0.2478",0.6646763384342194
0,solving sparse linear systems,,0.5934486985206604,"0.0778, 0.2342, 0.2406, 0.1987, 0.2487",0.7932098805904388
0,mrf  markov network,,1.3185886144638062,"0.1856, 0.2479, 0.2276, 0.0910, 0.2479",0.6965922117233276
0,finite state machine,,0.8070752024650574,"0.2467, 0.2167, 0.0539, 0.2414, 0.2414",0.6681383848190308
0,long range numerical weather prediction,,0.8712985515594482,"0.2380, 0.2483, 0.2436, 0.2027, 0.0674",0.955680999904871
0,special dynamic memory allocation libraries,,0.66251140832901,"0.2444, 0.2429, 0.1983, 0.1460, 0.1684",0.798175036907196
0,label classification problem,,0.7860363125801086,"0.1779, 0.1039, 0.2239, 0.2472, 0.2472",0.9018073678016663
0,uniform model,,0.6190251111984253,"0.2173, 0.0767, 0.2353, 0.2353, 0.2353",0.7922094017267227
0,hidden state reparameterizations,,0.6323567032814026,"0.1233, 0.1732, 0.2345, 0.2345, 0.2345",0.8019553869962692
0,input number,,0.8258007764816284,"0.0891, 0.2139, 0.2323, 0.2323, 0.2323",0.8711818903684616
0,nearest neighbors algorithm,,0.8076862096786499,"0.2395, 0.2442, 0.0288, 0.2438, 0.2438",0.884622186422348
0,robust results,,0.601682186126709,"0.2148, 0.0756, 0.2365, 0.2365, 0.2365",0.8003162741661072
0,application delivery network,,0.6897355318069458,"0.1718, 0.1616, 0.1678, 0.2494, 0.2494",0.6886994540691376
0,redeveloping logic,,0.6873937845230103,"0.1692, 0.0967, 0.2447, 0.2447, 0.2447",0.7755205184221268
0,minimum intelligent signal test,,0.6319193840026855,"0.2485, 0.2359, 0.1623, 0.1043, 0.2491",0.722801923751831
0,#NAME?,,0.5152586698532104,"0.0585, 0.2354, 0.2354, 0.2354, 0.2354",0.9473591595888138
0,rnyi information dimension,,0.6868551969528198,"0.1898, 0.0691, 0.2487, 0.2462, 0.2462",0.6993487775325775
0,symmetric linear programming problems,,1.0524784326553345,"0.2486, 0.2403, 0.1369, 0.1265, 0.2478",0.874415785074234
0,data flows,,0.7051477432250977,"0.0801, 0.1846, 0.2451, 0.2451, 0.2451",0.7695887982845306
0,asr  computer speech recognition,,0.5034477114677429,"0.2434, 0.2498, 0.2412, 0.2268, 0.0388",0.6445648968219757
0,place matrix transposition,,0.5727682709693909,"0.0528, 0.2272, 0.2304, 0.2449, 0.2449",0.992016801610589
0,gap analysis,,0.9847385287284851,"0.0618, 0.1961, 0.2474, 0.2474, 0.2474",0.7578229755163193
0,matlab function symmmd,,0.6645829677581787,"0.2290, 0.1410, 0.1314, 0.2492, 0.2492",0.9086882993578911
0,simple echo state networks,,0.6451882123947144,"0.2192, 0.2027, 0.2158, 0.1134, 0.2488",0.7749404162168503
0,sum signals,,0.830876886844635,"0.1981, 0.0683, 0.2445, 0.2445, 0.2445",0.8232399374246597
0,output relations,,0.584705114364624,"0.0872, 0.1971, 0.2386, 0.2386, 0.2386",0.7749826312065125
0,anchor modeling,,0.5503517389297485,"0.2183, 0.0715, 0.2367, 0.2367, 0.2367",0.8650556355714798
0,analytic number theory,,0.9058780670166016,"0.1071, 0.2251, 0.1735, 0.2472, 0.2472",0.825133204460144
0,metamathematics unit,,0.7986709475517273,"0.0842, 0.2320, 0.2280, 0.2280, 0.2280",0.7458565831184387
0,smb  server message block,,0.9601936340332031,"0.2077, 0.2495, 0.1619, 0.1336, 0.2473",0.9184997379779816
0,topological zeta functions,,0.5854053497314453,"0.2480, 0.2261, 0.0333, 0.2463, 0.2463",0.9732813909649849
0,opinion mining,,0.5819472074508667,"0.1491, 0.1225, 0.2428, 0.2428, 0.2428",0.7904307991266251
0,portfolio selection,,0.5052651762962341,"0.1664, 0.1326, 0.2337, 0.2337, 0.2337",0.8725095838308334
0,image search,,0.7198861837387085,"0.2153, 0.0395, 0.2484, 0.2484, 0.2484",0.8441433608531952
0,ip address allocation hierarchy,,0.8153178691864014,"0.1901, 0.1572, 0.1814, 0.2257, 0.2457",0.9041714295744896
0,matrix splitting,,0.7750870585441589,"0.1639, 0.1471, 0.2297, 0.2297, 0.2297",0.993305659852922
0,monitoring brain function,,0.5179734230041504,"0.2014, 0.1502, 0.1504, 0.2490, 0.2490",0.7495815455913544
0,order execution microprocessors,,0.620335578918457,"0.1749, 0.1510, 0.1818, 0.2462, 0.2462",0.6577591300010681
0,static  pure spatial patterns,,0.6105542182922363,"0.2328, 0.2424, 0.1673, 0.2314, 0.1261",0.9086146205663681
0,switching circuit theory,,0.6379654407501221,"0.1655, 0.2163, 0.1375, 0.2404, 0.2404",0.6274336278438568
0,representation curve,,0.6910479068756104,"0.1818, 0.1484, 0.2233, 0.2233, 0.2233",0.8712989538908005
0,relative computability,,0.5081914067268372,"0.1611, 0.1477, 0.2304, 0.2304, 0.2304",0.5609012544155121
0,malicious site,,0.7062402963638306,"0.1846, 0.0711, 0.2481, 0.2481, 0.2481",0.7842087000608444
0,tech mining,,0.5456029176712036,"0.1608, 0.0948, 0.2481, 0.2481, 0.2481",0.5182087421417236
0,time algorithm specialization,,0.7196445465087891,"0.2326, 0.1015, 0.1745, 0.2457, 0.2457",0.7330658435821533
0,reference model,,0.554106593132019,"0.1476, 0.1124, 0.2467, 0.2467, 0.2467",0.7779439091682434
0,planar graphbased,,0.7048467397689819,"0.2091, 0.0661, 0.2416, 0.2416, 0.2416",0.7839168906211853
0,norm iec 61131,,0.5361140966415405,"0.2408, 0.1994, 0.0697, 0.2450, 0.2450",0.8107148855924606
0,relational mapping,,0.7418345212936401,"0.1277, 0.1445, 0.2426, 0.2426, 0.2426",0.8017468601465225
0,quantized signals,,0.7698637843132019,"0.2406, 0.0332, 0.2421, 0.2421, 0.2421",0.9052282571792603
0,predictable output,,0.5779953598976135,"0.1817, 0.0838, 0.2448, 0.2448, 0.2448",0.7383497655391693
0,scalable version,,0.5525226593017578,"0.2232, 0.0635, 0.2378, 0.2378, 0.2378",0.6888779103755951
0,efficient matlab,,0.5215795636177063,"0.2183, 0.0964, 0.2284, 0.2284, 0.2284",0.8062275499105453
0,time path,,0.5038729906082153,"0.1783, 0.1789, 0.2143, 0.2143, 0.2143",0.905339278280735
0,node link,,0.7805493474006653,"0.2130, 0.0995, 0.2292, 0.2292, 0.2292",0.9805170968174934
0,generating software pipelined loops,,0.6574711799621582,"0.1877, 0.0919, 0.2313, 0.2394, 0.2498",0.8144911527633667
0,realistic mathematical models,,0.7167226672172546,"0.2435, 0.2342, 0.0314, 0.2454, 0.2454",0.7719544619321823
0,large deep generative models,,0.8203846216201782,"0.2458, 0.2265, 0.1836, 0.1088, 0.2352",0.7566868960857391
0,based learning algorithms,,0.6799226999282837,"0.2295, 0.1122, 0.1586, 0.2499, 0.2499",0.7325437366962433
0,theorem  computer science,,0.5769413113594055,"0.2274, 0.2477, 0.1320, 0.1451, 0.2477",0.3522565960884094
0,congestion avoidance,,0.5773614645004272,"0.1684, 0.1143, 0.2391, 0.2391, 0.2391",0.8977960050106049
0,formal logic,,0.6409199237823486,"0.1861, 0.0910, 0.2410, 0.2410, 0.2410",0.7874695658683777
0,observation function,,0.6827867031097412,"0.1673, 0.0965, 0.2454, 0.2454, 0.2454",0.7403550446033478
0,trace distance,,0.8608497381210327,"0.0720, 0.2431, 0.2283, 0.2283, 0.2283",0.8973775207996368
0,linear programming algorithm finds,,0.6458415985107422,"0.2496, 0.2467, 0.2339, 0.0198, 0.2500",0.7557253837585449
0,inverse direction,,0.5604262948036194,"0.1816, 0.1437, 0.2249, 0.2249, 0.2249",0.9709144253283739
0,flow diagrams,,0.5017290711402893,"0.1790, 0.1387, 0.2274, 0.2274, 0.2274",0.7459657788276672
0,model pseudo,,0.6899888515472412,"0.1418, 0.1199, 0.2461, 0.2461, 0.2461",0.8264893293380737
0,choke openings,,0.7334889769554138,"0.1490, 0.1503, 0.2336, 0.2336, 0.2336",0.9326448142528534
0,minimum acceptable signal,,0.5688274502754211,"0.2371, 0.1788, 0.1209, 0.2316, 0.2316",0.8928035423159599
0,deterministic problems,,0.5072593092918396,"0.1909, 0.1052, 0.2346, 0.2346, 0.2346",0.7708833515644073
0,flow analysis,,0.5903192758560181,"0.1958, 0.0642, 0.2467, 0.2467, 0.2467",0.7856101393699646
0,principal component analysis  eckartyoung theorem,,0.5434015989303589,"0.2278, 0.1908, 0.1113, 0.2477, 0.2225",0.7661792635917664
0,hardware register,,0.532318651676178,"0.1627, 0.1367, 0.2335, 0.2335, 0.2335",0.6458643972873688
0,probabilistic roadmap methods,,0.5433554649353027,"0.2385, 0.2276, 0.0435, 0.2452, 0.2452",0.8631137758493423
0,dynamical systems theory,,0.9112293720245361,"0.2462, 0.1615, 0.1019, 0.2452, 0.2452",0.7814444601535797
0,unanticipated arithmetic overflow,,0.6157549619674683,"0.1886, 0.2019, 0.1235, 0.2430, 0.2430",0.8719181418418884
0,memory location,,0.7021766304969788,"0.1863, 0.1010, 0.2375, 0.2375, 0.2375",0.6551161408424377
0,fuzzy system independently,,0.6919883489608765,"0.1792, 0.1500, 0.1756, 0.2476, 0.2476",0.7333740293979645
0,quantum measurement theory,,0.5398222804069519,"0.2347, 0.1875, 0.1244, 0.2267, 0.2267",0.7679389864206314
0,smaller bit width,,0.7014011144638062,"0.1875, 0.1040, 0.2481, 0.2302, 0.2302",0.8522002547979355
0,linear discriminant,,1.0836373567581177,"0.1748, 0.1163, 0.2363, 0.2363, 0.2363",0.8285072147846222
0,parsimonious reduction,,0.5303593873977661,"0.1109, 0.2051, 0.2280, 0.2280, 0.2280",0.8499144017696381
0,universal model,,0.759507417678833,"0.2286, 0.0526, 0.2396, 0.2396, 0.2396",0.7885207086801529
0,parameter tractability,,0.530451238155365,"0.1623, 0.1560, 0.2272, 0.2272, 0.2272",0.8749711960554123
0,manual symmetric encryption technique,,0.5077725052833557,"0.2018, 0.2444, 0.1953, 0.1168, 0.2418",0.8676598519086838
0,idealized model,,0.5460169315338135,"0.1883, 0.0834, 0.2428, 0.2428, 0.2428",0.7967974841594696
0,negative matrix approximation,,0.5308073163032532,"0.0334, 0.2356, 0.2385, 0.2462, 0.2462",0.9803353920578957
0,control flowthere,,0.5359553694725037,"0.1744, 0.1319, 0.2312, 0.2312, 0.2312",0.8830349072813988
0,symmetric boolean function,,0.9157404899597168,"0.2464, 0.1743, 0.0872, 0.2460, 0.2460",0.9761870540678501
0,global search properties,,0.6437119245529175,"0.2295, 0.0453, 0.2361, 0.2445, 0.2445",0.8230299204587936
0,simple competitive learning algorithm,,0.5512205958366394,"0.2448, 0.2393, 0.1106, 0.1556, 0.2498",0.7519579380750656
0,mathematical systems theory,,0.5812641382217407,"0.2409, 0.1450, 0.1214, 0.2463, 0.2463",0.7199061810970306
0,combinatorial optimization,,0.8503451347351074,"0.1680, 0.1296, 0.2342, 0.2342, 0.2342",0.7854668200016022
0,universal traversal sequence,,0.6259582042694092,"0.2312, 0.2043, 0.0874, 0.2385, 0.2385",0.8667464107275009
0,galaxies  numerical linear algebra,,0.7201447486877441,"0.2079, 0.2110, 0.2378, 0.1828, 0.1606",0.8936264961957932
0,seamless transaction,,0.7534242272377014,"0.2139, 0.0582, 0.2427, 0.2427, 0.2427",0.7785048484802246
0,cannot compute,,0.5813413262367249,"0.2057, 0.0649, 0.2431, 0.2431, 0.2431",0.7710176557302475
0,time markov process,,0.8785032033920288,"0.2398, 0.2316, 0.0318, 0.2484, 0.2484",0.8108991384506226
0,redundant functional units,,0.5241683125495911,"0.1335, 0.1534, 0.2491, 0.2320, 0.2320",0.880300298333168
0,relay logic  fluidic logic,,0.6770695447921753,"0.2486, 0.2036, 0.2482, 0.2201, 0.0795",0.7152571678161621
0,content delivery network,,0.7253724932670593,"0.1762, 0.1664, 0.1608, 0.2483, 0.2483",0.7158538401126862
0,denotational semantics,,0.7104346752166748,"0.2330, 0.0307, 0.2454, 0.2454, 0.2454",0.7974472045898438
0,recursively subdividing,,0.5382101535797119,"0.2088, 0.1292, 0.2207, 0.2207, 0.2207",0.8598319888114929
0,communication protocol,,0.6938495635986328,"0.1634, 0.1246, 0.2373, 0.2373, 0.2373",0.7266082763671875
0,program order,,0.66999351978302,"0.0904, 0.1677, 0.2473, 0.2473, 0.2473",0.7475931346416473
0,symmetric functions,,0.6167522668838501,"0.2434, 0.0676, 0.2297, 0.2297, 0.2297",0.9722583387047052
0,logic gates,,0.9554113745689392,"0.0947, 0.1762, 0.2430, 0.2430, 0.2430",0.6848008930683136
0,shift spaces,,0.5093641877174377,"0.1141, 0.1893, 0.2322, 0.2322, 0.2322",0.9550461657345295
0,permit direct memory access,,0.557116687297821,"0.2466, 0.2104, 0.1890, 0.1105, 0.2435",0.7952956259250641
0,virtual machine component,,0.8170901536941528,"0.1959, 0.1433, 0.1626, 0.2491, 0.2491",0.6302196681499481
0,robust argumentation machines,,0.6710015535354614,"0.2355, 0.2197, 0.0622, 0.2413, 0.2413",0.6967558860778809
0,polynomial remainder theorem,,0.5389147996902466,"0.1192, 0.1624, 0.2346, 0.2419, 0.2419",0.9625251814723015
0,biased estimation,,0.6996406316757202,"0.1572, 0.1436, 0.2331, 0.2331, 0.2331",0.8543728590011597
0,floor space,,0.6629034280776978,"0.0671, 0.2374, 0.2318, 0.2318, 0.2318",0.8155344575643539
0,inductive step,,0.5482169389724731,"0.2022, 0.0951, 0.2342, 0.2342, 0.2342",0.8263284415006638
0,protein secondary structure,,0.5337854027748108,"0.1396, 0.1743, 0.2405, 0.2228, 0.2228",0.9061212986707687
0,recursion method bearing,,0.8323080539703369,"0.2407, 0.0396, 0.2350, 0.2423, 0.2423",0.9249330908060074
0,classical economic mechanism design,,0.5788372755050659,"0.2483, 0.2140, 0.1946, 0.0963, 0.2468",0.8071197122335434
0,basic linear algebra,,0.7363051176071167,"0.1100, 0.2181, 0.2052, 0.2333, 0.2333",0.8849012330174446
0,processing points,,0.9565523862838745,"0.0816, 0.1855, 0.2443, 0.2443, 0.2443",0.6378920674324036
0,fielded search,,0.5972505211830139,"0.2093, 0.0476, 0.2477, 0.2477, 0.2477",0.8063960373401642
0,suitable programming language,,0.5081360936164856,"0.1672, 0.1703, 0.1805, 0.2410, 0.2410",0.5272184312343597
0,polynomials indexed,,0.5204493999481201,"0.1751, 0.1280, 0.2323, 0.2323, 0.2323",0.9134575426578522
0,protein binding,,0.6322206258773804,"0.1614, 0.1583, 0.2268, 0.2268, 0.2268",0.9419788159430027
0,sparse lower triangular matrix k,,0.5045913457870483,"0.2210, 0.2390, 0.2466, 0.2237, 0.0696",0.9941022885031998
0,domain method,,0.7102111577987671,"0.2331, 0.0306, 0.2454, 0.2454, 0.2454",0.8144780397415161
0,based binary search tree,,0.8050352931022644,"0.1698, 0.2221, 0.1187, 0.2395, 0.2499",0.714574933052063
0,classify patterns,,0.6983769536018372,"0.0840, 0.1816, 0.2448, 0.2448, 0.2448",0.8505232781171799
0,partitioning design pattern,,0.6047364473342896,"0.2400, 0.1543, 0.1263, 0.2397, 0.2397",0.8170642256736755
0,robin scheduling,,0.5211237668991089,"0.2130, 0.1036, 0.2278, 0.2278, 0.2278",0.8742242753505707
0,balanced binary search tree dynamically,,1.1448897123336792,"0.2375, 0.2213, 0.0937, 0.2345, 0.2129",0.8070789724588394
0,theoretic method,,0.776566743850708,"0.2360, 0.0261, 0.2459, 0.2459, 0.2459",0.8340418934822083
0,bit central processing unit,,0.7468774318695068,"0.1319, 0.2103, 0.1649, 0.2456, 0.2473",0.6856888830661774
0,linguistic theory,,0.6335130929946899,"0.1317, 0.1466, 0.2405, 0.2405, 0.2405",0.7561919987201691
0,data stored,,0.5578144788742065,"0.0933, 0.1644, 0.2474, 0.2474, 0.2474",0.7117286026477814
0,parametric feature,,0.5606916546821594,"0.2371, 0.0659, 0.2323, 0.2323, 0.2323",0.8374179601669312
0,application delivery networks,,0.6658095121383667,"0.1720, 0.1622, 0.1669, 0.2495, 0.2495",0.67051562666893
0,data values,,0.6006649732589722,"0.0663, 0.2024, 0.2438, 0.2438, 0.2438",0.833189457654953
0,squares support,,0.5457758903503418,"0.1360, 0.1815, 0.2275, 0.2275, 0.2275",0.8416031301021576
0,technology intelligence branches,,0.6061364412307739,"0.1104, 0.1616, 0.2318, 0.2481, 0.2481",0.4118322730064392
0,riemann zeta function,,0.8878729343414307,"0.2489, 0.2312, 0.0264, 0.2468, 0.2468",0.9955884264782071
0,rough measure,,0.5525692701339722,"0.0794, 0.2234, 0.2324, 0.2324, 0.2324",0.8079459369182587
0,molecular biology,,0.5458073616027832,"0.2070, 0.0618, 0.2437, 0.2437, 0.2437",0.696788102388382
0,minimum spanning tree problem  mst,,0.8230806589126587,"0.2142, 0.2363, 0.1892, 0.1744, 0.1859",0.8761314004659653
0,size computation,,0.7697769403457642,"0.2483, 0.0913, 0.2202, 0.2202, 0.2202",0.6401002705097198
0,input patterns,,0.8084481954574585,"0.1321, 0.1450, 0.2410, 0.2410, 0.2410",0.8184480369091034
0,yield intelligent behavior,,0.5109987258911133,"0.2413, 0.1896, 0.0813, 0.2439, 0.2439",0.7345687448978424
0,optimal offline algorithm,,0.9619549512863159,"0.1948, 0.1849, 0.1377, 0.2413, 0.2413",0.8739852756261826
0,complex number storage,,0.5488191843032837,"0.2199, 0.1578, 0.1721, 0.2251, 0.2251",0.6543721258640289
0,cmos transistors,,0.6064101457595825,"0.1175, 0.2260, 0.2188, 0.2188, 0.2188",0.7095941603183746
0,cryogenic computing,,0.7494547963142395,"0.2128, 0.0423, 0.2483, 0.2483, 0.2483",0.5753703713417053
0,standard library header,,0.5386719703674316,"0.1734, 0.1784, 0.1825, 0.2328, 0.2328",0.7349949479103088
0,coherent view,,0.6705911755561829,"0.2333, 0.0740, 0.2309, 0.2309, 0.2309",0.7807959318161011
0,dimensional dynamic models,,0.8557341694831848,"0.2491, 0.2348, 0.0254, 0.2453, 0.2453",0.8906541913747787
0,training recursive neural nets,,0.735755205154419,"0.2413, 0.2379, 0.1597, 0.1119, 0.2491",0.7528114020824432
0,convolutional code,,1.2577263116836548,"0.1844, 0.0854, 0.2434, 0.2434, 0.2434",0.8244468569755554
0,typical combinatorial optimization problems,,0.535297155380249,"0.2256, 0.2153, 0.1930, 0.1213, 0.2449",0.8402066081762314
0,finite element method,,0.5274974703788757,"0.2465, 0.2448, 0.0297, 0.2395, 0.2395",0.8630049526691437
0,mathematical framework,,0.5044746994972229,"0.2399, 0.0181, 0.2473, 0.2473, 0.2473",0.7178587019443512
0,step size,,0.5517957806587219,"0.0879, 0.2482, 0.2213, 0.2213, 0.2213",0.8231033682823181
0,run-time algorithm specialization,,0.6354740858078003,"0.2258, 0.1088, 0.1727, 0.2463, 0.2463",0.7283596098423004
0,computer methods,,0.6654244661331177,"0.1795, 0.0797, 0.2469, 0.2469, 0.2469",0.3679395914077759
0,ip address 8,,0.6060128211975098,"0.1881, 0.1527, 0.1707, 0.2443, 0.2443",0.9029484018683434
0,optimized allocation,,0.6266400814056396,"0.1837, 0.1347, 0.2272, 0.2272, 0.2272",0.8450980633497238
0,lightweight application,,0.5327715873718262,"0.2376, 0.0817, 0.2269, 0.2269, 0.2269",0.6608410477638245
0,limited address space,,0.5986409783363342,"0.1426, 0.1573, 0.2387, 0.2307, 0.2307",0.8857195973396301
0,contract methodologies,,0.5877307653427124,"0.2154, 0.0529, 0.2439, 0.2439, 0.2439",0.8791329190135002
0,combines reinforcement learning,,0.7175702452659607,"0.2360, 0.2455, 0.0212, 0.2487, 0.2487",0.8030947744846344
0,typical serial sorting algorithms,,0.8933851718902588,"0.2435, 0.2344, 0.1624, 0.1112, 0.2485",0.8297601193189621
0,digital camera,,0.5464499592781067,"0.0929, 0.1633, 0.2480, 0.2480, 0.2480",0.8198548555374146
0,bloch representation,,0.6499589681625366,"0.1614, 0.1640, 0.2249, 0.2249, 0.2249",0.8713860660791397
0,customer service,,0.52406907081604,"0.1136, 0.1492, 0.2457, 0.2457, 0.2457",0.7687142044305801
0,subobject classifiers,,0.5976151823997498,"0.1726, 0.1409, 0.2288, 0.2288, 0.2288",0.8809968829154968
0,handle sequence data,,0.5894781351089478,"0.2166, 0.2128, 0.0731, 0.2488, 0.2488",0.7399743497371674
0,leak information,,0.5338008403778076,"0.2018, 0.0539, 0.2481, 0.2481, 0.2481",0.685808002948761
0,support regular expression,,0.5138890147209167,"0.1655, 0.2295, 0.1191, 0.2430, 0.2430",0.9392616003751755
0,string kernel allows,,0.5899096131324768,"0.1397, 0.2028, 0.1693, 0.2441, 0.2441",0.8181098997592926
0,signal strength input,,0.5761576890945435,"0.0746, 0.2459, 0.1964, 0.2416, 0.2416",0.807510569691658
0,general structured output labels,,0.5028260350227356,"0.2288, 0.2059, 0.1115, 0.2067, 0.2471",0.8616721332073212
0,nervous system,,0.5405594110488892,"0.1737, 0.0977, 0.2429, 0.2429, 0.2429",0.767600491642952
0,input audio stream,,0.5724959969520569,"0.1617, 0.1469, 0.1977, 0.2468, 0.2468",0.8117165863513947
0,stability model,,0.7097392082214355,"0.2385, 0.0725, 0.2297, 0.2297, 0.2297",0.8364481180906296
0,rendering realistic 3d computer graphics,,0.7257519960403442,"0.2332, 0.2376, 0.2286, 0.1142, 0.1863",0.66099414229393
0,constructing algorithms,,0.5880206823348999,"0.1923, 0.0623, 0.2485, 0.2485, 0.2485",0.7350525259971619
0,rotation data,,0.7647340297698975,"0.2439, 0.0295, 0.2422, 0.2422, 0.2422",0.8260536193847656
0,field access,,0.547930121421814,"0.2001, 0.1003, 0.2332, 0.2332, 0.2332",0.853004664182663
0,input size,,0.6862310767173767,"0.0852, 0.2487, 0.2220, 0.2220, 0.2220",0.836069256067276
0,matrix equations,,0.5486336946487427,"0.1871, 0.1739, 0.2130, 0.2130, 0.2130",0.9679874517023563
0,ideal logic gate,,0.8678609728813171,"0.1999, 0.0954, 0.2242, 0.2403, 0.2403",0.7513155192136765
0,subobject classifier,,0.6692796945571899,"0.1666, 0.1610, 0.2241, 0.2241, 0.2241",0.8931291624903679
0,exact function,,0.6471526026725769,"0.2035, 0.0624, 0.2447, 0.2447, 0.2447",0.8575364947319031
0,software engineeringis,,0.619006872177124,"0.0829, 0.1719, 0.2484, 0.2484, 0.2484",0.526218444108963
0,1996  evolutionary algorithms,,0.6914893984794617,"0.1902, 0.2487, 0.2292, 0.0831, 0.2487",0.7273525297641754
0,site scripting,,0.5854785442352295,"0.1167, 0.1445, 0.2463, 0.2463, 0.2463",0.8199138343334198
0,matrix analysis,,0.7687978148460388,"0.2177, 0.0468, 0.2452, 0.2452, 0.2452",0.8522665500640869
0,sub field,,0.6066602468490601,"0.1186, 0.1976, 0.2279, 0.2279, 0.2279",0.9655980989336967
0,cookie domain,,0.7538281083106995,"0.0758, 0.2043, 0.2399, 0.2399, 0.2399",0.8678683787584305
0,basic linear algebra subprograms,,0.7592779397964478,"0.1915, 0.2354, 0.2276, 0.1009, 0.2446",0.9325053468346596
0,stored contiguously,,0.5169825553894043,"0.0819, 0.2388, 0.2264, 0.2264, 0.2264",0.9196836054325104
0,continuous random variable,,0.5116196274757385,"0.2385, 0.2334, 0.0611, 0.2335, 0.2335",0.8800791874527931
0,free composition functions,,0.539643406867981,"0.1879, 0.1842, 0.1381, 0.2449, 0.2449",0.7905975878238678
0,basic theory,,0.563117504119873,"0.1549, 0.1581, 0.2290, 0.2290, 0.2290",0.7533361911773682
0,simplifying channel equalization,,0.8172415494918823,"0.1990, 0.1621, 0.1516, 0.2436, 0.2436",0.8711825907230377
0,geometric median minimizes euclidean distances,,0.5981191396713257,"0.2380, 0.0628, 0.2025, 0.2470, 0.2497",0.9801043309271336
0,indicator functions,,0.6505420207977295,"0.1200, 0.1435, 0.2455, 0.2455, 0.2455",0.8245262056589127
0,user virtualization decouples,,0.5189396142959595,"0.0779, 0.2099, 0.2148, 0.2487, 0.2487",0.7143686413764954
0,simple binary logic truth values,,0.5694032907485962,"0.2338, 0.2392, 0.2102, 0.1132, 0.2035",0.8410972058773041
0,label problem,,0.5478184223175049,"0.1203, 0.1830, 0.2322, 0.2322, 0.2322",0.9918894125148654
0,column summing,,0.5046507120132446,"0.1507, 0.1851, 0.2214, 0.2214, 0.2214",0.9281460121273994
0,generalized symbolic trajectory evaluation,,0.5138110518455505,"0.2466, 0.2089, 0.2325, 0.0629, 0.2492",0.8583746552467346
0,computational systems,,0.6058927774429321,"0.1950, 0.0639, 0.2470, 0.2470, 0.2470",0.5226759314537048
0,model nonlinear processes,,0.8531911969184875,"0.2221, 0.2431, 0.0369, 0.2489, 0.2489",0.820779025554657
0,hardware errors,,0.6124626398086548,"0.1445, 0.1291, 0.2421, 0.2421, 0.2421",0.772080197930336
0,extensible encoding system,,0.739885687828064,"0.2421, 0.1584, 0.1054, 0.2470, 0.2470",0.7589542120695114
0,amd accelerated processing units,,0.8222379684448242,"0.1971, 0.2408, 0.0752, 0.2487, 0.2382",0.6575777530670166
0,shallow semantic parsing,,0.8422691822052002,"0.2417, 0.0298, 0.2319, 0.2482, 0.2482",0.8116467446088791
0,functions measuring,,0.5006583333015442,"0.1376, 0.1331, 0.2431, 0.2431, 0.2431",0.7780387252569199
0,usa network,,0.6662367582321167,"0.1629, 0.1065, 0.2435, 0.2435, 0.2435",0.7626126706600189
0,software design description,,0.5327739715576172,"0.1881, 0.2026, 0.1110, 0.2492, 0.2492",0.6146649718284607
0,amd accelerated processing unit,,0.8089174628257751,"0.2087, 0.2419, 0.0682, 0.2403, 0.2410",0.638426274061203
0,static access permissions,,0.7359199523925781,"0.2402, 0.1492, 0.1241, 0.2433, 0.2433",0.9286547601222992
0,proof method,,0.6225784420967102,"0.2188, 0.0464, 0.2449, 0.2449, 0.2449",0.7985685914754868
0,total variation distance,,0.5110630393028259,"0.1107, 0.1751, 0.2479, 0.2331, 0.2331",0.9122921898961067
0,efficiently query,,0.799190878868103,"0.2129, 0.0525, 0.2449, 0.2449, 0.2449",0.8642786294221878
0,output classification,,0.8302552103996277,"0.1194, 0.1389, 0.2472, 0.2472, 0.2472",0.6644095778465271
0,force search,,0.5330235958099365,"0.2423, 0.0262, 0.2438, 0.2438, 0.2438",0.8324345499277115
0,functional programming community,,0.5796685218811035,"0.2256, 0.1944, 0.0837, 0.2482, 0.2482",0.5950561463832855
0,wan optimization controllers,,0.5614199042320251,"0.0716, 0.2112, 0.2230, 0.2471, 0.2471",0.838063657283783
0,angular position,,0.5610055327415466,"0.2129, 0.1238, 0.2211, 0.2211, 0.2211",0.9877540823072195
0,dynamic avoidance,,0.7069120407104492,"0.2273, 0.0462, 0.2422, 0.2422, 0.2422",0.8410688191652298
0,time algorithm,,1.0532313585281372,"0.2231, 0.0438, 0.2444, 0.2444, 0.2444",0.7961781024932861
0,asynchronous loading,,0.5646709203720093,"0.1939, 0.1039, 0.2341, 0.2341, 0.2341",0.8757135421037674
0,fortran basic linear algebra subprograms,,0.8500760197639465,"0.2366, 0.2040, 0.2368, 0.2283, 0.0943",0.8917437195777893
0,regressive processes,,0.6132432222366333,"0.2340, 0.0338, 0.2441, 0.2441, 0.2441",0.7898688316345215
0,single binary output,,0.630199134349823,"0.1681, 0.1780, 0.1602, 0.2468, 0.2468",0.7911595404148102
0,instruction execution time,,0.7944984436035156,"0.2021, 0.1489, 0.1577, 0.2457, 0.2457",0.6793350577354431
0,time recurrent neural networks,,1.1602522134780884,"0.2379, 0.1995, 0.1976, 0.1159, 0.2491",0.7483715415000916
0,quantificational logic,,0.9136965274810791,"0.2079, 0.0658, 0.2421, 0.2421, 0.2421",0.7788050770759583
0,svm classifier supports binary classification,,0.6386481523513794,"0.2457, 0.2314, 0.1368, 0.2006, 0.1855",0.7898657321929932
0,video sequence,,0.5042409300804138,"0.1677, 0.1399, 0.2308, 0.2308, 0.2308",0.8124122321605682
0,allow directed graphs,,0.5836145877838135,"0.2128, 0.2325, 0.0703, 0.2422, 0.2422",0.8005204349756241
0,arbitrary text,,0.5270568132400513,"0.2272, 0.0388, 0.2447, 0.2447, 0.2447",0.8840928226709366
0,immersive design,,0.5213985443115234,"0.1987, 0.0829, 0.2395, 0.2395, 0.2395",0.6603149175643921
0,noam nisan,,0.6950825452804565,"0.0591, 0.2098, 0.2437, 0.2437, 0.2437",0.8355492353439331
0,backpropagation through structure,,0.5442551970481873,"0.2069, 0.0517, 0.2451, 0.2482, 0.2482",0.9105737209320068
0,bit mips processors,,0.8840270042419434,"0.1322, 0.1972, 0.1803, 0.2452, 0.2452",0.7362562716007233
0,protein sequences,,0.5820943713188171,"0.1555, 0.2009, 0.2146, 0.2146, 0.2146",0.8448646366596222
0,fixed error bound,,0.7298839688301086,"0.1792, 0.1346, 0.2370, 0.2246, 0.2246",0.967816311866045
0,called dynamic bayesian networks,,0.83553147315979,"0.1915, 0.2350, 0.1848, 0.1390, 0.2496",0.8098835200071335
0,schnhagestrassen algorithm,,1.0582430362701416,"0.1883, 0.0729, 0.2462, 0.2462, 0.2462",0.8309512287378311
0,model transformation language,,0.596875011920929,"0.2196, 0.1406, 0.1434, 0.2482, 0.2482",0.695602536201477
0,inputs get bigger,,0.6690123081207275,"0.1905, 0.0676, 0.2456, 0.2482, 0.2482",0.8625219315290451
0,alphabet substitution ciphers,,0.5988743305206299,"0.1485, 0.1623, 0.1911, 0.2491, 0.2491",0.794990748167038
0,word length,,0.5694780349731445,"0.0582, 0.2499, 0.2307, 0.2307, 0.2307",0.8613426685333252
0,browser exploit,,0.5789181590080261,"0.2038, 0.0607, 0.2452, 0.2452, 0.2452",0.8077507019042969
0,numeric methods,,0.5302367210388184,"0.2201, 0.0498, 0.2434, 0.2434, 0.2434",0.8199464529752731
0,load balancing,,0.5342156887054443,"0.1416, 0.2254, 0.2110, 0.2110, 0.2110",0.7844361811876297
0,message facilitates structure mining,,0.51337730884552,"0.1501, 0.1855, 0.2472, 0.1688, 0.2485",0.6903006136417389
0,schedule processes,,0.6317106485366821,"0.2153, 0.0452, 0.2465, 0.2465, 0.2465",0.7519448399543762
0,generalized context-free grammar,,0.5913954973220825,"0.2323, 0.1778, 0.0977, 0.2461, 0.2461",0.8432752192020416
0,tier erp software,,0.7827203273773193,"0.2199, 0.1728, 0.1115, 0.2479, 0.2479",0.6920666694641113
0,natural neuronal processes,,0.7343491315841675,"0.2235, 0.2324, 0.0475, 0.2483, 0.2483",0.7845168858766556
0,artificial intelligence laboratory,,0.5764104127883911,"0.2213, 0.1785, 0.1010, 0.2496, 0.2496",0.4917166233062744
0,reverse index,,0.5234990119934082,"0.0949, 0.1903, 0.2383, 0.2383, 0.2383",0.8404151201248169
0,basic linear algebra subroutines,,0.7498885989189148,"0.1657, 0.2288, 0.2133, 0.1491, 0.2431",0.9675878807902336
0,simplify formulas,,0.511391282081604,"0.1835, 0.1802, 0.2121, 0.2121, 0.2121",0.9587419480085373
0,business functions,,0.5946662425994873,"0.1099, 0.1456, 0.2482, 0.2482, 0.2482",0.7351665794849396
0,secondary hash,,0.9827785491943359,"0.2011, 0.0743, 0.2415, 0.2415, 0.2415",0.9963154962752014
0,zermelofraenkel set theory,,0.5293397903442383,"0.2346, 0.1293, 0.1480, 0.2441, 0.2441",0.9687418974936008
0,practical artificial neural networks,,1.1286773681640625,"0.2391, 0.2063, 0.1838, 0.1211, 0.2497",0.6863290965557098
0,bit microprocessors,,0.7800257205963135,"0.0749, 0.2020, 0.2410, 0.2410, 0.2410",0.6191391050815582
0,oriented code,,1.0637485980987549,"0.1802, 0.0883, 0.2438, 0.2438, 0.2438",0.6718741655349731
0,channel equalization,,0.6054694652557373,"0.1431, 0.1546, 0.2341, 0.2341, 0.2341",0.8457263261079788
0,proteins online,,0.5220433473587036,"0.2157, 0.0455, 0.2463, 0.2463, 0.2463",0.7707037329673767
0,proxy pattern description,,0.5299656987190247,"0.2169, 0.2142, 0.0733, 0.2478, 0.2478",0.8977793753147125
0,tolerant networking,,0.8968460559844971,"0.2139, 0.0641, 0.2406, 0.2406, 0.2406",0.7323806285858154
0,linear probing searches,,0.9999905228614807,"0.2460, 0.1906, 0.0645, 0.2495, 0.2495",0.7752724140882492
0,categorize unlabeled data,,0.6893373727798462,"0.1802, 0.2302, 0.0913, 0.2491, 0.2491",0.8614541590213776
0,variable symmetric boolean function,,0.7405038475990295,"0.2330, 0.2462, 0.1721, 0.1002, 0.2485",0.9850078914314508
0,robust optimization,,0.6022030711174011,"0.1937, 0.1769, 0.2098, 0.2098, 0.2098",0.8472509831190109
0,data shorter,,0.8327339291572571,"0.0207, 0.2408, 0.2461, 0.2461, 0.2461",0.7895717918872833
0,telephone number,,0.5624011158943176,"0.1132, 0.2153, 0.2238, 0.2238, 0.2238",0.9103284403681755
0,technology mining,,0.5996522307395935,"0.1716, 0.0845, 0.2480, 0.2480, 0.2480",0.555562287569046
0,communication channel,,0.5881203413009644,"0.1429, 0.1489, 0.2361, 0.2361, 0.2361",0.7430724203586578
0,time errors,,0.5409666299819946,"0.1967, 0.0812, 0.2407, 0.2407, 0.2407",0.8757326677441597
0,clipper architecture,,0.5177712440490723,"0.1908, 0.1806, 0.2095, 0.2095, 0.2095",0.7258337736129761
0,replaces runtime computation,,0.555521547794342,"0.1751, 0.2256, 0.1018, 0.2488, 0.2488",0.6809565424919128
0,deduction efficiently,,0.5013188719749451,"0.1928, 0.1683, 0.2130, 0.2130, 0.2130",0.9704595003277063
0,mixcolumns step,,0.658733606338501,"0.1978, 0.0924, 0.2366, 0.2366, 0.2366",0.9732217099517584
0,key algorithm,,1.0967568159103394,"0.1679, 0.0941, 0.2460, 0.2460, 0.2460",0.7705623656511307
0,sending signals,,0.7024174928665161,"0.1684, 0.0910, 0.2469, 0.2469, 0.2469",0.7991467118263245
0,smb2  server message block,,1.0026049613952637,"0.2207, 0.2494, 0.1595, 0.1235, 0.2471",0.939074520021677
0,molecular dynamics models,,1.0137754678726196,"0.2283, 0.2418, 0.0476, 0.2412, 0.2412",0.8258179873228073
0,transmitting data,,0.5491750240325928,"0.1933, 0.0629, 0.2479, 0.2479, 0.2479",0.7066499888896942
0,call home  call routing,,0.563773512840271,"0.1875, 0.2185, 0.2492, 0.1083, 0.2364",0.974493270739913
0,sequential order,,0.5394563674926758,"0.1211, 0.1456, 0.2445, 0.2445, 0.2445",0.8960099294781685
0,condition code register,,0.830940842628479,"0.1555, 0.1607, 0.1949, 0.2445, 0.2445",0.8569838255643845
0,efficient analysisone,,0.529082715511322,"0.2182, 0.0574, 0.2414, 0.2414, 0.2414",0.7500734627246857
0,streaming division,,0.5657225251197815,"0.1013, 0.2219, 0.2256, 0.2256, 0.2256",0.7599178552627563
0,little computation,,0.6997327208518982,"0.1689, 0.0970, 0.2447, 0.2447, 0.2447",0.6350173056125641
0,objective programming,,0.6062132120132446,"0.1667, 0.0950, 0.2461, 0.2461, 0.2461",0.749024897813797
0,computer intensive simulations,,0.5774263739585876,"0.0724, 0.2047, 0.2373, 0.2428, 0.2428",0.5449268817901611
0,digital sort,,0.5199235677719116,"0.0436, 0.2139, 0.2475, 0.2475, 0.2475",0.6917886435985565
0,base beta,,0.6334212422370911,"0.1448, 0.1625, 0.2309, 0.2309, 0.2309",0.9072617292404175
0,financial sector,,0.5231167078018188,"0.1487, 0.1136, 0.2459, 0.2459, 0.2459",0.6987417638301849
0,hierarchical database modelit,,1.3854812383651733,"0.2168, 0.1546, 0.1339, 0.2473, 0.2473",0.7800697535276413
0,document pattern,,0.5639251470565796,"0.0885, 0.1855, 0.2420, 0.2420, 0.2420",0.8240067660808563
0,random subspace selection,,0.8088735938072205,"0.2387, 0.2072, 0.0646, 0.2447, 0.2447",0.897262305021286
0,model transformation languages,,0.5033877491950989,"0.2086, 0.1205, 0.1766, 0.2472, 0.2472",0.7166317403316498
