IfCS,Phrase,Correct,Probablity,Attention
0,lazy learning systems,,0.7577242851257324,"0.0010, 0.0088, 0.0012, 0.1990, 0.7900"
0,probability density proportional,,0.5908900499343872,"0.0001, 0.0019, 0.4334, 0.2214, 0.3433"
0,plate notation,,0.7899420261383057,"0.5707, 0.0031, 0.0950, 0.1290, 0.2022"
0,singleton sets,,0.5240177512168884,"0.1975, 0.1184, 0.3225, 0.1878, 0.1739"
0,target function,,0.578033983707428,"0.9180, 0.0028, 0.0558, 0.0164, 0.0071"
0,received data,,0.5453102588653564,"0.9820, 0.0001, 0.0024, 0.0046, 0.0109"
0,bloch representation,,0.6235175728797913,"0.0006, 0.0077, 0.1820, 0.2981, 0.5116"
0,dimensional generalization,,0.790561318397522,"0.0036, 0.0021, 0.1012, 0.2705, 0.6227"
0,cambridge quantum computing,,0.7462625503540039,"0.9943, 0.0002, 0.0000, 0.0014, 0.0041"
0,cryogenic computing,,0.6476273536682129,"0.1840, 0.0018, 0.0934, 0.2152, 0.5056"
0,transmitting data,,0.5624817609786987,"0.6907, 0.0082, 0.0942, 0.0947, 0.1123"
0,division multiplexing,,0.5466213226318359,"0.0064, 0.1015, 0.1357, 0.2679, 0.4885"
0,reference models,,0.5193813443183899,"0.1473, 0.0082, 0.1770, 0.2670, 0.4005"
0,oriented code,,0.6004083156585693,"0.2152, 0.0002, 0.1039, 0.2205, 0.4602"
0,processing executing,,0.5042925477027893,"0.0005, 0.7614, 0.0637, 0.0739, 0.1006"
0,within computer science,,0.6307973861694336,"0.4807, 0.0001, 0.0688, 0.1876, 0.2628"
0,input patterns,,0.5611587166786194,"0.0048, 0.0016, 0.1942, 0.3045, 0.4949"
0,computer science subfields,,0.8065813779830933,"0.0002, 0.1292, 0.1746, 0.3612, 0.3348"
0,computing power,,0.8296829462051392,"0.0002, 0.0361, 0.1758, 0.3003, 0.4875"
0,analytic number theory,,0.7819948196411133,"0.0002, 0.0058, 0.0121, 0.3885, 0.5934"
0,matrix analysis,,0.9069437980651855,"0.0000, 0.0002, 0.1218, 0.3133, 0.5647"
0,clean separation,,0.5104692578315735,"0.0210, 0.0094, 0.2478, 0.3114, 0.4104"
0,theoretic method,,0.5948715209960938,"0.3730, 0.0715, 0.1900, 0.1682, 0.1974"
0,joint parameters,,0.6668825745582581,"0.2251, 0.0362, 0.1685, 0.2275, 0.3426"
0,superconducting computing research,,0.5703362226486206,"0.0022, 0.0001, 0.6449, 0.1284, 0.2245"
0,ip address allocation hierarchy,,0.819246232509613,"0.9894, 0.0098, 0.0000, 0.0000, 0.0008"
0,steal database approach,,0.6687943935394287,"0.9835, 0.0000, 0.0148, 0.0010, 0.0008"
0,model pseudo,,0.5350648760795593,"0.0868, 0.3472, 0.1438, 0.1831, 0.2391"
0,propositional calculuswhich sets,,0.5059607028961182,"0.3050, 0.0004, 0.0478, 0.2996, 0.3471"
0,verification problems,,0.5180063843727112,"0.0015, 0.1142, 0.1619, 0.2615, 0.4608"
0,hardware register,,0.6208332180976868,"0.9610, 0.0006, 0.0048, 0.0107, 0.0229"
0,message authentication codesiso,,0.7270498871803284,"0.8575, 0.0013, 0.0000, 0.0185, 0.1227"
0,digital conversion,,0.7022975087165833,"0.0056, 0.0035, 0.0907, 0.2472, 0.6530"
0,categorize unlabeled data,,0.8484902381896973,"0.0822, 0.0009, 0.0025, 0.2177, 0.6968"
0,order execution,,0.5282621383666992,"0.1653, 0.2137, 0.1639, 0.1839, 0.2732"
0,portfolio selection,,0.5296697020530701,"0.4911, 0.0160, 0.0911, 0.1362, 0.2655"
0,structured model,,0.5293918251991272,"0.0036, 0.0223, 0.2070, 0.2956, 0.4715"
0,polynomial remainder theorem,,0.5353145003318787,"0.0003, 0.2641, 0.0018, 0.3048, 0.4290"
0,efficient retrieval,,0.6246539354324341,"0.5847, 0.0124, 0.0920, 0.1224, 0.1885"
0,hierarchical database modelit,,0.923733115196228,"0.0044, 0.0003, 0.0159, 0.2480, 0.7314"
0,output classification,,0.8355491161346436,"0.0195, 0.0002, 0.0955, 0.2571, 0.6276"
0,biological data,,0.693699061870575,"0.9835, 0.0003, 0.0039, 0.0048, 0.0076"
0,set notation,,0.5223668813705444,"0.7665, 0.0095, 0.0953, 0.0623, 0.0664"
0,maxima computer algebra system,,0.834010660648346,"0.8199, 0.0004, 0.0003, 0.0010, 0.1784"
0,math functions,,0.823028564453125,"0.0057, 0.0032, 0.2716, 0.3157, 0.4038"
0,representation curve,,0.7592252492904663,"0.0019, 0.0014, 0.1433, 0.2948, 0.5586"
0,random subspace selection,,0.7524670362472534,"0.0023, 0.0001, 0.0139, 0.2857, 0.6980"
0,extensible encoding system,,0.6967728734016418,"0.8204, 0.0005, 0.0009, 0.0454, 0.1328"
0,rnyi information dimension,,0.8622883558273315,"0.0051, 0.0007, 0.0339, 0.3510, 0.6093"
0,fuzzy logica mathematical system,,0.8880569934844971,"0.0039, 0.0015, 0.0217, 0.0076, 0.9653"
0,range coding,,0.6750915050506592,"0.0183, 0.0001, 0.0696, 0.2423, 0.6697"
0,assembling sequences,,0.6410168409347534,"0.7872, 0.0002, 0.0157, 0.0468, 0.1501"
0,data differencing,,0.788727879524231,"0.0002, 0.0239, 0.1234, 0.2764, 0.5761"
0,hidden state reparameterizations,,0.6079351902008057,"0.8559, 0.0091, 0.0003, 0.0359, 0.0988"
0,2007  algorithmic mechanism design,,0.5371428728103638,"0.9957, 0.0005, 0.0000, 0.0000, 0.0038"
0,normal operation,,0.6026960611343384,"0.0032, 0.0323, 0.2739, 0.3011, 0.3894"
0,randomized meldable heap,,0.5155049562454224,"0.0090, 0.9661, 0.0218, 0.0015, 0.0016"
0,computational methods,,0.755979061126709,"0.0001, 0.0388, 0.1349, 0.2845, 0.5417"
0,network environments,,0.5440919995307922,"0.0047, 0.1184, 0.2625, 0.2875, 0.3268"
0,biological computation,,0.601207971572876,"0.9888, 0.0000, 0.0019, 0.0033, 0.0060"
0,neural information processing workshop,,0.7925935983657837,"0.0035, 0.0100, 0.0006, 0.4421, 0.5439"
0,monitoring brain function,,0.6169308423995972,"0.2033, 0.0803, 0.0107, 0.4113, 0.2943"
0,pattern language,,0.793023407459259,"0.0000, 0.0053, 0.1328, 0.2893, 0.5726"
0,asr  computer speech recognition,,0.7336976528167725,"0.9271, 0.0692, 0.0001, 0.0005, 0.0032"
0,amd accelerated processing unit,,0.8069431781768799,"0.4815, 0.0195, 0.0004, 0.0007, 0.4980"
0,computer architecture courses,,0.7732618451118469,"0.0001, 0.0003, 0.1896, 0.3132, 0.4969"
0,robust optimization,,0.755764365196228,"0.0004, 0.0004, 0.1395, 0.3100, 0.5496"
0,technology intelligence branches,,0.6182528138160706,"0.0815, 0.0003, 0.0084, 0.3280, 0.5818"
0,lexus rx 450h models,,0.7529101371765137,"0.9875, 0.0008, 0.0006, 0.0002, 0.0109"
0,computational cognitive psychology,,0.8711837530136108,"0.0000, 0.0005, 0.0547, 0.3386, 0.6061"
0,iteratively solving,,0.7195243239402771,"0.0000, 0.0393, 0.2026, 0.2958, 0.4623"
0,polynomial expression,,0.7397998571395874,"0.0001, 0.0062, 0.2123, 0.3210, 0.4603"
0,switching circuit theory,,0.5530766844749451,"0.0079, 0.0001, 0.0097, 0.3362, 0.6462"
0,data transfer,,0.5134455561637878,"0.0004, 0.5954, 0.0788, 0.1213, 0.2040"
0,digital camera,,0.7265256643295288,"0.0977, 0.1083, 0.1819, 0.2379, 0.3743"
0,theorem  computer science,,0.7801121473312378,"0.0018, 0.0199, 0.0001, 0.1545, 0.8237"
0,microbial intelligence,,0.8478837013244629,"0.0870, 0.0003, 0.1105, 0.2556, 0.5466"
0,density operator,,0.6734576225280762,"0.0025, 0.0087, 0.2584, 0.3023, 0.4281"
0,time recurrent neural networks,,0.7368751764297485,"0.9998, 0.0000, 0.0000, 0.0000, 0.0002"
0,joint density matrix,,0.9067866802215576,"0.6540, 0.0494, 0.0003, 0.0968, 0.1995"
0,3d coordinate system,,0.5399407148361206,"0.0008, 0.0003, 0.0021, 0.2122, 0.7847"
0,evaluate computer software,,0.8339492678642273,"0.8834, 0.0108, 0.0008, 0.0223, 0.0826"
0,expression computational intelligence,,0.8498414754867554,"0.0345, 0.0001, 0.0004, 0.2584, 0.7067"
0,displaying data,,0.6127090454101562,"0.8188, 0.0091, 0.0567, 0.0512, 0.0642"
0,hyperbolic dynamics,,0.5698190331459045,"0.0002, 0.0002, 0.0703, 0.2647, 0.6647"
0,internal memory,,0.6406834721565247,"0.9611, 0.0011, 0.0073, 0.0118, 0.0188"
0,row vector,,0.9317523241043091,"0.0214, 0.0001, 0.0747, 0.2657, 0.6381"
0,model transformation,,0.674000084400177,"0.0005, 0.0094, 0.1597, 0.3068, 0.5237"
0,software engineering body,,0.6840412616729736,"0.0000, 0.0021, 0.4182, 0.2503, 0.3293"
0,cluster variances,,0.9362618327140808,"0.0004, 0.0012, 0.0748, 0.2728, 0.6509"
0,geometrical model,,0.7830023765563965,"0.0020, 0.0133, 0.1797, 0.3018, 0.5033"
0,bit microprocessors,,0.7126834988594055,"0.8241, 0.0046, 0.0206, 0.0486, 0.1022"
0,recursively subdividing,,0.8162035346031189,"0.0052, 0.0023, 0.0938, 0.2689, 0.6299"
0,computational systems,,0.7123261094093323,"0.0000, 0.0003, 0.0495, 0.2290, 0.7212"
0,digital-to-analog converter,,0.6174180507659912,"0.0531, 0.0018, 0.0597, 0.2329, 0.6524"
0,application delivery networks,,0.5115662217140198,"0.0234, 0.9592, 0.0003, 0.0081, 0.0090"
0,domain method,,0.7788410782814026,"0.1534, 0.0701, 0.1871, 0.2329, 0.3564"
0,linear frequency,,0.7647106051445007,"0.0000, 0.0034, 0.1063, 0.2756, 0.6146"
0,nearest neighbor,,0.6809127330780029,"0.3711, 0.3426, 0.1412, 0.0789, 0.0662"
0,denotational semantics,,0.7599606513977051,"0.0000, 0.0340, 0.1101, 0.2634, 0.5925"
0,condition code register,,0.8071637749671936,"0.1981, 0.0007, 0.0084, 0.1570, 0.6357"
0,random iterates,,0.6031047701835632,"0.0029, 0.0001, 0.0475, 0.2431, 0.7063"
0,accurate identification method,,0.6954826712608337,"0.9299, 0.0049, 0.0085, 0.0271, 0.0294"
0,data flows,,0.6538500189781189,"0.0001, 0.0648, 0.3052, 0.2823, 0.3476"
0,unrolled linked list nodes,,0.860595703125,"0.9996, 0.0003, 0.0000, 0.0000, 0.0001"
0,subjective information,,0.5384809970855713,"0.3307, 0.0603, 0.1254, 0.1776, 0.3059"
0,data retrieval operations,,0.7991746664047241,"0.0032, 0.0010, 0.0155, 0.3637, 0.6166"
0,optional training function,,0.6221218705177307,"0.2505, 0.0350, 0.0052, 0.3408, 0.3686"
0,bounded flat surface,,0.5377957224845886,"0.0104, 0.0537, 0.2033, 0.3825, 0.3500"
0,sterngerlach experiment,,0.7370333075523376,"0.0095, 0.0060, 0.1963, 0.3012, 0.4870"
0,background assumption,,0.6893922090530396,"0.0277, 0.3495, 0.2659, 0.1818, 0.1752"
0,logic gates,,0.6422679424285889,"0.0002, 0.0867, 0.2491, 0.2841, 0.3799"
0,document pattern,,0.7588055729866028,"0.0015, 0.0006, 0.1301, 0.2717, 0.5961"
0,transfer data,,0.7807496190071106,"0.6767, 0.0027, 0.0600, 0.0913, 0.1693"
0,mnist database groups,,0.7253533601760864,"0.6488, 0.0004, 0.1091, 0.0645, 0.1772"
0,problems calculable,,0.5120671391487122,"0.1176, 0.0095, 0.1374, 0.2383, 0.4972"
0,resulting relational database schema,,0.5001994371414185,"0.9993, 0.0005, 0.0000, 0.0000, 0.0002"
0,yield intelligent behavior,,0.5352427363395691,"0.0003, 0.0005, 0.0113, 0.2919, 0.6960"
0,user input,,0.7128258943557739,"0.4264, 0.0193, 0.1148, 0.1697, 0.2698"
0,overlapping loop iterations,,0.8259207010269165,"0.4764, 0.0002, 0.0053, 0.1387, 0.3793"
0,digital circuits,,0.6453380584716797,"0.0099, 0.0006, 0.1128, 0.2755, 0.6011"
0,observation function,,0.7527041435241699,"0.0028, 0.0056, 0.3702, 0.3070, 0.3144"
0,virtual technologies,,0.7935364246368408,"0.0387, 0.0469, 0.0842, 0.2339, 0.5963"
0,continuous random variable,,0.5399588346481323,"0.7098, 0.0057, 0.0151, 0.1276, 0.1418"
0,standard computer algorithms,,0.6890324354171753,"0.7892, 0.0003, 0.0000, 0.0579, 0.1527"
0,cannot compute,,0.6331408619880676,"0.5425, 0.0087, 0.1590, 0.1316, 0.1581"
0,floppy disk,,0.8088719248771667,"0.7941, 0.0066, 0.0229, 0.0568, 0.1197"
0,bayesian information,,0.8698891401290894,"0.0001, 0.0077, 0.1096, 0.2765, 0.6062"
0,matrix splitting,,0.840316891670227,"0.0000, 0.0015, 0.1100, 0.2890, 0.5994"
0,software engineering reliability,,0.7537082433700562,"0.0005, 0.0863, 0.0861, 0.2095, 0.6175"
0,factor approximations,,0.6076138019561768,"0.0718, 0.0071, 0.2011, 0.2949, 0.4251"
0,preceding row vector,,0.7300416231155396,"0.9959, 0.0002, 0.0000, 0.0008, 0.0031"
0,rendering realistic 3d computer graphics,,0.645911693572998,"0.0497, 0.9494, 0.0008, 0.0000, 0.0000"
0,computationally intelligent,,0.8142580986022949,"0.0000, 0.0016, 0.0927, 0.2673, 0.6385"
0,sequential order,,0.9109801054000854,"0.0002, 0.0021, 0.1537, 0.3034, 0.5406"
0,virtual machine component,,0.9035056829452515,"0.4862, 0.0017, 0.0040, 0.1359, 0.3722"
0,dimensional vectors,,0.6839779615402222,"0.0063, 0.0004, 0.0868, 0.2562, 0.6504"
0,model transformation language,,0.6562889218330383,"0.0001, 0.0002, 0.0147, 0.3090, 0.6761"
0,riemann zeta function,,0.7192260026931763,"0.0001, 0.0001, 0.0022, 0.3861, 0.6115"
0,leak information,,0.5513379573822021,"0.0625, 0.1144, 0.1975, 0.2429, 0.3827"
0,subproblems recursively,,0.5328673124313354,"0.0067, 0.0026, 0.0822, 0.2775, 0.6309"
0,corresponding graphs,,0.594922661781311,"0.1552, 0.0017, 0.2259, 0.2571, 0.3601"
0,compressed suffix array,,0.6693853139877319,"0.0027, 0.1775, 0.0811, 0.3869, 0.3518"
0,vector auto,,0.8315907716751099,"0.0000, 0.0016, 0.0581, 0.2452, 0.6951"
0,peripheral nervous system,,0.53109210729599,"0.9187, 0.0005, 0.0015, 0.0434, 0.0360"
0,evaluation functions,,0.6890735626220703,"0.0005, 0.0035, 0.2666, 0.3199, 0.4095"
0,intelligence analysis,,0.8323233127593994,"0.0000, 0.0002, 0.1275, 0.3011, 0.5711"
0,time algorithm,,0.7736820578575134,"0.2265, 0.0003, 0.2354, 0.2399, 0.2979"
0,convolutional code,,0.8006411790847778,"0.0658, 0.0001, 0.0560, 0.2101, 0.6680"
0,subobject classifier,,0.8710016012191772,"0.0572, 0.0000, 0.0407, 0.2035, 0.6986"
0,processing points,,0.6675983667373657,"0.0000, 0.0401, 0.1521, 0.2799, 0.5278"
0,markov partitions,,0.8580527305603027,"0.0018, 0.0012, 0.0699, 0.2591, 0.6681"
0,dimensional optimization problem,,0.8208909034729004,"0.0262, 0.0004, 0.0987, 0.3957, 0.4789"
0,artificial intelligence laboratory,,0.7337908148765564,"0.0022, 0.0001, 0.0861, 0.3279, 0.5836"
0,mips computer systems,,0.6346048712730408,"0.1734, 0.0012, 0.0016, 0.1879, 0.6358"
0,random permutation,,0.700523853302002,"0.0008, 0.0017, 0.0943, 0.2611, 0.6421"
0,sleep algorithm,,0.8509082794189453,"0.0129, 0.0001, 0.2156, 0.3208, 0.4506"
0,ordered binary tree,,0.5511495471000671,"0.9259, 0.0000, 0.0001, 0.0273, 0.0467"
0,sensor networks,,0.6580837965011597,"0.0002, 0.0032, 0.2232, 0.3287, 0.4448"
0,bit instruction set architecture,,0.6646811962127686,"0.1510, 0.0101, 0.2313, 0.0336, 0.5740"
0,human learning,,0.5335370302200317,"0.6337, 0.0131, 0.0871, 0.1052, 0.1608"
0,digital sort,,0.7771304845809937,"0.0061, 0.0436, 0.1646, 0.2822, 0.5034"
0,reidemeister torsion,,0.5524343848228455,"0.4373, 0.0004, 0.0516, 0.1493, 0.3614"
0,process plant,,0.7358089685440063,"0.0074, 0.0429, 0.2311, 0.2906, 0.4279"
0,polygraphic substitution systems,,0.55303955078125,"0.0175, 0.0802, 0.0024, 0.2183, 0.6816"
0,matching algorithm,,0.8327981233596802,"0.0662, 0.0003, 0.2600, 0.2984, 0.3750"
0,doctor table,,0.6642513871192932,"0.9494, 0.0007, 0.0269, 0.0130, 0.0099"
0,following key fact,,0.6405933499336243,"0.9889, 0.0012, 0.0058, 0.0026, 0.0015"
0,rnyi entropy,,0.6143957376480103,"0.4544, 0.0002, 0.0342, 0.1306, 0.3806"
0,order scheduling,,0.5057840347290039,"0.1731, 0.2385, 0.1375, 0.1704, 0.2806"
0,probabilistic roadmap methods,,0.6466837525367737,"0.0001, 0.0001, 0.0920, 0.2975, 0.6102"
0,virtual desktop server manager,,0.6139558553695679,"0.3749, 0.0387, 0.1434, 0.3299, 0.1131"
0,underlying graph,,0.7445317506790161,"0.7827, 0.0001, 0.0578, 0.0713, 0.0882"
0,planar graphbased,,0.9093899726867676,"0.0685, 0.0021, 0.1334, 0.2866, 0.5095"
0,order logics,,0.6921956539154053,"0.0002, 0.0004, 0.1111, 0.2665, 0.6218"
0,constraint decision model,,0.7819736003875732,"0.0000, 0.0076, 0.0158, 0.3557, 0.6208"
0,biconjugate gradient stabilized method,,0.6748526096343994,"0.0011, 0.0000, 0.0036, 0.1237, 0.8716"
0,online information,,0.5643088817596436,"0.7081, 0.0157, 0.0515, 0.0770, 0.1477"
0,quantificational logic,,0.5936761498451233,"0.0001, 0.0004, 0.1184, 0.2795, 0.6016"
0,solving sparse linear systems,,0.5347985029220581,"0.9890, 0.0013, 0.0000, 0.0001, 0.0096"
0,bit central processing unit,,0.6619678139686584,"0.9572, 0.0399, 0.0000, 0.0000, 0.0030"
0,decrypt shared ciphertexts,,0.7344146966934204,"0.3210, 0.6724, 0.0000, 0.0018, 0.0048"
0,efficient matlab,,0.50030118227005,"0.7687, 0.0026, 0.0224, 0.0541, 0.1521"
0,model sequences,,0.8737537860870361,"0.1277, 0.0005, 0.0690, 0.2196, 0.5832"
0,learning state,,0.7613617181777954,"0.0089, 0.0574, 0.1529, 0.2739, 0.5069"
0,linear behavior,,0.8306808471679688,"0.0000, 0.0021, 0.0956, 0.2814, 0.6209"
0,speech processing applications,,0.560058057308197,"0.4747, 0.0002, 0.0178, 0.1431, 0.3642"
0,fortran basic linear algebra subprograms,,0.7474665641784668,"0.0480, 0.9514, 0.0001, 0.0001, 0.0005"
0,avoid data anomalies,,0.5670145750045776,"0.9994, 0.0003, 0.0001, 0.0001, 0.0001"
0,ai alignment,,0.7219237089157104,"0.0004, 0.0036, 0.1621, 0.2928, 0.5411"
0,classifier chain,,0.915820837020874,"0.0000, 0.0007, 0.0771, 0.2710, 0.6512"
0,exact function,,0.5964716672897339,"0.6215, 0.0024, 0.1458, 0.1121, 0.1183"
0,google code,,0.892635703086853,"0.6943, 0.0001, 0.0401, 0.0919, 0.1737"
0,metamathematics unit,,0.8881604671478271,"0.0008, 0.0002, 0.0736, 0.2587, 0.6667"
0,independent classification tasks,,0.5209158658981323,"0.4269, 0.0001, 0.1244, 0.1837, 0.2649"
0,shared resource data,,0.6802957057952881,"0.9996, 0.0000, 0.0000, 0.0001, 0.0003"
0,order functions,,0.7906416654586792,"0.0003, 0.0027, 0.2541, 0.3109, 0.4321"
0,sharing route,,0.5691922307014465,"0.7840, 0.0030, 0.0738, 0.0682, 0.0711"
0,given data,,0.5906497240066528,"0.9473, 0.0005, 0.0088, 0.0141, 0.0293"
0,nonlinear global analysis,,0.7198479771614075,"0.0001, 0.0017, 0.0005, 0.2863, 0.7114"
0,core processor,,0.8253870010375977,"0.6058, 0.0076, 0.0454, 0.1079, 0.2333"
0,probability generators,,0.6713738441467285,"0.0000, 0.0003, 0.1184, 0.2951, 0.5861"
0,indicator functions,,0.6013346910476685,"0.0009, 0.0043, 0.3140, 0.3169, 0.3639"
0,bit mips architecture,,0.6214311718940735,"0.4028, 0.0054, 0.0187, 0.2893, 0.2838"
0,efficient division algorithms transform,,0.5131733417510986,"0.2301, 0.0002, 0.0000, 0.0269, 0.7428"
0,term data model,,0.8508763313293457,"0.9322, 0.0001, 0.0008, 0.0212, 0.0458"
0,label classification problem,,0.800974428653717,"0.0044, 0.0000, 0.0261, 0.2567, 0.7127"
0,bilateral key exchange,,0.6058802604675293,"0.8743, 0.0055, 0.1011, 0.0143, 0.0049"
0,efficient algorithms,,0.6736193895339966,"0.1212, 0.0003, 0.1960, 0.2766, 0.4058"
0,tolerant networking algorithms,,0.7128181457519531,"0.4833, 0.0079, 0.0003, 0.2151, 0.2934"
0,lexicalist hypothesis,,0.6677117943763733,"0.0684, 0.0368, 0.1377, 0.2526, 0.5044"
0,thomas algorithm,,0.7488470077514648,"0.9150, 0.0000, 0.0251, 0.0256, 0.0342"
0,business functions,,0.6763354539871216,"0.3675, 0.0033, 0.1976, 0.1947, 0.2370"
0,square matrix,,0.6952474117279053,"0.9946, 0.0000, 0.0009, 0.0015, 0.0029"
0,protein binding,,0.7730834484100342,"0.3197, 0.0635, 0.0705, 0.1773, 0.3690"
0,order function,,0.8298985958099365,"0.0003, 0.0033, 0.3042, 0.3149, 0.3773"
0,mathematical framework,,0.5852814316749573,"0.0546, 0.1117, 0.1316, 0.2371, 0.4650"
0,model transformation languages,,0.5512505173683167,"0.0001, 0.0004, 0.0216, 0.3203, 0.6577"
0,storing labeled data,,0.7927327752113342,"0.9971, 0.0000, 0.0000, 0.0007, 0.0022"
0,computer intensive simulations,,0.6976149678230286,"0.0008, 0.2631, 0.0043, 0.1898, 0.5421"
0,fibonacci numbers,,0.5287149548530579,"0.0011, 0.1838, 0.1968, 0.2229, 0.3954"
0,final sorted list,,0.6807788610458374,"0.9462, 0.0001, 0.0070, 0.0240, 0.0227"
0,software engineeringis,,0.8892450928688049,"0.0030, 0.0483, 0.1287, 0.2873, 0.5326"
0,computability theorists,,0.6070475578308105,"0.0000, 0.3471, 0.0854, 0.1806, 0.3869"
0,computer methods,,0.8266938924789429,"0.0006, 0.0457, 0.1497, 0.2934, 0.5106"
0,mrf  markov network,,0.797248363494873,"0.9970, 0.0021, 0.0000, 0.0001, 0.0008"
0,screen cursor,,0.7119587063789368,"0.0265, 0.0061, 0.1920, 0.3165, 0.4590"
0,optimal offline algorithm,,0.7076250314712524,"0.0642, 0.6008, 0.0003, 0.2060, 0.1286"
0,previous instruction,,0.6900658011436462,"0.3446, 0.0028, 0.1045, 0.1802, 0.3679"
0,single data,,0.63718181848526,"0.9998, 0.0000, 0.0001, 0.0001, 0.0001"
0,processing data streams,,0.8584913015365601,"0.0002, 0.0003, 0.1542, 0.3824, 0.4629"
0,19mips computer systems,,0.5001426339149475,"0.9576, 0.0000, 0.0000, 0.0073, 0.0350"
0,flow analysis,,0.6205787062644958,"0.0012, 0.0013, 0.2517, 0.3239, 0.4218"
0,biased estimation,,0.5344225764274597,"0.0001, 0.0011, 0.1202, 0.3315, 0.5471"
0,beta encoders,,0.6638656854629517,"0.0006, 0.0005, 0.0489, 0.2344, 0.7157"
0,evidence toolkit,,0.6571397185325623,"0.8080, 0.0001, 0.0144, 0.0472, 0.1303"
0,subobject classifiers,,0.8342957496643066,"0.0489, 0.0001, 0.0565, 0.2155, 0.6790"
0,basic linear algebra subprograms,,0.5310793519020081,"0.9958, 0.0000, 0.0000, 0.0000, 0.0042"
0,gap analysis,,0.8602105379104614,"0.0067, 0.0008, 0.2279, 0.3327, 0.4318"
0,modelling software,,0.7502208352088928,"0.2630, 0.0035, 0.0584, 0.1814, 0.4936"
0,dimensional vector space model implementations,,0.6045874953269958,"0.1933, 0.0000, 0.0007, 0.0198, 0.7861"
0,floor space,,0.6410742402076721,"0.0046, 0.0164, 0.2382, 0.3051, 0.4357"
0,basic linear algebra,,0.5535616278648376,"0.9312, 0.0000, 0.0002, 0.0187, 0.0499"
0,computational chemistry,,0.7309460639953613,"0.0000, 0.0057, 0.0746, 0.2509, 0.6688"
0,matrix equations,,0.8297766447067261,"0.0000, 0.0003, 0.0756, 0.2609, 0.6633"
0,entropy method,,0.6037541031837463,"0.0001, 0.0388, 0.1965, 0.3019, 0.4628"
0,min item allocation,,0.5756862759590149,"0.8427, 0.1555, 0.0001, 0.0007, 0.0010"
0,classification performance,,0.8091863393783569,"0.0000, 0.0272, 0.1084, 0.2711, 0.5933"
0,load balancing,,0.682202935218811,"0.0061, 0.0693, 0.2591, 0.2832, 0.3823"
0,node link,,0.7264707088470459,"0.0056, 0.1293, 0.1858, 0.2740, 0.4053"
0,phylogenetic trees,,0.7840436697006226,"0.0573, 0.0120, 0.3278, 0.2876, 0.3154"
0,code modulation,,0.8525967597961426,"0.0000, 0.0010, 0.0634, 0.2592, 0.6764"
0,scalar multiplication,,0.7221736907958984,"0.0002, 0.0093, 0.0908, 0.2364, 0.6633"
0,search space,,0.5425963997840881,"0.1773, 0.0277, 0.2798, 0.2447, 0.2705"
0,user virtualization decouples,,0.5981889963150024,"0.9443, 0.0002, 0.0002, 0.0099, 0.0455"
0,case gradient descent,,0.7568359375,"0.0083, 0.0000, 0.0762, 0.3578, 0.5576"
0,multilinear algebra,,0.5514021515846252,"0.0005, 0.0013, 0.1642, 0.3003, 0.5337"
0,dimensional dynamic models,,0.6451522707939148,"0.0120, 0.0007, 0.0057, 0.3075, 0.6742"
0,generated perceptual information,,0.5245997309684753,"0.7918, 0.0386, 0.0122, 0.0511, 0.1064"
0,random projection,,0.5218894481658936,"0.0004, 0.0006, 0.1665, 0.3334, 0.4990"
0,butler lampson,,0.5869280099868774,"0.0447, 0.1648, 0.3743, 0.2167, 0.1995"
0,fast multiplication algorithms,,0.7861036658287048,"0.9591, 0.0045, 0.0000, 0.0129, 0.0235"
0,digital  web pages,,0.7924225330352783,"0.6319, 0.0858, 0.0009, 0.1434, 0.1380"
0,cut theorem,,0.6109927892684937,"0.7234, 0.0021, 0.1063, 0.0803, 0.0879"
0,computer mouse,,0.9205712080001831,"0.0060, 0.0459, 0.1891, 0.3228, 0.4362"
0,human interface device class,,0.5542169809341431,"0.9934, 0.0000, 0.0061, 0.0003, 0.0001"
0,linear programming algorithm finds,,0.6721338629722595,"0.0004, 0.0000, 0.0000, 0.9959, 0.0038"
0,video sequence,,0.8645503520965576,"0.2120, 0.0006, 0.0687, 0.1981, 0.5207"
0,based machine learning,,0.6285774111747742,"0.9847, 0.0000, 0.0002, 0.0050, 0.0100"
0,parallel sort,,0.9004215002059937,"0.0110, 0.0654, 0.2103, 0.3049, 0.4084"
0,broadband backbone network,,0.802680492401123,"0.6949, 0.0163, 0.0635, 0.1228, 0.1024"
0,program order,,0.8127818703651428,"0.0003, 0.0047, 0.1694, 0.2914, 0.5342"
0,optimization techniques,,0.6665375828742981,"0.0003, 0.2811, 0.2115, 0.2255, 0.2816"
0,future data,,0.5285935997962952,"0.9591, 0.0006, 0.0088, 0.0114, 0.0201"
0,coded character sets,,0.6902899742126465,"0.0014, 0.0192, 0.0448, 0.3902, 0.5444"
0,quantum programming environment,,0.5427759885787964,"0.0008, 0.0000, 0.0107, 0.2735, 0.7149"
0,monitoring memory access,,0.7266809344291687,"0.9594, 0.0049, 0.0104, 0.0093, 0.0159"
0,simplify formulas,,0.512270987033844,"0.0001, 0.0315, 0.2151, 0.3027, 0.4506"
0,basic randomized complexity class,,0.7334033846855164,"0.9967, 0.0000, 0.0001, 0.0013, 0.0018"
0,regular graph,,0.9144130945205688,"0.0513, 0.0003, 0.2017, 0.3141, 0.4325"
0,matlab function symmmd,,0.9412892460823059,"0.0118, 0.0478, 0.2207, 0.2756, 0.4441"
0,key algorithm,,0.8003415465354919,"0.0080, 0.0002, 0.2234, 0.3151, 0.4533"
0,conquer algorithm,,0.6390701532363892,"0.9605, 0.0000, 0.0155, 0.0119, 0.0121"
0,matrix structures,,0.7589202523231506,"0.0000, 0.0011, 0.1168, 0.2829, 0.5992"
0,foot pressure patterns,,0.5378705263137817,"0.8742, 0.0345, 0.0107, 0.0745, 0.0061"
0,vector clustering algorithm,,0.9346121549606323,"0.0020, 0.0000, 0.0001, 0.2482, 0.7497"
0,ibm system,,0.5879938006401062,"0.4659, 0.0007, 0.0501, 0.1402, 0.3431"
0,path trees,,0.5051385760307312,"0.0006, 0.0172, 0.4392, 0.3073, 0.2357"
0,algebraic geometry,,0.6305525898933411,"0.0003, 0.0012, 0.1626, 0.2858, 0.5500"
0,dimensional theories,,0.7323113679885864,"0.0020, 0.0774, 0.1885, 0.2819, 0.4501"
0,svm classifier supports binary classification,,0.5482226610183716,"0.0004, 0.0000, 0.9996, 0.0000, 0.0000"
0,user schedules,,0.5958318710327148,"0.4647, 0.0262, 0.1025, 0.1481, 0.2585"
0,neural networks training,,0.8077003955841064,"0.0000, 0.0001, 0.3179, 0.2754, 0.4066"
0,primality tests,,0.8843927383422852,"0.0015, 0.0245, 0.1305, 0.2935, 0.5500"
0,physical data model,,0.706756591796875,"0.8386, 0.0008, 0.0061, 0.0696, 0.0849"
0,computer programming tasks,,0.9210513830184937,"0.0022, 0.0000, 0.0384, 0.3647, 0.5948"
0,current allocation,,0.5028665065765381,"0.6570, 0.0168, 0.0943, 0.0999, 0.1321"
0,mathematical analysis,,0.7601475715637207,"0.0012, 0.0004, 0.1513, 0.3013, 0.5458"
0,parameter tractability,,0.5875230431556702,"0.0066, 0.0078, 0.0888, 0.2654, 0.6314"
0,order logic,,0.7312679290771484,"0.0001, 0.0005, 0.1275, 0.2765, 0.5955"
0,protein sequences,,0.9146297574043274,"0.2524, 0.0002, 0.0485, 0.1900, 0.5089"
0,analytical hierarchy,,0.645271897315979,"0.0007, 0.0016, 0.1561, 0.2965, 0.5451"
0,negative matrix factorization,,0.6705658435821533,"0.8126, 0.0000, 0.0005, 0.0419, 0.1450"
0,recursive parametrically polymorphic function,,0.5870017409324646,"0.0042, 0.0156, 0.0002, 0.0080, 0.9721"
0,dimensional complexity theory,,0.7532052993774414,"0.0005, 0.0003, 0.0135, 0.3515, 0.6341"
0,partitioning design pattern,,0.552646279335022,"0.0001, 0.0073, 0.0023, 0.4016, 0.5887"
0,empirical eigenfunction decomposition,,0.593356728553772,"0.5054, 0.0016, 0.0001, 0.1044, 0.3886"
0,microevolutionary processes,,0.5544391870498657,"0.0396, 0.0008, 0.1030, 0.2772, 0.5794"
0,modern deep learning models,,0.7325873374938965,"0.7095, 0.0210, 0.0008, 0.0033, 0.2654"
0,learning method,,0.8182536363601685,"0.0097, 0.0382, 0.2141, 0.2941, 0.4439"
0,generalized max,,0.5312751531600952,"0.0013, 0.0547, 0.2886, 0.3028, 0.3526"
0,negative matrix approximation,,0.6478145122528076,"0.7729, 0.0000, 0.0008, 0.0591, 0.1672"
0,ambient data,,0.6011682748794556,"0.7571, 0.0229, 0.1142, 0.0640, 0.0417"
0,recursively dividing,,0.6526936292648315,"0.0000, 0.0013, 0.1334, 0.2854, 0.5799"
0,evaluation method,,0.5181585550308228,"0.0052, 0.1160, 0.3314, 0.2825, 0.2649"
0,support vector machines website,,0.6823474168777466,"0.9971, 0.0000, 0.0000, 0.0023, 0.0006"
0,complexity bounds,,0.737571656703949,"0.0059, 0.0268, 0.2376, 0.2984, 0.4312"
0,lda  normal discriminant analysis,,0.5030694603919983,"0.9991, 0.0009, 0.0000, 0.0000, 0.0000"
0,classify patterns,,0.6631227731704712,"0.0001, 0.0005, 0.1165, 0.2810, 0.6019"
0,probabilistic parsing mechanism,,0.587851881980896,"0.0002, 0.0002, 0.0023, 0.2619, 0.7354"
0,model nonlinear processes,,0.7366238832473755,"0.1082, 0.0010, 0.0012, 0.2073, 0.6822"
0,mathematical reasoning,,0.670927107334137,"0.0005, 0.0082, 0.1652, 0.2953, 0.5307"
0,regular languages,,0.5223307609558105,"0.0806, 0.0165, 0.1716, 0.2615, 0.4698"
0,specialist bidirectional model transformation language,,0.5321805477142334,"0.9967, 0.0001, 0.0000, 0.0001, 0.0031"
0,mixed reality user interfaces workshop,,0.5055740475654602,"0.0094, 0.9740, 0.0006, 0.0002, 0.0157"
0,function evaluates,,0.6147109866142273,"0.0001, 0.0037, 0.2132, 0.3364, 0.4466"
0,response mechanism,,0.5408088564872742,"0.0173, 0.0019, 0.1440, 0.2914, 0.5454"
0,misleading equivalence,,0.5894377827644348,"0.0010, 0.0982, 0.2307, 0.2701, 0.4000"
0,schnhagestrassen algorithm,,0.7866073846817017,"0.0685, 0.0002, 0.2257, 0.2942, 0.4114"
0,peripheral nerve interface,,0.5082588195800781,"0.7119, 0.1591, 0.0061, 0.0941, 0.0287"
0,bit mips processors,,0.8031696081161499,"0.9841, 0.0091, 0.0005, 0.0022, 0.0042"
0,doubly stochastic matrix,,0.564469575881958,"1.0000, 0.0000, 0.0000, 0.0000, 0.0000"
0,compression rate,,0.8456237316131592,"0.0000, 0.0001, 0.0564, 0.2451, 0.6984"
0,membership inference,,0.6815971732139587,"0.8154, 0.0016, 0.0323, 0.0539, 0.0967"
0,proof method,,0.6211234331130981,"0.0261, 0.0645, 0.2486, 0.2800, 0.3809"
0,computational cognitive science,,0.8287276029586792,"0.0000, 0.0003, 0.1014, 0.3630, 0.5353"
0,bayesian svms,,0.8101134300231934,"0.0003, 0.0010, 0.0525, 0.2370, 0.7092"
0,bit mips iii architecture,,0.5627782344818115,"0.5460, 0.0043, 0.0270, 0.0281, 0.3946"
0,amd accelerated processing units,,0.8228590488433838,"0.2328, 0.0107, 0.0003, 0.0023, 0.7540"
0,browser exploit,,0.6025614738464355,"0.0961, 0.2780, 0.2251, 0.1938, 0.2070"
0,submodular structure,,0.6608350276947021,"0.0004, 0.0327, 0.2016, 0.2882, 0.4771"
0,business model type,,0.5709565877914429,"0.8100, 0.0072, 0.0544, 0.0551, 0.0732"
0,deduction efficiently,,0.5857724547386169,"0.0083, 0.2491, 0.1672, 0.2211, 0.3544"
0,latent variables organized layer,,0.6474097967147827,"0.7175, 0.0174, 0.0311, 0.0023, 0.2317"
0,polynomial sequence,,0.8995038866996765,"0.0114, 0.0008, 0.1053, 0.2792, 0.6033"
0,milnermycroft calculus,,0.6113779544830322,"0.0000, 0.0004, 0.0896, 0.2662, 0.6438"
0,contract methodologies,,0.7464677095413208,"0.0430, 0.0201, 0.1258, 0.2560, 0.5551"
0,mixcolumns step,,0.5853614211082458,"0.0010, 0.2609, 0.2264, 0.2253, 0.2864"
0,reference model,,0.5602225065231323,"0.1043, 0.0236, 0.2065, 0.2707, 0.3950"
0,amazon prime video,,0.6759984493255615,"0.9939, 0.0059, 0.0001, 0.0001, 0.0001"
0,seamless transaction,,0.6484097838401794,"0.2240, 0.0267, 0.1452, 0.2146, 0.3895"
0,complex numerical analysis,,0.5184270143508911,"0.0997, 0.0035, 0.0011, 0.2771, 0.6186"
0,schedule processes,,0.529242992401123,"0.1150, 0.0017, 0.1294, 0.2590, 0.4948"
0,certificate-based encryption,,0.827742338180542,"0.0155, 0.0003, 0.0390, 0.2018, 0.7435"
0,sum signals,,0.7015116810798645,"0.1834, 0.0006, 0.1200, 0.2381, 0.4580"
0,nearest neighbors algorithm,,0.9135006666183472,"0.8406, 0.0254, 0.0001, 0.0692, 0.0647"
0,ngh systems,,0.5384591221809387,"0.8023, 0.0003, 0.0238, 0.0555, 0.1181"
0,software design description,,0.856826901435852,"0.0000, 0.0007, 0.0262, 0.3163, 0.6568"
0,tech mining,,0.5351548194885254,"0.3858, 0.0639, 0.1893, 0.1726, 0.1883"
0,rotation data,,0.6980282068252563,"0.0024, 0.0040, 0.1286, 0.2712, 0.5937"
0,process pixel data,,0.5759545564651489,"0.0603, 0.0161, 0.0182, 0.3684, 0.5370"
0,single node,,0.508331835269928,"1.0000, 0.0000, 0.0000, 0.0000, 0.0000"
0,selective restriction,,0.5190216302871704,"0.0098, 0.0003, 0.1067, 0.2805, 0.6028"
0,general programming languages,,0.5165178179740906,"0.9239, 0.0000, 0.0008, 0.0199, 0.0555"
0,target nodes,,0.6315927505493164,"0.9923, 0.0005, 0.0060, 0.0011, 0.0002"
0,complex data type,,0.584587812423706,"0.2033, 0.0040, 0.0671, 0.2330, 0.4926"
0,euclidean cubes,,0.6448270082473755,"0.0021, 0.0012, 0.1327, 0.2860, 0.5780"
0,order function orelse,,0.5191299319267273,"0.0007, 0.0156, 0.5601, 0.1663, 0.2573"
0,time analysis,,0.5332815051078796,"0.1062, 0.0025, 0.2759, 0.2822, 0.3332"
0,outer container,,0.576282262802124,"0.3860, 0.0107, 0.1242, 0.1898, 0.2893"
0,numeric computation,,0.9172673225402832,"0.0161, 0.0001, 0.0964, 0.2756, 0.6118"
0,linear discriminant,,0.9437565207481384,"0.0003, 0.0014, 0.1167, 0.3139, 0.5676"
0,technology mining,,0.5940647125244141,"0.2835, 0.0453, 0.1778, 0.2076, 0.2858"
0,negative matrix factorizations,,0.5697120428085327,"0.8728, 0.0001, 0.0020, 0.0315, 0.0937"
0,size computation,,0.510813295841217,"0.9985, 0.0000, 0.0003, 0.0004, 0.0008"
0,technology database,,0.8101563453674316,"0.5649, 0.0003, 0.0479, 0.1179, 0.2691"
0,hardware errors,,0.5630891919136047,"0.9731, 0.0022, 0.0042, 0.0075, 0.0130"
0,square cipher,,0.5905340909957886,"0.9993, 0.0000, 0.0001, 0.0002, 0.0004"
0,baseline method,,0.6721597909927368,"0.2387, 0.1332, 0.2560, 0.1843, 0.1878"
0,text retrieval,,0.6961610317230225,"0.3381, 0.0143, 0.1208, 0.1869, 0.3399"
0,map function,,0.5806525349617004,"0.0000, 0.0026, 0.2608, 0.3254, 0.4112"
0,peripheral nerve function,,0.5399239659309387,"0.4639, 0.0607, 0.0133, 0.3346, 0.1275"
0,prime factor,,0.5650177597999573,"0.7894, 0.0563, 0.0461, 0.0454, 0.0628"
0,administrator password,,0.5890534520149231,"0.3741, 0.0077, 0.0696, 0.1638, 0.3849"
0,optimized allocation,,0.654325544834137,"0.4076, 0.0128, 0.1238, 0.1756, 0.2802"
0,combinatorial optimization,,0.861396849155426,"0.0010, 0.0005, 0.1515, 0.3144, 0.5326"
