IfCS,Phrase,Correct,Probablity,Attention,Distance,NearestInCorpus
0,reidemeister torsion,,0.7152659296989441,"0.2232, 0.2494, 0.2161, 0.1852, 0.1261",0.9741613194346428,
0,constraint decision model,,0.9031309485435486,"0.2500, 0.2442, 0.2365, 0.1414, 0.1279",0.8489910811185837,
0,riemannian manifolds,,0.6814712285995483,"0.2497, 0.2425, 0.1638, 0.1766, 0.1673",0.9993796290364116,
0,cookie domain,,0.7234636545181274,"0.2436, 0.2003, 0.2129, 0.1919, 0.1513",0.8678683787584305,
0,misleading equivalence,,0.8283284902572632,"0.2470, 0.2262, 0.1668, 0.1866, 0.1734",0.8704959154129028,
0,basic linear algebra subprograms,,0.8242145776748657,"0.2477, 0.2500, 0.2493, 0.1864, 0.0666",0.9325053468346596,
0,square matrix,,0.5666875243186951,"0.2041, 0.2478, 0.1167, 0.2068, 0.2247",0.9418196491897106,
0,universal traversal sequence,,0.8406637907028198,"0.2490, 0.2499, 0.2453, 0.1140, 0.1417",0.8667464107275009,
0,case gradient descent,,0.7234469652175903,"0.2492, 0.2500, 0.1711, 0.1643, 0.1654",0.8750094473361969,
0,recursively dividing,,0.7386207580566406,"0.2500, 0.2318, 0.1633, 0.1805, 0.1744",0.8607188761234283,
0,case complexity,,0.5746771693229675,"0.2473, 0.2409, 0.1283, 0.1863, 0.1973",0.7393570840358734,
0,dimensional complexity theory,,0.8972163200378418,"0.2500, 0.2498, 0.2386, 0.1170, 0.1446",0.810402438044548,
0,extensible encoding system,,0.6985721588134766,"0.2462, 0.2482, 0.2274, 0.1545, 0.1238",0.7589542120695114,
0,randomized meldable heap,,0.8561428189277649,"0.2493, 0.2367, 0.2041, 0.1543, 0.1556",0.8351101875305176,
0,nearest neighbors algorithm,,0.7658110857009888,"0.2274, 0.2476, 0.2489, 0.0938, 0.1822",0.884622186422348,
0,element matrices,,0.6744348406791687,"0.2494, 0.2397, 0.1083, 0.1927, 0.2098",0.93393824249506,
0,supervised learning falls,,0.6420444250106812,"0.2500, 0.2494, 0.1568, 0.1570, 0.1868",0.7967080920934677,
0,undamped pendulum,,0.5548189282417297,"0.2500, 0.1584, 0.2090, 0.1988, 0.1837",0.918907880783081,
0,seamless transaction,,0.622324526309967,"0.2492, 0.2351, 0.1946, 0.1777, 0.1435",0.7785048484802246,
0,robust argumentation machines,,0.6558701395988464,"0.2500, 0.2498, 0.1846, 0.1316, 0.1840",0.6967558860778809,
0,linear probing searches,,0.528712272644043,"0.2500, 0.2496, 0.0330, 0.2258, 0.2416",0.7752724140882492,
0,symmetric boolean function,,0.7161194682121277,"0.2500, 0.2500, 0.2411, 0.0900, 0.1689",0.9761870540678501,
0,general programming languages,,0.6377449035644531,"0.2499, 0.2500, 0.2411, 0.0992, 0.1598",0.601539820432663,
0,complex schemes,,0.5904190540313721,"0.2439, 0.2352, 0.0786, 0.2122, 0.2302",0.8472055792808533,
0,open loop spatial multiplexing,,0.6927774548530579,"0.2400, 0.2500, 0.2352, 0.1868, 0.0880",0.9195370078086853,
0,vector clustering algorithm,,0.9512560367584229,"0.2500, 0.2500, 0.2498, 0.1373, 0.1129",0.8557373583316803,
0,von neumann entropy,,0.8227990865707397,"0.2301, 0.2414, 0.2334, 0.1527, 0.1423",0.8655211180448532,
0,mathematical reasoning,,0.7177061438560486,"0.2499, 0.2056, 0.1320, 0.1999, 0.2125",0.7747852057218552,
0,infinite topological entropy,,0.5724313259124756,"0.2443, 0.2494, 0.2232, 0.1276, 0.1555",0.9091126248240471,
0,key algorithm,,0.8269835710525513,"0.2497, 0.2495, 0.1315, 0.1809, 0.1884",0.7705623656511307,
0,order execution microprocessors,,0.7136554718017578,"0.2093, 0.2467, 0.2443, 0.1591, 0.1406",0.6577591300010681,
0,cannot compute,,0.7825189828872681,"0.2480, 0.2406, 0.1268, 0.1875, 0.1971",0.7710176557302475,
0,cmos transistors,,0.7220852375030518,"0.2498, 0.2477, 0.1992, 0.1661, 0.1372",0.7095941603183746,
0,encrypted logical disks,,0.6409229040145874,"0.2497, 0.2293, 0.1977, 0.1497, 0.1736",0.7984116077423096,
0,submodular structure,,0.5550827383995056,"0.2500, 0.2284, 0.1292, 0.1899, 0.2026",0.9413168206810951,
0,basic linear algebra subroutines,,0.828755259513855,"0.2370, 0.2499, 0.2394, 0.2222, 0.0514",0.9675878807902336,
0,classify patterns,,0.762183427810669,"0.2470, 0.2392, 0.1513, 0.1832, 0.1793",0.8505232781171799,
0,dimensional real vector,,0.7184576988220215,"0.2499, 0.1628, 0.2496, 0.1523, 0.1853",0.913958877325058,
0,process digital images,,0.5356485247612,"0.2498, 0.2457, 0.1246, 0.1893, 0.1906",0.6808552443981171,
0,hyperbolic dynamics,,0.6555801630020142,"0.2487, 0.2494, 0.2128, 0.1727, 0.1164",0.9042644128203392,
0,simpler functions,,0.6581493616104126,"0.2478, 0.2338, 0.1133, 0.1936, 0.2115",0.848719909787178,
0,parameterized complexity,,0.7909244298934937,"0.2495, 0.2434, 0.1456, 0.1808, 0.1807",0.8090287148952484,
0,process pixel data,,0.5630093216896057,"0.2500, 0.2499, 0.0941, 0.1929, 0.2131",0.6871035695075989,
0,geometrical model,,0.8265895247459412,"0.2493, 0.2319, 0.1726, 0.1809, 0.1653",0.8793897405266762,
0,application delivery networks,,0.8131760954856873,"0.2386, 0.2429, 0.2490, 0.1655, 0.1039",0.67051562666893,
0,numeric methods,,0.7599544525146484,"0.2482, 0.1924, 0.1601, 0.1989, 0.2004",0.8199464529752731,
0,evaluate computer software,,0.7312184572219849,"0.1767, 0.2160, 0.2440, 0.1974, 0.1659",0.42213892936706543,
0,bayesian information,,0.5491068959236145,"0.2499, 0.0805, 0.2239, 0.2266, 0.2191",0.7517462968826294,
0,dimensional vector space model implementations,,0.7320462465286255,"0.2500, 0.2500, 0.2499, 0.2475, 0.0026",0.8726774603128433,
0,processing executing,,0.817196249961853,"0.2494, 0.2152, 0.2025, 0.1839, 0.1490",0.6673703789710999,
0,adjacency list representation,,0.5715759992599487,"0.2500, 0.2451, 0.1876, 0.1368, 0.1806",0.8964210823178291,
0,regular euclidean distances,,0.5692195892333984,"0.2428, 0.2480, 0.1774, 0.1523, 0.1795",0.9589828699827194,
0,path expression language,,0.605990469455719,"0.2500, 0.2499, 0.2448, 0.1019, 0.1535",0.8255061507225037,
0,term data model,,0.5336899757385254,"0.1411, 0.2186, 0.2399, 0.1987, 0.2016",0.6971088349819183,
0,parameterized problem,,0.5556290149688721,"0.2408, 0.1634, 0.1819, 0.2060, 0.2079",0.9838663544505835,
0,efficient algorithms,,0.7665131092071533,"0.2499, 0.2494, 0.1448, 0.1757, 0.1803",0.7088494598865509,
0,digital conversion,,0.6682091951370239,"0.2484, 0.2456, 0.1782, 0.1724, 0.1554",0.6488366425037384,
0,quantum system,,0.5525484085083008,"0.2495, 0.2158, 0.1633, 0.1813, 0.1901",0.7307140827178955,
0,alphabet substitution ciphers,,0.8063497543334961,"0.2299, 0.2298, 0.2492, 0.1373, 0.1538",0.794990748167038,
0,least linear,,0.7166107892990112,"0.2187, 0.2493, 0.1655, 0.1841, 0.1824",0.8712161779403687,
0,digital  web pages,,0.5137906670570374,"0.2499, 0.2492, 0.2493, 0.0288, 0.2228",0.6059304177761078,
0,mathematical framework,,0.6677134037017822,"0.2476, 0.1839, 0.1779, 0.1980, 0.1925",0.7178587019443512,
0,polynomial sequence,,0.8733360171318054,"0.2499, 0.2427, 0.1416, 0.1848, 0.1810",0.833198145031929,
0,thomas algorithm,,0.783845067024231,"0.2420, 0.2494, 0.1303, 0.1853, 0.1930",0.7086360454559326,
0,ordered binary tree,,0.5877165198326111,"0.0756, 0.2500, 0.2500, 0.2155, 0.2089",0.7822651863098145,
0,speech processing applications,,0.7751586437225342,"0.2338, 0.2496, 0.2138, 0.1793, 0.1235",0.7101928889751434,
0,partial differential equation,,0.720654308795929,"0.2348, 0.2499, 0.2027, 0.1252, 0.1874",0.992512543220073,
0,assembling sequences,,0.8294097185134888,"0.2315, 0.2469, 0.1806, 0.1858, 0.1552",0.8131665736436844,
0,amd accelerated processing unit,,0.6415640115737915,"0.2499, 0.2500, 0.2500, 0.2436, 0.0065",0.638426274061203,
0,evidence toolkit,,0.8119667172431946,"0.1994, 0.2492, 0.1935, 0.1912, 0.1667",0.6518976092338562,
0,analytic number theory,,0.8618870973587036,"0.2499, 0.2450, 0.2302, 0.1104, 0.1645",0.825133204460144,
0,schedule processes,,0.5065630674362183,"0.2267, 0.2485, 0.1945, 0.1756, 0.1547",0.7519448399543762,
0,regular graph,,0.7895029783248901,"0.2483, 0.2497, 0.1751, 0.1725, 0.1544",0.8327886760234833,
0,random number generators,,0.7305350303649902,"0.2500, 0.2485, 0.2461, 0.0919, 0.1636",0.7559070736169815,
0,bayesian svms,,0.8516017198562622,"0.2498, 0.2461, 0.2003, 0.1732, 0.1306",0.8413764238357544,
0,optimization techniques,,0.5784577131271362,"0.2499, 0.1776, 0.1594, 0.2006, 0.2125",0.7449996769428253,
0,range coding,,0.786069929599762,"0.2488, 0.2497, 0.1726, 0.1722, 0.1567",0.8711126148700714,
0,dynamic avoidance,,0.6048032641410828,"0.2483, 0.2450, 0.1992, 0.1689, 0.1386",0.8410688191652298,
0,compressed suffix array,,0.6985573172569275,"0.2500, 0.2434, 0.2436, 0.0856, 0.1774",0.9813610222190619,
0,random structure,,0.6028739213943481,"0.2499, 0.2329, 0.1336, 0.1861, 0.1974",0.785756453871727,
0,objective programming,,0.6802932024002075,"0.2323, 0.2496, 0.1567, 0.1814, 0.1799",0.749024897813797,
0,schnhagestrassen algorithm,,0.8640002012252808,"0.2497, 0.2497, 0.1618, 0.1759, 0.1628",0.8309512287378311,
0,restricted subset,,0.7111278772354126,"0.2436, 0.2256, 0.1907, 0.1849, 0.1552",0.9618701376020908,
0,topological entanglement entropy,,0.7144876718521118,"0.2500, 0.2488, 0.2300, 0.1342, 0.1371",0.8779109790921211,
0,empirical eigenfunction decomposition,,0.9492602944374084,"0.2411, 0.2494, 0.2496, 0.1494, 0.1105",0.7993006706237793,
0,random permutation,,0.8621253967285156,"0.2489, 0.2480, 0.1963, 0.1762, 0.1305",0.903156690299511,
0,program order,,0.5449302196502686,"0.2500, 0.2154, 0.1330, 0.1929, 0.2087",0.7475931346416473,
0,computerized handling,,0.5598934292793274,"0.2497, 0.1249, 0.2220, 0.2111, 0.1923",0.4663454294204712,
0,dimensional generalization,,0.8514246940612793,"0.2499, 0.2475, 0.1782, 0.1737, 0.1506",0.8243590891361237,
0,hierarchical database modelit,,0.8859806060791016,"0.2498, 0.2497, 0.2465, 0.1811, 0.0729",0.7800697535276413,
0,tolerant networking,,0.5820830464363098,"0.2495, 0.2459, 0.1819, 0.1673, 0.1554",0.7323806285858154,
0,exponentially slower,,0.6109708547592163,"0.2497, 0.2472, 0.1723, 0.1642, 0.1667",0.8687301725149155,
0,evaluation functions,,0.7619900703430176,"0.2487, 0.2426, 0.1400, 0.1807, 0.1880",0.7877671718597412,
0,lazy learning systems,,0.7987356185913086,"0.2500, 0.2493, 0.2390, 0.1284, 0.1333",0.6600798964500427,
0,software engineeringis,,0.7770691514015198,"0.2480, 0.2315, 0.2118, 0.1821, 0.1266",0.526218444108963,
0,large sparse matrices,,0.5363063216209412,"0.1028, 0.2497, 0.2445, 0.1814, 0.2216",0.8998926430940628,
0,embedding topological dynamical systems,,0.5453439950942993,"0.2499, 0.2500, 0.2499, 0.2370, 0.0132",0.9199132025241852,
0,message authentication codesiso,,0.7314457297325134,"0.2172, 0.2496, 0.2498, 0.1758, 0.1076",0.8605632781982422,
0,markov partitions,,0.917371928691864,"0.2442, 0.2412, 0.2031, 0.1815, 0.1299",0.8531530052423477,
0,formal logic,,0.5160253047943115,"0.2478, 0.2444, 0.1193, 0.1872, 0.2013",0.7874695658683777,
0,yield intelligent behavior,,0.5033059120178223,"0.2499, 0.2412, 0.1235, 0.1866, 0.1988",0.7345687448978424,
0,efficient retrieval,,0.6919057369232178,"0.2333, 0.2368, 0.1842, 0.1831, 0.1626",0.7700886875391006,
0,trace distance,,0.6064828634262085,"0.2013, 0.2381, 0.1745, 0.1915, 0.1946",0.8973775207996368,
0,linguistic theory,,0.7229127883911133,"0.2491, 0.2387, 0.1459, 0.1843, 0.1820",0.7561919987201691,
0,matrix structures,,0.8105543255805969,"0.2500, 0.2443, 0.1451, 0.1790, 0.1816",0.9225160181522369,
0,software design description,,0.6034055948257446,"0.2500, 0.2498, 0.1799, 0.1503, 0.1700",0.6146649718284607,
0,isolation exploiting semantics,,0.6159967184066772,"0.2485, 0.2493, 0.2289, 0.1277, 0.1457",0.7336387932300568,
0,symmetric boolean functions,,0.6517288684844971,"0.2500, 0.2500, 0.2374, 0.0956, 0.1671",0.9707352910190821,
0,model transformation,,0.5964359641075134,"0.2461, 0.2200, 0.1919, 0.1793, 0.1627",0.8097094297409058,
0,free composition functions,,0.5066466927528381,"0.2496, 0.2445, 0.2311, 0.0884, 0.1865",0.7905975878238678,
0,usa network,,0.576994776725769,"0.1394, 0.2473, 0.2199, 0.2077, 0.1856",0.7626126706600189,
0,domain method,,0.7906808853149414,"0.2498, 0.2432, 0.1568, 0.1782, 0.1721",0.8144780397415161,
0,euclidean division,,0.5385943651199341,"0.2499, 0.2362, 0.1536, 0.1763, 0.1840",0.8991698175668716,
0,tolerant networking algorithms,,0.83622145652771,"0.2499, 0.2498, 0.2495, 0.1211, 0.1296",0.7411148846149445,
0,dimensional vectors,,0.852257490158081,"0.2500, 0.2494, 0.1702, 0.1714, 0.1590",0.9602058567106724,
0,text retrieval,,0.7843378782272339,"0.2131, 0.2409, 0.1992, 0.1905, 0.1563",0.8310850113630295,
0,regressive processes,,0.6854161024093628,"0.2470, 0.2488, 0.2013, 0.1724, 0.1306",0.7898688316345215,
0,biconjugate gradient stabilized method,,0.6887831687927246,"0.2500, 0.2500, 0.2497, 0.2318, 0.0186",0.9553398378193378,
0,mixcolumns step,,0.5571727752685547,"0.2496, 0.2029, 0.1672, 0.1875, 0.1927",0.9732217099517584,
0,proof method,,0.8328284025192261,"0.2491, 0.2362, 0.1400, 0.1862, 0.1884",0.7985685914754868,
0,basic linear algebra,,0.8162964582443237,"0.2491, 0.2500, 0.2462, 0.0843, 0.1704",0.8849012330174446,
0,abstract framework,,0.7916710376739502,"0.2472, 0.2298, 0.1940, 0.1843, 0.1447",0.8188519030809402,
0,matrix analysis,,0.9089395999908447,"0.2500, 0.2228, 0.1721, 0.1840, 0.1711",0.8522665500640869,
0,linear frequency,,0.8682355880737305,"0.2500, 0.2375, 0.1851, 0.1726, 0.1548",0.8565215766429901,
0,simplify formulas,,0.6333880424499512,"0.2500, 0.2011, 0.1312, 0.2011, 0.2166",0.9587419480085373,
0,singleton sets,,0.764995813369751,"0.2500, 0.2432, 0.1541, 0.1802, 0.1725",0.9355504289269447,
0,natural neuronal processes,,0.7568318843841553,"0.2387, 0.2472, 0.2450, 0.1459, 0.1233",0.7845168858766556,
0,computing power,,0.6743971705436707,"0.2500, 0.1701, 0.1699, 0.2016, 0.2084",0.43523913621902466,
0,order function,,0.6781045198440552,"0.2498, 0.2381, 0.0974, 0.1969, 0.2178",0.8955929577350616,
0,digital sort,,0.6280304193496704,"0.2500, 0.2173, 0.1392, 0.1871, 0.2064",0.6917886435985565,
0,subobject classifier,,0.7357733249664307,"0.2497, 0.2499, 0.2122, 0.1756, 0.1126",0.8931291624903679,
0,model nonlinear processes,,0.8803695440292358,"0.2493, 0.2497, 0.2476, 0.1648, 0.0886",0.820779025554657,
0,balancing binary search trees,,0.8248104453086853,"0.2457, 0.2500, 0.2466, 0.2480, 0.0098",0.744867593050003,
0,terms density matrix,,0.5025764107704163,"0.1248, 0.2383, 0.2491, 0.1756, 0.2123",0.9068258181214333,
0,global robustness,,0.6242959499359131,"0.2442, 0.2487, 0.1766, 0.1707, 0.1599",0.8536235839128494,
0,order logics,,0.6319633722305298,"0.2492, 0.2445, 0.1219, 0.1852, 0.1992",0.8161620050668716,
0,indicator functions,,0.5236552953720093,"0.2315, 0.2178, 0.1119, 0.2096, 0.2291",0.8245262056589127,
0,based machine learning,,0.6708689332008362,"0.2497, 0.2499, 0.2106, 0.1103, 0.1795",0.6134112775325775,
0,algorithmically manipulating bits,,0.732460081577301,"0.2500, 0.2484, 0.1566, 0.1340, 0.2109",0.7568250298500061,
0,numeric computation,,0.937854528427124,"0.2496, 0.2498, 0.1728, 0.1769, 0.1510",0.6660452783107758,
0,range quantum entanglement,,0.6849849820137024,"0.2499, 0.2497, 0.2453, 0.0980, 0.1571",0.8994739502668381,
0,categorize unlabeled data,,0.8984279036521912,"0.2461, 0.2496, 0.1814, 0.1688, 0.1543",0.8614541590213776,
0,balancing binary search tree,,0.8614920377731323,"0.2401, 0.2500, 0.2478, 0.2498, 0.0124",0.7234145998954773,
0,parallel sort,,0.7601683139801025,"0.2500, 0.2036, 0.1455, 0.1942, 0.2067",0.8065808266401291,
0,mips computer systems,,0.5159067511558533,"0.2495, 0.2493, 0.2401, 0.1273, 0.1338",0.6337232291698456,
0,subobject classifiers,,0.7105141282081604,"0.2495, 0.2492, 0.1946, 0.1745, 0.1322",0.8809968829154968,
0,adaptive systems,,0.571921169757843,"0.2495, 0.2456, 0.1802, 0.1679, 0.1568",0.7392823696136475,
0,ambient network,,0.5187154412269592,"0.1392, 0.2399, 0.2038, 0.2092, 0.2080",0.7390352189540863,
0,math functions,,0.7533960342407227,"0.2494, 0.2247, 0.1113, 0.1987, 0.2158",0.9061705321073532,
0,backpropagation through structure,,0.5638412237167358,"0.2468, 0.2463, 0.2179, 0.1094, 0.1797",0.9105737209320068,
0,fast multiplication algorithms,,0.7095595002174377,"0.2499, 0.2066, 0.2473, 0.1049, 0.1913",0.7867570221424103,
0,generalized max,,0.6467219591140747,"0.2495, 0.2138, 0.1543, 0.1870, 0.1956",0.9424466080963612,
0,dimensional theories,,0.846245527267456,"0.2498, 0.2163, 0.1792, 0.1857, 0.1690",0.8065747320652008,
0,multidisciplinary design branch,,0.503496527671814,"0.2493, 0.2498, 0.2480, 0.0973, 0.1556",0.6787706911563873,
0,bit manipulation operations,,0.5017745494842529,"0.2480, 0.2343, 0.1797, 0.1463, 0.1917",0.7652029246091843,
0,block diagram,,0.7401595115661621,"0.2500, 0.2466, 0.1655, 0.1726, 0.1652",0.7633145749568939,
0,polynomial expression,,0.7954297065734863,"0.2500, 0.2234, 0.1491, 0.1867, 0.1908",0.8920264765620232,
0,efficient matlab,,0.5496665835380554,"0.2485, 0.2400, 0.1451, 0.1787, 0.1877",0.8062275499105453,
0,purpose computer algebra systems,,0.5841243863105774,"0.2322, 0.2500, 0.2490, 0.2099, 0.0589",0.5363463461399078,
0,static  pure spatial patterns,,0.5246732234954834,"0.2499, 0.2462, 0.2159, 0.0862, 0.2018",0.9086146205663681,
0,matrix equations,,0.9042659401893616,"0.2500, 0.2465, 0.1687, 0.1754, 0.1593",0.9679874517023563,
0,asynchronous loading,,0.5730615258216858,"0.2458, 0.0872, 0.2385, 0.2264, 0.2020",0.8757135421037674,
0,ticket checker,,0.5020244121551514,"0.2496, 0.2247, 0.1685, 0.1773, 0.1799",0.9664306081831455,
0,finite sequences,,0.7286405563354492,"0.2044, 0.2384, 0.1549, 0.2022, 0.2000",0.8907600939273834,
0,redblack trees,,0.7309973835945129,"0.1692, 0.2495, 0.1869, 0.2015, 0.1929",0.8890884816646576,
0,learning method,,0.804019570350647,"0.2499, 0.2312, 0.1275, 0.1903, 0.2010",0.7103533744812012,
0,balanced binary search tree dynamically,,0.6866011023521423,"0.1268, 0.2499, 0.2396, 0.2497, 0.1340",0.8070789724588394,
0,clipper architecture,,0.7284660339355469,"0.2499, 0.2480, 0.1948, 0.1717, 0.1356",0.7258337736129761,
0,model transformation language,,0.5578381419181824,"0.2500, 0.2498, 0.2468, 0.1104, 0.1429",0.695602536201477,
0,spatial verification,,0.5463355183601379,"0.1954, 0.1791, 0.1979, 0.2144, 0.2131",0.828333705663681,
0,computationally intelligent,,0.871910810470581,"0.2500, 0.2445, 0.1771, 0.1725, 0.1559",0.545166552066803,
0,3d coordinate system,,0.6080619096755981,"0.2500, 0.2496, 0.2217, 0.1415, 0.1372",0.8280156403779984,
0,partitioning design pattern,,0.7982750535011292,"0.2500, 0.2499, 0.2451, 0.1046, 0.1504",0.8170642256736755,
0,finite topological entropy,,0.6478601098060608,"0.2306, 0.2490, 0.2208, 0.1357, 0.1640",0.9225722476840019,
0,information technology methods,,0.6403546333312988,"0.2444, 0.2441, 0.1931, 0.1342, 0.1843",0.3957527279853821,
0,combinatorial optimization,,0.8965665102005005,"0.2499, 0.2490, 0.1894, 0.1729, 0.1387",0.7854668200016022,
0,unrolled linked list nodes,,0.7996600866317749,"0.2498, 0.2495, 0.2494, 0.2442, 0.0070",0.9910355536267161,
0,minimum spanning tree problem  mst,,0.5518301725387573,"0.2485, 0.2477, 0.2498, 0.0906, 0.1633",0.8761314004659653,
0,applied linear algebra,,0.7824946641921997,"0.2410, 0.2500, 0.2462, 0.0899, 0.1729",0.8950162976980209,
0,selective restriction,,0.5847894549369812,"0.2164, 0.2475, 0.1900, 0.1832, 0.1630",0.8782345354557037,
0,keyvalue pairs,,0.5864828824996948,"0.2497, 0.2422, 0.0987, 0.1936, 0.2159",0.9602232836186886,
0,sequential order,,0.6354297995567322,"0.2495, 0.2003, 0.1267, 0.2047, 0.2188",0.8960099294781685,
0,standard computer algorithms,,0.8854720592498779,"0.2424, 0.2495, 0.2493, 0.1197, 0.1392",0.4995913505554199,
0,coded character sets,,0.6354032158851624,"0.2500, 0.2492, 0.2042, 0.0997, 0.1970",0.9958828897215426,
0,problems calculable,,0.5335925817489624,"0.2314, 0.1672, 0.1730, 0.2117, 0.2167",0.8303646147251129,
0,algebraic combinatorics,,0.7325159311294556,"0.2491, 0.2476, 0.1512, 0.1774, 0.1748",0.883274681866169,
0,node link,,0.6450101137161255,"0.2495, 0.1448, 0.2074, 0.2035, 0.1948",0.9805170968174934,
0,classical topology,,0.6183047890663147,"0.2498, 0.2497, 0.1533, 0.1719, 0.1753",0.867449939250946,
0,negative matrix approximation,,0.9142575263977051,"0.2421, 0.2499, 0.2436, 0.1341, 0.1304",0.9803353920578957,
0,internet attacks,,0.7078401446342468,"0.2322, 0.2083, 0.1879, 0.1864, 0.1852",0.7528029233217239,
0,inverse direction,,0.5851435661315918,"0.2477, 0.1633, 0.1683, 0.2045, 0.2163",0.9709144253283739,
0,inverse system,,0.6302087306976318,"0.2353, 0.2155, 0.1724, 0.1877, 0.1891",0.762045219540596,
0,optimized allocation,,0.6897904276847839,"0.2385, 0.1893, 0.1794, 0.1991, 0.1937",0.8450980633497238,
0,sleep algorithm,,0.86324143409729,"0.2500, 0.2499, 0.1743, 0.1725, 0.1534",0.7806302160024643,
0,recursion method bearing,,0.5936305522918701,"0.2500, 0.2499, 0.2146, 0.1116, 0.1738",0.9249330908060074,
0,ip address allocation hierarchy,,0.7284897565841675,"0.1971, 0.2408, 0.2471, 0.2443, 0.0708",0.9041714295744896,
0,computability theorists,,0.8710162043571472,"0.2500, 0.2101, 0.2015, 0.1866, 0.1518",0.462574303150177,
0,mathematical analysis,,0.6670870780944824,"0.2497, 0.1485, 0.1642, 0.2140, 0.2235",0.6751924455165863,
0,deterministic problems,,0.7179660797119141,"0.2466, 0.1784, 0.2043, 0.1963, 0.1743",0.7708833515644073,
0,floppy disk,,0.7033945322036743,"0.2256, 0.1797, 0.2110, 0.2026, 0.1811",0.6776961386203766,
0,process plant,,0.6795307993888855,"0.2500, 0.2437, 0.1384, 0.1800, 0.1880",0.7707138061523438,
0,theoretic method,,0.8714190721511841,"0.2498, 0.2370, 0.1477, 0.1852, 0.1803",0.8340418934822083,
0,interpolate high dimensional functions,,0.6353793144226074,"0.2500, 0.2494, 0.2499, 0.2190, 0.0317",0.9157949984073639,
0,riemann zeta function,,0.6477415561676025,"0.2500, 0.2500, 0.2424, 0.0887, 0.1690",0.9955884264782071,
0,cluster variances,,0.9351329803466797,"0.2472, 0.2348, 0.2032, 0.1838, 0.1310",0.8937105312943459,
0,exact function,,0.6888362169265747,"0.2094, 0.2306, 0.1230, 0.2120, 0.2251",0.8575364947319031,
0,biased estimation,,0.8392311334609985,"0.2485, 0.1963, 0.1867, 0.1917, 0.1768",0.8543728590011597,
0,random iterates,,0.8541839122772217,"0.2498, 0.2499, 0.2072, 0.1742, 0.1188",0.8310337215662003,
0,document pattern,,0.7816793918609619,"0.2489, 0.2470, 0.1525, 0.1804, 0.1712",0.8240067660808563,
0,adaptive methods,,0.7428920865058899,"0.2498, 0.2262, 0.1632, 0.1817, 0.1790",0.8369432538747787,
0,cut theorem,,0.795771598815918,"0.2498, 0.2478, 0.1224, 0.1857, 0.1943",0.9560708962380886,
0,complexity bounds,,0.8516064882278442,"0.2489, 0.2484, 0.1742, 0.1744, 0.1541",0.8223248571157455,
0,outer container,,0.5400750637054443,"0.2382, 0.2409, 0.1716, 0.1776, 0.1717",0.8398403376340866,
0,video sequence,,0.8447123765945435,"0.2497, 0.2482, 0.1780, 0.1783, 0.1457",0.8124122321605682,
0,rendering realistic 3d computer graphics,,0.6419854164123535,"0.2416, 0.0772, 0.2492, 0.2417, 0.1902",0.66099414229393,
0,bit microprocessors,,0.8963837623596191,"0.2480, 0.2457, 0.1857, 0.1733, 0.1473",0.6191391050815582,
0,computational chemistry,,0.5511034727096558,"0.2500, 0.1260, 0.1921, 0.2124, 0.2196",0.6120083332061768,
0,mathematical systems theory,,0.6646802425384521,"0.2499, 0.2495, 0.2320, 0.1024, 0.1662",0.7199061810970306,
0,solving sparse linear systems,,0.882401704788208,"0.2454, 0.2499, 0.2499, 0.2330, 0.0218",0.7932098805904388,
0,technology intelligence branches,,0.56910240650177,"0.2499, 0.2500, 0.2489, 0.0851, 0.1661",0.4118322730064392,
0,optimize loops,,0.7419926524162292,"0.2402, 0.2498, 0.2047, 0.1743, 0.1310",0.828524261713028,
0,google code,,0.7516387701034546,"0.2497, 0.2499, 0.1897, 0.1704, 0.1403",0.8613620400428772,
0,support vector machines website,,0.5505240559577942,"0.2499, 0.2500, 0.2449, 0.0269, 0.2283",0.6337338089942932,
0,row vector,,0.891319751739502,"0.2500, 0.2499, 0.1802, 0.1735, 0.1464",0.9189095422625542,
0,bit mips processors,,0.8835896253585815,"0.2468, 0.2457, 0.2378, 0.1394, 0.1302",0.7362562716007233,
0,time algorithm,,0.810051441192627,"0.2499, 0.2496, 0.1399, 0.1782, 0.1823",0.7961781024932861,
0,cryogenic computing,,0.794379472732544,"0.2497, 0.2487, 0.1828, 0.1746, 0.1442",0.5753703713417053,
0,instruction execution time,,0.70802241563797,"0.2498, 0.2499, 0.2299, 0.1327, 0.1378",0.6793350577354431,
0,topological degeneracy,,0.6103399395942688,"0.2496, 0.2321, 0.1951, 0.1772, 0.1460",0.9238438680768013,
0,function evaluates,,0.7032731175422668,"0.2500, 0.1649, 0.1623, 0.2051, 0.2177",0.9312770888209343,
0,matching algorithm,,0.869185209274292,"0.2476, 0.2495, 0.1385, 0.1816, 0.1828",0.8589198142290115,
0,transfer data,,0.6443253755569458,"0.2446, 0.2096, 0.1939, 0.1883, 0.1636",0.751191645860672,
0,computer science subfields,,0.5713245272636414,"0.2499, 0.1955, 0.1949, 0.1605, 0.1992",0.29570508003234863,
0,pattern language,,0.7449545860290527,"0.2500, 0.2465, 0.1482, 0.1782, 0.1771",0.8104945421218872,
0,density operator,,0.7885850667953491,"0.2493, 0.2412, 0.1235, 0.1886, 0.1974",0.8721932023763657,
0,linear behavior,,0.8525350093841553,"0.2500, 0.2116, 0.2035, 0.1834, 0.1515",0.8255961984395981,
0,overlapping loop iterations,,0.9414607286453247,"0.2493, 0.2500, 0.2474, 0.1315, 0.1219",0.9518773593008518,
0,multilinear algebra,,0.5873323678970337,"0.2500, 0.2475, 0.1130, 0.1832, 0.2063",0.958427507430315,
0,maximathe modesof,,0.686425507068634,"0.2270, 0.2464, 0.1910, 0.1822, 0.1534",0.9496838599443436,
0,data flows,,0.7038694620132446,"0.2477, 0.2206, 0.1426, 0.1913, 0.1978",0.7695887982845306,
0,entropy method,,0.8220511674880981,"0.2499, 0.2402, 0.1461, 0.1817, 0.1820",0.8344624489545822,
0,nonlinear global analysis,,0.7487007975578308,"0.2500, 0.2490, 0.2031, 0.1331, 0.1648",0.8912453204393387,
0,mergeable heap structures,,0.7090723514556885,"0.2471, 0.2491, 0.2388, 0.1023, 0.1626",0.8617969751358032,
0,subproblems recursively,,0.8129150867462158,"0.2499, 0.2498, 0.2119, 0.1754, 0.1130",0.8760195225477219,
0,rnyi information dimension,,0.5158578157424927,"0.1483, 0.2181, 0.2360, 0.1840, 0.2136",0.6993487775325775,
0,probability density proportional,,0.5468976497650146,"0.2497, 0.2480, 0.0058, 0.2479, 0.2486",0.8371136039495468,
0,division algorithms fall,,0.574479877948761,"0.2500, 0.2500, 0.1489, 0.1502, 0.2009",0.8245618790388107,
0,phylogenetic trees,,0.9050626754760742,"0.2459, 0.2497, 0.1811, 0.1766, 0.1468",0.8519451916217804,
0,quantum oscillator,,0.831910252571106,"0.2499, 0.2498, 0.1851, 0.1679, 0.1473",0.8484237045049667,
0,block diagrams,,0.6148873567581177,"0.2500, 0.2451, 0.1486, 0.1735, 0.1829",0.7005642652511597,
0,observation function,,0.7931522130966187,"0.2493, 0.2409, 0.1165, 0.1887, 0.2046",0.7403550446033478,
0,symmetric sparse matrix,,0.7871955633163452,"0.2498, 0.2498, 0.2494, 0.1132, 0.1378",0.9395392462611198,
0,computational electrodynamics modelling technique,,0.5384531617164612,"0.2500, 0.2500, 0.2499, 0.1514, 0.0988",0.7433205842971802,
0,core processor,,0.8843453526496887,"0.2478, 0.2411, 0.1788, 0.1781, 0.1542",0.7111379504203796,
0,optimal offline algorithm,,0.6473212242126465,"0.2492, 0.2499, 0.2497, 0.1113, 0.1399",0.8739852756261826,
0,switching circuit theory,,0.5425634384155273,"0.2497, 0.2499, 0.2408, 0.1065, 0.1530",0.6274336278438568,
0,random variables,,0.6923507452011108,"0.2499, 0.1802, 0.1695, 0.1986, 0.2019",0.8630684316158295,
0,conquer algorithm,,0.7630630731582642,"0.2494, 0.2495, 0.1277, 0.1821, 0.1914",0.773462325334549,
0,computer mouse,,0.8856754302978516,"0.2494, 0.2342, 0.1877, 0.1754, 0.1533",0.567329466342926,
0,geometric median minimizes euclidean distances,,0.6856027245521545,"0.2415, 0.2209, 0.2225, 0.2409, 0.0742",0.9801043309271336,
0,finite element analysis,,0.5162267684936523,"0.2498, 0.2485, 0.0962, 0.1794, 0.2261",0.7638054192066193,
0,propositional calculuswhich sets,,0.8702690601348877,"0.2499, 0.2500, 0.2377, 0.1087, 0.1536",0.9593429863452911,
0,set topology,,0.6038454174995422,"0.2108, 0.2497, 0.1718, 0.1841, 0.1836",0.9634668603539467,
0,robust optimization,,0.8194930553436279,"0.2499, 0.2484, 0.1713, 0.1705, 0.1599",0.8472509831190109,
0,place matrix transposition,,0.7627769708633423,"0.2274, 0.2498, 0.2491, 0.1470, 0.1266",0.992016801610589,
0,technology database,,0.748948335647583,"0.1941, 0.2486, 0.2151, 0.1926, 0.1496",0.4554101228713989,
0,site tracing,,0.6335768699645996,"0.2372, 0.1631, 0.1739, 0.2106, 0.2152",0.727069765329361,
0,gap analysis,,0.8203752636909485,"0.2497, 0.2156, 0.1655, 0.1878, 0.1814",0.7578229755163193,
0,structured model,,0.7056066989898682,"0.2474, 0.2294, 0.1702, 0.1829, 0.1701",0.7622456550598145,
0,path trees,,0.8950314521789551,"0.2498, 0.2497, 0.1817, 0.1732, 0.1457",0.9101908206939697,
0,universal model,,0.574906587600708,"0.2459, 0.2329, 0.1615, 0.1806, 0.1791",0.7885207086801529,
0,blocks connected,,0.5762761235237122,"0.2496, 0.0906, 0.2175, 0.2221, 0.2202",0.8009310662746429,
0,immutable object,,0.7171393036842346,"0.2500, 0.1928, 0.1765, 0.1942, 0.1865",0.8298112004995346,
0,matrix splitting,,0.8872091770172119,"0.2500, 0.2480, 0.1927, 0.1746, 0.1349",0.993305659852922,
0,linear discriminant,,0.9332759976387024,"0.2497, 0.2227, 0.2100, 0.1857, 0.1318",0.8285072147846222,
0,unlike tree traversal,,0.5741682648658752,"0.0717, 0.2500, 0.2497, 0.2179, 0.2107",0.8628522753715515,
0,visual correlation,,0.6128601431846619,"0.2471, 0.0138, 0.2454, 0.2469, 0.2467",0.8229676932096481,
0,metamathematics unit,,0.674391508102417,"0.2499, 0.2474, 0.1466, 0.1770, 0.1790",0.7458565831184387,
0,iteratively solving,,0.8759310245513916,"0.2500, 0.2398, 0.1612, 0.1767, 0.1723",0.7770276218652725,
0,digital camera,,0.6807594895362854,"0.2474, 0.2169, 0.1908, 0.1806, 0.1642",0.8198548555374146,
0,random subspace selection,,0.6642271876335144,"0.2500, 0.2499, 0.1088, 0.1888, 0.2026",0.897262305021286,
0,shallow semantic parsing,,0.7941426038742065,"0.2499, 0.2494, 0.2488, 0.1183, 0.1336",0.8116467446088791,
0,quantum circuits,,0.724472165107727,"0.2500, 0.2485, 0.1488, 0.1705, 0.1822",0.7239756882190704,
0,sum signals,,0.51252281665802,"0.2097, 0.2191, 0.1691, 0.1992, 0.2030",0.8232399374246597,
0,time compilers,,0.7724752426147461,"0.2486, 0.2492, 0.1767, 0.1757, 0.1499",0.7533068954944611,
0,wan optimization controllers,,0.8098433613777161,"0.2137, 0.2497, 0.2465, 0.1577, 0.1324",0.838063657283783,
0,code modulation,,0.8087712526321411,"0.2500, 0.2387, 0.1948, 0.1717, 0.1448",0.7857186794281006,
0,molecular dynamics models,,0.6222177743911743,"0.2365, 0.2499, 0.2411, 0.1500, 0.1225",0.8258179873228073,
0,neural information processing workshop,,0.6145384311676025,"0.2500, 0.2491, 0.2499, 0.0707, 0.1802",0.5319007933139801,
0,flow analysis,,0.584392249584198,"0.2499, 0.1759, 0.1554, 0.2047, 0.2141",0.7856101393699646,
0,matlab function symmmd,,0.7505111694335938,"0.2500, 0.2395, 0.0694, 0.2220, 0.2192",0.9086882993578911,
0,microevolutionary processes,,0.808536171913147,"0.2419, 0.2488, 0.2064, 0.1776, 0.1253",0.7261450886726379,
0,network integration design,,0.6460780501365662,"0.2500, 0.2498, 0.2250, 0.1147, 0.1605",0.6927649080753326,
0,time recurrent neural networks,,0.8859261274337769,"0.2214, 0.2437, 0.2500, 0.2462, 0.0387",0.7483715415000916,
0,microbial intelligence,,0.579874575138092,"0.1863, 0.2463, 0.1791, 0.1947, 0.1935",0.7246740758419037,
0,quantificational logic,,0.8768278360366821,"0.2495, 0.2488, 0.1727, 0.1752, 0.1538",0.7788050770759583,
0,congestion avoidance,,0.6182766556739807,"0.2382, 0.2451, 0.2017, 0.1727, 0.1423",0.8977960050106049,
0,bounded flat surface,,0.7634328007698059,"0.2495, 0.2488, 0.2145, 0.1271, 0.1601",0.8944524228572845,
0,based binary search tree,,0.7087544202804565,"0.1043, 0.2500, 0.2490, 0.2499, 0.1468",0.714574933052063,
0,order functions,,0.6018784642219543,"0.2498, 0.2329, 0.1030, 0.1963, 0.2180",0.889181911945343,
0,relational mapping,,0.7496983408927917,"0.2495, 0.2435, 0.1724, 0.1759, 0.1588",0.8017468601465225,
0,map function,,0.7311816811561584,"0.2500, 0.2464, 0.1418, 0.1755, 0.1863",0.9973593198228627,
0,primitive recursive,,0.8236228227615356,"0.2494, 0.2489, 0.1870, 0.1752, 0.1395",0.8240684121847153,
0,computational methods,,0.8812931776046753,"0.2500, 0.2134, 0.1663, 0.1872, 0.1831",0.6105825901031494,
0,negative matrix factorization,,0.7663478851318359,"0.2484, 0.2499, 0.0962, 0.1971, 0.2084",0.9713248033076525,
0,user virtualization decouples,,0.7305436134338379,"0.1519, 0.2498, 0.2497, 0.2137, 0.1348",0.7143686413764954,
0,topological entropy,,0.6239348649978638,"0.2498, 0.2396, 0.1740, 0.1715, 0.1651",0.8981606587767601,
0,computer architecture courses,,0.6430236101150513,"0.2500, 0.2499, 0.1715, 0.1554, 0.1732",0.3830590844154358,
0,numerical methods,,0.6428101658821106,"0.2495, 0.1638, 0.1570, 0.2100, 0.2196",0.8401533216238022,
0,dimensional dynamic models,,0.8665434122085571,"0.2500, 0.2495, 0.2357, 0.1442, 0.1205",0.8906541913747787,
0,plate notation,,0.6283049583435059,"0.2500, 0.2448, 0.0697, 0.2083, 0.2272",0.8655395358800888,
0,model pseudo,,0.5935456156730652,"0.2438, 0.1511, 0.1966, 0.2072, 0.2013",0.8264893293380737,
0,data retrieval operations,,0.7896026372909546,"0.1951, 0.2476, 0.2339, 0.1694, 0.1540",0.7568986713886261,
0,redeveloping logic,,0.7526251077651978,"0.2463, 0.2473, 0.1497, 0.1789, 0.1778",0.7755205184221268,
0,channel equalization,,0.5147101879119873,"0.2499, 0.2309, 0.1430, 0.1802, 0.1960",0.8457263261079788,
0,broadband backbone network,,0.9163097143173218,"0.2440, 0.2487, 0.2395, 0.1609, 0.1068",0.8068295270204544,
0,modelling software,,0.8080083131790161,"0.2402, 0.2467, 0.2137, 0.1807, 0.1187",0.6022297739982605,
0,cifs specification,,0.664211630821228,"0.2460, 0.2451, 0.1729, 0.1767, 0.1593",0.7036020159721375,
0,joint density matrix,,0.7653089761734009,"0.2490, 0.2453, 0.2489, 0.1020, 0.1548",0.9427706561982632,
0,variable symmetric boolean function,,0.792789101600647,"0.2499, 0.2500, 0.2499, 0.2326, 0.0176",0.9850078914314508,
0,finite automata,,0.8454973697662354,"0.2231, 0.2496, 0.1929, 0.1836, 0.1508",0.8127125799655914,
0,neural networks training,,0.7923406362533569,"0.2500, 0.2498, 0.2204, 0.1570, 0.1228",0.720735490322113,
0,euclidean cubes,,0.8074967861175537,"0.2500, 0.2495, 0.1723, 0.1722, 0.1561",0.8793757185339928,
0,probabilistic parsing mechanism,,0.9299282431602478,"0.2500, 0.2499, 0.2417, 0.1492, 0.1092",0.7682482600212097,
0,milnermycroft calculus,,0.8094097971916199,"0.2500, 0.2495, 0.1843, 0.1718, 0.1444",0.8542164266109467,
0,counterclockwise rotation,,0.6088961362838745,"0.2430, 0.2375, 0.1749, 0.1742, 0.1703",0.9537345729768276,
0,fuzzy logica mathematical system,,0.880903422832489,"0.2500, 0.2500, 0.2479, 0.1882, 0.0639",0.7614041864871979,
0,processing data streams,,0.8862984776496887,"0.2500, 0.2414, 0.2200, 0.1469, 0.1417",0.6739491522312164,
0,polygraphic substitution systems,,0.8547281622886658,"0.2497, 0.2466, 0.2427, 0.1438, 0.1172",0.7438160181045532,
0,compression rate,,0.7186063528060913,"0.2500, 0.2422, 0.1864, 0.1707, 0.1507",0.8665044158697128,
0,asymmetric languages,,0.5401011109352112,"0.2499, 0.2434, 0.1306, 0.1809, 0.1951",0.8150045424699783,
0,convolutional code,,0.8553826808929443,"0.2496, 0.2500, 0.2030, 0.1758, 0.1216",0.8244468569755554,
0,digital-to-analog converter,,0.5822593569755554,"0.2397, 0.2417, 0.2008, 0.1715, 0.1462",0.7315090596675873,
0,business functions,,0.6386770009994507,"0.2498, 0.2458, 0.1449, 0.1768, 0.1827",0.7351665794849396,
0,scalar multiplication,,0.63545823097229,"0.2500, 0.1887, 0.1370, 0.2059, 0.2184",0.8729636073112488,
0,independent processors,,0.7682914733886719,"0.2294, 0.2410, 0.1832, 0.1832, 0.1632",0.5924859344959259,
0,classifier chain,,0.7858594655990601,"0.2500, 0.2493, 0.1968, 0.1721, 0.1319",0.8197033405303955,
0,bit central processing unit,,0.8840627670288086,"0.2496, 0.2472, 0.2500, 0.2423, 0.0109",0.6856888830661774,
0,baseline method,,0.7892580032348633,"0.2496, 0.2353, 0.1393, 0.1858, 0.1899",0.8887410089373589,
0,finite element method,,0.6878765225410461,"0.2497, 0.2487, 0.1948, 0.1048, 0.2020",0.8630049526691437,
0,fortran basic linear algebra subprograms,,0.8870438933372498,"0.2500, 0.2408, 0.2500, 0.2479, 0.0113",0.8917437195777893,
0,linear programming algorithm finds,,0.628764271736145,"0.2500, 0.2500, 0.2500, 0.0037, 0.2463",0.7557253837585449,
0,polynomials indexed,,0.5915482640266418,"0.2499, 0.0187, 0.2366, 0.2464, 0.2484",0.9134575426578522,
0,recursively subdividing,,0.889521598815918,"0.2500, 0.2497, 0.2124, 0.1784, 0.1095",0.8598319888114929,
0,cambridge quantum computing,,0.8926620483398438,"0.2495, 0.2498, 0.2463, 0.1219, 0.1325",0.5487892031669617,
0,application delivery network,,0.728532075881958,"0.2102, 0.2181, 0.2465, 0.1905, 0.1347",0.6886994540691376,
0,galaxies  numerical linear algebra,,0.8774107098579407,"0.1995, 0.2446, 0.2420, 0.2495, 0.0644",0.8936264961957932,
0,beta encoders,,0.6953046321868896,"0.2496, 0.2497, 0.2026, 0.1715, 0.1266",0.824741929769516,
0,accurate identification method,,0.5929035544395447,"0.2283, 0.1808, 0.2209, 0.1549, 0.2151",0.7875840663909912,
0,milnermycroft typability,,0.6510883569717407,"0.2338, 0.1932, 0.2110, 0.1993, 0.1628",0.7984800189733505,
0,bit mips architecture,,0.7380563020706177,"0.2481, 0.2469, 0.2386, 0.1256, 0.1408",0.7404312789440155,
0,browser exploit,,0.8176499605178833,"0.2498, 0.2487, 0.1989, 0.1714, 0.1312",0.8077507019042969,
0,host configurations,,0.5473198294639587,"0.2269, 0.2222, 0.1929, 0.1863, 0.1717",0.8790783584117889,
0,training recursive neural nets,,0.8283337950706482,"0.2498, 0.2500, 0.2499, 0.2315, 0.0188",0.7528114020824432,
0,scatter bits,,0.5746968388557434,"0.2496, 0.1920, 0.1302, 0.2075, 0.2207",0.8343441337347031,
0,maxima computer algebra system,,0.8558652400970459,"0.2499, 0.2500, 0.2490, 0.1810, 0.0700",0.6263843774795532,
0,computational systems,,0.8342380523681641,"0.2500, 0.2452, 0.1834, 0.1707, 0.1508",0.5226759314537048,
0,random variables indexed,,0.776929497718811,"0.2500, 0.2493, 0.0299, 0.2302, 0.2406",0.8504139482975006,
0,deduction efficiently,,0.6379092931747437,"0.2499, 0.2053, 0.1749, 0.1875, 0.1824",0.9704595003277063,
0,intelligence analysis,,0.787924587726593,"0.2500, 0.2117, 0.1599, 0.1887, 0.1898",0.5776933133602142,
0,model sequences,,0.876756489276886,"0.2491, 0.2470, 0.1696, 0.1792, 0.1551",0.7955507636070251,
0,arbitrary text,,0.5022913813591003,"0.2474, 0.1630, 0.1573, 0.2119, 0.2203",0.8840928226709366,
0,unanticipated arithmetic overflow,,0.6331048011779785,"0.2423, 0.1711, 0.2163, 0.1754, 0.1949",0.8719181418418884,
0,evaluation method,,0.7224111557006836,"0.2477, 0.2327, 0.1293, 0.1898, 0.2005",0.754825085401535,
0,computer methods,,0.8442477583885193,"0.2499, 0.2183, 0.1643, 0.1853, 0.1822",0.3679395914077759,
0,dimensional optimization problem,,0.831437885761261,"0.2499, 0.2490, 0.1738, 0.1526, 0.1746",0.9346595704555511,
0,size computation,,0.7777727842330933,"0.2114, 0.2494, 0.1493, 0.1935, 0.1963",0.6401002705097198,
0,theoretical speedup,,0.6859918832778931,"0.2468, 0.2492, 0.1684, 0.1716, 0.1640",0.6772143542766571,
0,logical security boundaries,,0.5576959252357483,"0.2360, 0.2490, 0.2356, 0.1187, 0.1607",0.7945042699575424,
0,probabilistic roadmap methods,,0.9119387269020081,"0.2500, 0.2496, 0.2111, 0.1395, 0.1498",0.8631137758493423,
0,oriented code,,0.7382874488830566,"0.2490, 0.2498, 0.1609, 0.1733, 0.1669",0.6718741655349731,
0,protein sequences,,0.8034848570823669,"0.1929, 0.2469, 0.1853, 0.1968, 0.1781",0.8448646366596222,
0,amd accelerated processing units,,0.5410643815994263,"0.2499, 0.2500, 0.2500, 0.2098, 0.0403",0.6575777530670166,
0,dynamical systems theory,,0.7103148698806763,"0.2500, 0.2499, 0.2432, 0.1213, 0.1356",0.7814444601535797,
0,time markov process,,0.8028110861778259,"0.2275, 0.2463, 0.2471, 0.1642, 0.1149",0.8108991384506226,
0,mit scheme,,0.6205908060073853,"0.2497, 0.2478, 0.1363, 0.1797, 0.1864",0.8489300757646561,
0,pure tridiagonal matrix algorithm,,0.9177393913269043,"0.2465, 0.2500, 0.2500, 0.2495, 0.0041",0.978141438215971,
0,abelian geometric phases,,0.7727363109588623,"0.2500, 0.2476, 0.1816, 0.1368, 0.1841",0.9614218734204769,
0,biological computation,,0.8300802111625671,"0.2260, 0.2497, 0.1637, 0.1844, 0.1762",0.5797813832759857,
0,algebraic geometry,,0.650811493396759,"0.2499, 0.2436, 0.1174, 0.1865, 0.2027",0.9286378920078278,
