IfCS,Phrase,Correct,Probablity,Attention,Distance
0,matrix multiplication,,0.3577486276626587,"0.2136, 0.2175, 0.1896, 0.1896, 0.1896",0.9539908319711685
0,given loop,,0.2681396007537842,"0.2403, 0.2001, 0.1865, 0.1865, 0.1865",0.9259522184729576
0,good behavior,,0.12385457754135132,"0.2458, 0.2314, 0.1743, 0.1743, 0.1743",0.8565657138824463
0,traditional rule,,0.08878892660140991,"0.2496, 0.2407, 0.1699, 0.1699, 0.1699",0.9658083617687225
0,mathematical computability theorists study,,0.0,"0.2496, 0.2430, 0.2316, 0.2039, 0.0720",0.5391855537891388
0,become common practice,,0.028619131073355675,"0.2500, 0.2498, 0.2481, 0.1261, 0.1261",0.8537740111351013
0,everyday division,,0.11943520605564117,"0.2448, 0.2349, 0.1734, 0.1734, 0.1734",0.7766785025596619
0,data structure returns,,0.21227708458900452,"0.2195, 0.2330, 0.2058, 0.1709, 0.1709",0.7887885868549347
0,ss  see edwards,,0.04127379134297371,"0.2474, 0.1390, 0.2416, 0.2329, 0.1390",0.8744489550590515
0,field include computational materials science,,0.0,"0.2499, 0.2497, 0.2376, 0.2256, 0.0373",0.4778381586074829
0,bounded treewidth may,,0.13225048780441284,"0.2476, 0.2320, 0.2378, 0.1413, 0.1413",0.8754430934786797
0,empirical eigenfunction decomposition,,0.5264986753463745,"0.1982, 0.1349, 0.1866, 0.2402, 0.2402",0.7993006706237793
0,david bau,,0.07772533595561981,"0.2445, 0.2357, 0.1733, 0.1733, 0.1733",0.8131939619779587
0,alternative method,,0.21684233844280243,"0.2450, 0.2133, 0.1806, 0.1806, 0.1806",0.7512730211019516
0,oldest form,,0.048589110374450684,"0.2497, 0.2474, 0.1676, 0.1676, 0.1676",0.8946693241596222
0,subjunctive possibility,,0.0777466893196106,"0.2459, 0.2259, 0.1761, 0.1761, 0.1761",0.9873035028576851
0,well defined,,0.04942714050412178,"0.2489, 0.2432, 0.1693, 0.1693, 0.1693",0.8725975304841995
0,message authentication codesiso,,0.46504077315330505,"0.2442, 0.2247, 0.2200, 0.1555, 0.1555",0.8605632781982422
0,minimum intelligent signal test,,0.04490668699145317,"0.2499, 0.2477, 0.2343, 0.1788, 0.0893",0.722801923751831
0,sparse distributed memory system,,0.3188211917877197,"0.2486, 0.2362, 0.2084, 0.2238, 0.0831",0.7315597236156464
0,gnu octave,,0.24689720571041107,"0.2310, 0.2258, 0.1811, 0.1811, 0.1811",0.8661433011293411
0,cryptographically protected way,,0.07375994324684143,"0.2490, 0.2457, 0.2381, 0.1336, 0.1336",0.8506702780723572
0,surface observations,,0.08383321762084961,"0.2483, 0.2398, 0.1707, 0.1707, 0.1707",0.8369140774011612
0,first studied,,0.03725041449069977,"0.2496, 0.2451, 0.1685, 0.1685, 0.1685",0.717095673084259
0,turnaround document,,0.1916152983903885,"0.2400, 0.2297, 0.1768, 0.1768, 0.1768",0.7961636930704117
0,j  multiplies another matrix,,0.0,"0.2488, 0.1033, 0.2437, 0.2369, 0.1673",0.9415857791900635
0,joint parameters,,0.10492873191833496,"0.2423, 0.2218, 0.1786, 0.1786, 0.1786",0.9523095935583115
0,contains selected columns,,0.04330296814441681,"0.2492, 0.2443, 0.2438, 0.1314, 0.1314",0.9846540410071611
0,rapidly manipulate,,0.23526696860790253,"0.2425, 0.2247, 0.1776, 0.1776, 0.1776",0.7387281954288483
0,original sample,,0.1022990494966507,"0.2482, 0.2268, 0.1750, 0.1750, 0.1750",0.7912408113479614
0,uses memoization,,0.10516327619552612,"0.2449, 0.2201, 0.1783, 0.1783, 0.1783",0.6279640197753906
0,richtarik algorithm precisely recovers,,0.0,"0.2490, 0.2402, 0.2355, 0.1821, 0.0932",0.7642234414815903
0,thus run faster,,0.0092131607234478,"0.2497, 0.2477, 0.2390, 0.1318, 0.1318",0.7077956199645996
0,fortran basic linear algebra subprograms,,0.23824675381183624,"0.2494, 0.2466, 0.2004, 0.1937, 0.1099",0.8917437195777893
0,initially considered,,0.030842505395412445,"0.2497, 0.2461, 0.1681, 0.1681, 0.1681",0.9080978333950043
0,file format,,0.08052220940589905,"0.2463, 0.2454, 0.1694, 0.1694, 0.1694",0.8014454990625381
0,quantum measurement may involve,,0.0,"0.2500, 0.2498, 0.2485, 0.2396, 0.0121",0.7839672565460205
0,credit card number  preparation,,0.061151087284088135,"0.2499, 0.2493, 0.2477, 0.0093, 0.2438",0.8721473217010498
0,givens rotation matrix,,0.2423342615365982,"0.2437, 0.2301, 0.1920, 0.1671, 0.1671",0.9610367491841316
0,download pages,,0.19204817712306976,"0.2335, 0.2329, 0.1779, 0.1779, 0.1779",0.9016925990581512
0,matching algorithm,,0.5470842123031616,"0.2197, 0.1691, 0.2037, 0.2037, 0.2037",0.8589198142290115
0,nationwide research programme,,0.031277768313884735,"0.2498, 0.2480, 0.2447, 0.1287, 0.1287",0.7026142179965973
0,called multiple linear regression,,0.0,"0.2495, 0.2473, 0.1881, 0.1403, 0.1749",0.9383624382317066
0,order execution microprocessors,,0.338527649641037,"0.2405, 0.2185, 0.2158, 0.1626, 0.1626",0.6577591300010681
0,evaluation strategy,,0.26980024576187134,"0.2155, 0.2157, 0.1896, 0.1896, 0.1896",0.7241417765617371
0,primary motivation,,0.04680625721812248,"0.2403, 0.2281, 0.1772, 0.1772, 0.1772",0.9195068851113319
0,using iterative methods,,0.25149551033973694,"0.2412, 0.1688, 0.2120, 0.1890, 0.1890",0.7974706143140793
0,uncertainty either,,0.09544248133897781,"0.2355, 0.2439, 0.1735, 0.1735, 0.1735",0.829861044883728
0,simple case,,0.06606178730726242,"0.2484, 0.2368, 0.1716, 0.1716, 0.1716",0.815333217382431
0,parallels hardware pipelining,,0.2746402323246002,"0.2447, 0.2263, 0.2207, 0.1541, 0.1541",0.6140597760677338
0,dimensional optimization problem,,0.4888538420200348,"0.2310, 0.1500, 0.2028, 0.2081, 0.2081",0.9346595704555511
0,major conference,,0.05157603695988655,"0.2384, 0.2421, 0.1732, 0.1732, 0.1732",0.7338632643222809
0,generic process,,0.29540514945983887,"0.2242, 0.2064, 0.1898, 0.1898, 0.1898",0.7701432406902313
0,broad enough,,0.03892328217625618,"0.2487, 0.2453, 0.1687, 0.1687, 0.1687",0.8812829926609993
0,wide range,,0.08847691118717194,"0.2466, 0.2448, 0.1695, 0.1695, 0.1695",0.8437962383031845
0,roland leia,,0.05633552744984627,"0.2480, 0.2442, 0.1692, 0.1692, 0.1692",0.9830583240836859
0,simple binary logic truth values,,0.0,"0.2498, 0.2468, 0.2142, 0.1744, 0.1148",0.8410972058773041
0,communication complexity studies,,0.06712153553962708,"0.2492, 0.2440, 0.2377, 0.1345, 0.1345",0.6564508378505707
0,probabilistic roadmap methods,,0.5993538498878479,"0.2022, 0.2072, 0.1963, 0.1972, 0.1972",0.8631137758493423
0,often hand,,0.045012351125478745,"0.2496, 0.2479, 0.1675, 0.1675, 0.1675",0.8867395669221878
0,practices employed,,0.020054791122674942,"0.2491, 0.2428, 0.1694, 0.1694, 0.1694",0.8161642849445343
0,rnyi entropy,,0.29182982444763184,"0.2360, 0.1812, 0.1943, 0.1943, 0.1943",0.7915146946907043
0,communications security,,0.3969760537147522,"0.2269, 0.1956, 0.1925, 0.1925, 0.1925",0.7029575109481812
0,florian wenzel,,0.04638506844639778,"0.2471, 0.2377, 0.1717, 0.1717, 0.1717",0.9850505320355296
0,one objective function,,0.0,"0.2483, 0.2377, 0.1685, 0.1727, 0.1727",0.8365201652050018
0,mit scheme,,0.25597521662712097,"0.2383, 0.2129, 0.1829, 0.1829, 0.1829",0.8489300757646561
0,sense close,,0.05603746697306633,"0.2420, 0.2378, 0.1734, 0.1734, 0.1734",0.9129292741417885
0,symbolic sound corporation,,0.0,"0.2494, 0.2469, 0.2313, 0.1362, 0.1362",0.7226305305957794
0,specific record,,0.05084388330578804,"0.2479, 0.2420, 0.1700, 0.1700, 0.1700",0.8044861704111099
0,differ slightly,,0.0447598472237587,"0.2474, 0.2443, 0.1694, 0.1694, 0.1694",0.8568894267082214
0,formal systems used,,0.05772683396935463,"0.2500, 0.2493, 0.2461, 0.1273, 0.1273",0.6454471349716187
0,new system,,0.09761664271354675,"0.2495, 0.2438, 0.1689, 0.1689, 0.1689",0.6102336347103119
0,quality prngs,,0.1164286732673645,"0.2460, 0.2392, 0.1716, 0.1716, 0.1716",0.7430652976036072
0,latent variables organized layer,,0.16274438798427582,"0.2478, 0.2372, 0.2408, 0.2113, 0.0628",0.8847803026437759
0,involves division  one would expect,,0.0,"0.2500, 0.2498, 0.0208, 0.2490, 0.2304",0.7672089040279388
0,restricted form,,0.06150316074490547,"0.2489, 0.2457, 0.1685, 0.1685, 0.1685",0.9743932150304317
0,require bit manipulation include low,,0.0,"0.2499, 0.2495, 0.2447, 0.2231, 0.0328",0.8006196320056915
0,vector auto,,0.11759613454341888,"0.2448, 0.2385, 0.1723, 0.1723, 0.1723",0.8859706670045853
0,systematic formal theory,,0.15746207535266876,"0.2493, 0.2472, 0.2147, 0.1444, 0.1444",0.760533794760704
0,accurately provide approximate answers,,0.0,"0.2500, 0.2497, 0.2428, 0.2291, 0.0284",0.7991982400417328
0,informal way,,0.059844985604286194,"0.2495, 0.2459, 0.1682, 0.1682, 0.1682",0.9535865150392056
0,typically equipped,,0.03862269967794418,"0.2498, 0.2492, 0.1670, 0.1670, 0.1670",0.8162872344255447
0,propositions qualified,,0.04666709527373314,"0.2453, 0.2289, 0.1752, 0.1752, 0.1752",0.9567291438579559
0,certain measure,,0.06280838698148727,"0.2486, 0.2420, 0.1698, 0.1698, 0.1698",0.8612516671419144
0,ambient data,,0.39293038845062256,"0.2424, 0.1696, 0.1960, 0.1960, 0.1960",0.7232868373394012
0,computed independently,,0.184103325009346,"0.2383, 0.2235, 0.1794, 0.1794, 0.1794",0.870367243885994
0,concrete objects,,0.11130361258983612,"0.2405, 0.2312, 0.1761, 0.1761, 0.1761",0.8002111166715622
0,unambiguously represent,,0.05655413120985031,"0.2446, 0.2436, 0.1706, 0.1706, 0.1706",0.9025033190846443
0,one stores,,0.058676473796367645,"0.2475, 0.2439, 0.1696, 0.1696, 0.1696",0.8688778281211853
0,human performance,,0.09137432277202606,"0.2457, 0.2401, 0.1714, 0.1714, 0.1714",0.8184418380260468
0,asymmetric languages,,0.24010682106018066,"0.2447, 0.2354, 0.1733, 0.1733, 0.1733",0.8150045424699783
0,series information,,0.09986087679862976,"0.2488, 0.2399, 0.1704, 0.1704, 0.1704",0.7182522118091583
0,user virtualization refers,,0.13914327323436737,"0.2478, 0.2370, 0.2330, 0.1411, 0.1411",0.6546637713909149
0,systematics application,,0.1803712099790573,"0.2422, 0.2184, 0.1798, 0.1798, 0.1798",0.697469174861908
0,full development,,0.05306243896484375,"0.2483, 0.2447, 0.1690, 0.1690, 0.1690",0.7751246392726898
0,software agents may,,0.024091988801956177,"0.2494, 0.2478, 0.2390, 0.1319, 0.1319",0.7293944954872131
0,deliberately restricted,,0.08509787172079086,"0.2458, 0.2379, 0.1721, 0.1721, 0.1721",0.8832104504108429
0,called multivalued logic,,0.009088944643735886,"0.2487, 0.2275, 0.1395, 0.1921, 0.1921",0.8949244618415833
0,optional training function,,0.23695315420627594,"0.2481, 0.2388, 0.1912, 0.1609, 0.1609",0.8910060301423073
0,incorrect answer,,0.07410553097724915,"0.2402, 0.2323, 0.1759, 0.1759, 0.1759",0.9084973856806755
0,full complexity,,0.11110237240791321,"0.2440, 0.2341, 0.1740, 0.1740, 0.1740",0.687642514705658
0,constant worst,,0.07809010148048401,"0.2433, 0.2394, 0.1724, 0.1724, 0.1724",0.8734640330076218
0,1987  empirical component analysis,,0.0,"0.2497, 0.1039, 0.2409, 0.2347, 0.1707",0.6711652874946594
0,breiman et al,,0.0,"0.2489, 0.2463, 0.2285, 0.1382, 0.1382",0.9779219422489405
0,represent functions,,0.16762006282806396,"0.2420, 0.1999, 0.1860, 0.1860, 0.1860",0.9255881458520889
0,design modifications must,,0.03658144921064377,"0.2498, 0.2490, 0.2445, 0.1283, 0.1283",0.7291958928108215
0,distributed computing project undertaken,,0.0,"0.2499, 0.2487, 0.2458, 0.2296, 0.0260",0.5635048449039459
0,two routers,,0.13279087841510773,"0.2443, 0.2233, 0.1775, 0.1775, 0.1775",0.9221409857273102
0,functions measuring,,0.3146880269050598,"0.2109, 0.2234, 0.1886, 0.1886, 0.1886",0.7780387252569199
0,training recursive neural nets,,0.043068837374448776,"0.2448, 0.2179, 0.2060, 0.1685, 0.1628",0.7528114020824432
0,phase distinction marks,,0.06051523610949516,"0.2497, 0.2468, 0.2405, 0.1314, 0.1314",0.9319088608026505
0,access control system,,0.15613944828510284,"0.2493, 0.2477, 0.2374, 0.1328, 0.1328",0.695920318365097
0,classical economic mechanism design,,0.0,"0.2492, 0.2306, 0.2280, 0.1869, 0.1052",0.8071197122335434
0,quantificational logic,,0.6239171028137207,"0.2152, 0.1417, 0.2144, 0.2144, 0.2144",0.7788050770759583
0,one extremely important characteristic,,0.0,"0.2500, 0.2499, 0.2487, 0.2360, 0.0154",0.8012249618768692
0,least astonishment,,0.15562501549720764,"0.2432, 0.1972, 0.1865, 0.1865, 0.1865",0.8660902380943298
0,two bytes wide using,,0.0,"0.2498, 0.2466, 0.2453, 0.2269, 0.0313",0.785127654671669
0,two different versions,,0.037527453154325485,"0.2500, 0.2498, 0.2485, 0.1259, 0.1259",0.7915645092725754
0,electronic switches,,0.3532116115093231,"0.2365, 0.2167, 0.1822, 0.1822, 0.1822",0.7198501527309418
0,argument technology faced,,0.031771380454301834,"0.2495, 0.2458, 0.2386, 0.1330, 0.1330",0.5344417691230774
0,three factors,,0.043461453169584274,"0.2490, 0.2432, 0.1692, 0.1692, 0.1692",0.8433333486318588
0,additional writes,,0.037448011338710785,"0.2497, 0.2480, 0.1674, 0.1674, 0.1674",0.76078000664711
0,design principle,,0.19040028750896454,"0.2421, 0.2252, 0.1775, 0.1775, 0.1775",0.7191362380981445
0,mimo wireless communication,,0.18969662487506866,"0.2481, 0.2388, 0.2345, 0.1393, 0.1393",0.9835826829075813
0,based system,,0.18104930222034454,"0.2477, 0.2371, 0.1718, 0.1718, 0.1718",0.5243992805480957
0,many data stream mining applications,,0.0,"0.2492, 0.2256, 0.2042, 0.1389, 0.1822",0.6840227842330933
0,assigned exactly,,0.047330692410469055,"0.2478, 0.2436, 0.1695, 0.1695, 0.1695",0.9370222091674805
0,european union,,0.08072666823863983,"0.2390, 0.2355, 0.1752, 0.1752, 0.1752",0.9580280371010303
0,first documented computer architecture,,0.0,"0.2496, 0.2454, 0.2151, 0.1774, 0.1126",0.37108027935028076
0,steal database approach,,0.25190865993499756,"0.2408, 0.1991, 0.2244, 0.1678, 0.1678",0.7958281189203262
0,general task,,0.08878307789564133,"0.2465, 0.2427, 0.1703, 0.1703, 0.1703",0.6109001338481903
0,core principles,,0.11563742160797119,"0.2421, 0.2415, 0.1721, 0.1721, 0.1721",0.749201625585556
0,expected search time,,0.12375876307487488,"0.2469, 0.2390, 0.2252, 0.1445, 0.1445",0.7988886833190918
0,common lossless compression algorithms,,0.0,"0.2483, 0.2206, 0.1919, 0.1517, 0.1875",0.8400274366140366
0,1  became important,,0.016557596623897552,"0.2500, 0.1265, 0.2498, 0.2472, 0.1265",0.8472019731998444
0,high likelihood,,0.12625810503959656,"0.2367, 0.1886, 0.1916, 0.1916, 0.1916",0.791878417134285
0,exceedingly rare,,0.0471455343067646,"0.2466, 0.2444, 0.1697, 0.1697, 0.1697",0.8917119950056076
0,give constant,,0.06549249589443207,"0.2481, 0.2394, 0.1708, 0.1708, 0.1708",0.8787556737661362
0,big number,,0.10952194035053253,"0.2385, 0.2418, 0.1732, 0.1732, 0.1732",0.8989664688706398
0,solve high,,0.1228729784488678,"0.2383, 0.2354, 0.1754, 0.1754, 0.1754",0.8411339521408081
0,finite objects,,0.09022055566310883,"0.2468, 0.2386, 0.1716, 0.1716, 0.1716",0.8272342681884766
0,use numerical approximation,,0.0,"0.2481, 0.2390, 0.1307, 0.1911, 0.1911",0.8397984653711319
0,order markov models,,0.5431461930274963,"0.2451, 0.1939, 0.2087, 0.1761, 0.1761",0.8700735718011856
0,unanalyzable units,,0.13007915019989014,"0.2359, 0.2367, 0.1758, 0.1758, 0.1758",0.8706397265195847
0,much richer structure,,0.046620406210422516,"0.2474, 0.2437, 0.2406, 0.1342, 0.1342",0.7985188812017441
0,givens rotation,,0.08662831783294678,"0.2462, 0.2375, 0.1721, 0.1721, 0.1721",0.8884516730904579
0,create one,,0.03955155238509178,"0.2497, 0.2482, 0.1674, 0.1674, 0.1674",0.7618267834186554
0,total order,,0.0939495861530304,"0.2373, 0.2422, 0.1735, 0.1735, 0.1735",0.9376368001103401
0,neural networks training,,0.46581995487213135,"0.2348, 0.2074, 0.2253, 0.1663, 0.1663",0.720735490322113
0,parse trees,,0.48414352536201477,"0.1483, 0.1761, 0.2252, 0.2252, 0.2252",0.8817395195364952
0,performing gaussian elimination,,0.3173190951347351,"0.2483, 0.2060, 0.2257, 0.1599, 0.1599",0.9262033030390739
0,key fob,,0.19291843473911285,"0.2404, 0.2313, 0.1761, 0.1761, 0.1761",0.8271414339542389
0,centered design,,0.106590136885643,"0.2475, 0.2374, 0.1717, 0.1717, 0.1717",0.8075997531414032
0,assembly instructions required,,0.018252544105052948,"0.2497, 0.2487, 0.2412, 0.1302, 0.1302",0.7569672018289566
0,little effect,,0.04584343731403351,"0.2488, 0.2436, 0.1692, 0.1692, 0.1692",0.843569740653038
0,game complexity,,0.12419262528419495,"0.2475, 0.2383, 0.1714, 0.1714, 0.1714",0.6834398508071899
0,research project sponsored,,0.010623367503285408,"0.2489, 0.2452, 0.2416, 0.1321, 0.1321",0.6544750928878784
0,short lists,,0.0701751857995987,"0.2488, 0.2417, 0.1698, 0.1698, 0.1698",0.8923917189240456
0,written characters,,0.07188145816326141,"0.2493, 0.2436, 0.1691, 0.1691, 0.1691",0.8516185283660889
0,radius 1 centered,,0.04557313024997711,"0.2496, 0.2484, 0.2450, 0.1285, 0.1285",0.9599621966481209
0,take advantage,,0.07000067830085754,"0.2477, 0.2323, 0.1733, 0.1733, 0.1733",0.8467340171337128
0,ordinary words,,0.05983275547623634,"0.2492, 0.2464, 0.1681, 0.1681, 0.1681",0.8796417638659477
0,basic arithmetic operations     integer powers,,0.15025673806667328,"0.2475, 0.2349, 0.2281, 0.1447, 0.1447",0.8702412545681
0,using formalized arguments,,0.0,"0.2456, 0.2342, 0.1909, 0.1647, 0.1647",0.9240587204694748
0,air quality forecasts,,0.09759876877069473,"0.2494, 0.2448, 0.2194, 0.1432, 0.1432",0.9558090530335903
0,rapidly increasing data sets,,0.09714847803115845,"0.2493, 0.2462, 0.2182, 0.2265, 0.0599",0.7775160074234009
0,option type,,0.1300203800201416,"0.2438, 0.2398, 0.1721, 0.1721, 0.1721",0.9263783171772957
0,design pattern commonly used,,0.014014817774295807,"0.2500, 0.2500, 0.2498, 0.2436, 0.0066",0.7179315090179443
0,like topology,,0.21643052995204926,"0.2469, 0.2153, 0.1793, 0.1793, 0.1793",0.8334666192531586
0,complex world,,0.09634064882993698,"0.2482, 0.2389, 0.1710, 0.1710, 0.1710",0.7931030690670013
0,counting problems,,0.12415532767772675,"0.2431, 0.2343, 0.1742, 0.1742, 0.1742",0.8696896135807037
0,parametric feature,,0.14945343136787415,"0.2432, 0.2392, 0.1725, 0.1725, 0.1725",0.8374179601669312
0,randomization function always performed,,0.018070373684167862,"0.2498, 0.2490, 0.2473, 0.2405, 0.0134",0.8598039150238037
0,whole system stabilizes,,0.06397491693496704,"0.2497, 0.2470, 0.2402, 0.1315, 0.1315",0.7808058857917786
0,open standard developed,,0.03728031367063522,"0.2499, 0.2494, 0.2475, 0.1266, 0.1266",0.6638192534446716
0,often combined,,0.039431117475032806,"0.2495, 0.2472, 0.1678, 0.1678, 0.1678",0.8189620822668076
0,like instruction set architecture designed,,0.0,"0.2499, 0.2486, 0.2441, 0.1798, 0.0776",0.5938723981380463
0,shared graphics solutions,,0.15992878377437592,"0.2491, 0.2437, 0.2296, 0.1388, 0.1388",0.706099808216095
0,extended binary trees,,0.773917555809021,"0.2290, 0.1988, 0.1632, 0.2045, 0.2045",0.8075896203517914
0,evaluating univariate polynomials,,0.36701247096061707,"0.2135, 0.2046, 0.2016, 0.1902, 0.1902",0.8880891352891922
0,categorical data,,0.553238570690155,"0.2367, 0.1594, 0.2013, 0.2013, 0.2013",0.8421436101198196
0,trace language,,0.20975500345230103,"0.2475, 0.2308, 0.1739, 0.1739, 0.1739",0.734885036945343
0,compositions uniformly,,0.13934820890426636,"0.2477, 0.2136, 0.1796, 0.1796, 0.1796",0.9004170000553131
0,determine macroscopic thermodynamic properties,,0.0,"0.2486, 0.2421, 0.2221, 0.1961, 0.0912",0.8573870062828064
0,smaller subproblems,,0.14010939002037048,"0.2438, 0.2165, 0.1799, 0.1799, 0.1799",0.8899984061717987
0,equilibrium intersect,,0.1247701495885849,"0.2387, 0.2400, 0.1738, 0.1738, 0.1738",0.9568016938865185
0,computational complexity theory focuses,,0.0045722536742687225,"0.2459, 0.2407, 0.1989, 0.1897, 0.1247",0.6154550611972809
0,learning sequence,,0.09219619631767273,"0.2435, 0.2469, 0.1699, 0.1699, 0.1699",0.7258494794368744
0,models need,,0.07540708780288696,"0.2468, 0.2457, 0.1692, 0.1692, 0.1692",0.7672597616910934
0,electronic form,,0.09004218876361847,"0.2477, 0.2425, 0.1699, 0.1699, 0.1699",0.6124638617038727
0,whole domain,,0.08863258361816406,"0.2347, 0.2227, 0.1809, 0.1809, 0.1809",0.7770441323518753
0,1949 rand corporation report,,0.0,"0.2499, 0.2469, 0.2423, 0.2250, 0.0359",0.7946569174528122
0,specialized area,,0.05443223938345909,"0.2463, 0.2442, 0.1698, 0.1698, 0.1698",0.7281696200370789
0,standard low,,0.08582478761672974,"0.2454, 0.2428, 0.1706, 0.1706, 0.1706",0.8591316491365433
0,settings ranging,,0.06446117162704468,"0.2492, 0.2469, 0.1680, 0.1680, 0.1680",0.9016241729259491
0,propagation algorithm,,0.6647971868515015,"0.2157, 0.1447, 0.2132, 0.2132, 0.2132",0.8274063915014267
0,mathematical operation called convolution,,0.0,"0.2499, 0.2492, 0.2461, 0.1956, 0.0592",0.8512116074562073
0,computer science context,,0.0948924571275711,"0.2486, 0.2443, 0.2311, 0.1380, 0.1380",0.12893056869506836
0,give better results,,0.02382408082485199,"0.2498, 0.2487, 0.2420, 0.1298, 0.1298",0.8208146095275879
0,single data,,0.2062772959470749,"0.2476, 0.2048, 0.1825, 0.1825, 0.1825",0.7508096694946289
0,allowing developers,,0.13344834744930267,"0.2326, 0.2123, 0.1850, 0.1850, 0.1850",0.8151643574237823
0,teaching computational statistics,,0.1452798694372177,"0.2464, 0.2077, 0.2159, 0.1650, 0.1650",0.5602493286132812
0,normal floating,,0.28634512424468994,"0.2343, 0.2180, 0.1825, 0.1825, 0.1825",0.9278671965003014
0,combinatorial optimization problem studied,,0.0,"0.2487, 0.2387, 0.2327, 0.2118, 0.0680",0.832301989197731
0,random bits,,0.2905689775943756,"0.2203, 0.2253, 0.1848, 0.1848, 0.1848",0.8060351759195328
0,using string kernels,,0.2702488899230957,"0.2168, 0.2058, 0.2110, 0.1832, 0.1832",0.8411180675029755
0,high channel correlation,,0.14277394115924835,"0.2460, 0.2393, 0.2058, 0.1544, 0.1544",0.868450790643692
0,specialized electronic circuit designed,,0.0,"0.2498, 0.2486, 0.2403, 0.2210, 0.0403",0.5456268489360809
0,future mobile,,0.20315390825271606,"0.2377, 0.2114, 0.1836, 0.1836, 0.1836",0.8289196938276291
0,social media,,0.06010366976261139,"0.2489, 0.2448, 0.1688, 0.1688, 0.1688",0.8039863109588623
0,particular algorithm,,0.21391740441322327,"0.2462, 0.1896, 0.1881, 0.1881, 0.1881",0.6966855823993683
0,selective restriction,,0.2547485828399658,"0.2136, 0.1888, 0.1992, 0.1992, 0.1992",0.8782345354557037
0,immediate substructures,,0.09220997989177704,"0.2466, 0.2364, 0.1723, 0.1723, 0.1723",0.9416185282170773
0,originally coined,,0.040060047060251236,"0.2499, 0.2478, 0.1674, 0.1674, 0.1674",0.9022296592593193
0,philippe flajolet,,0.06386032700538635,"0.2484, 0.2424, 0.1698, 0.1698, 0.1698",0.9834417514503002
0,deeper purpose,,0.04988210275769234,"0.2486, 0.2429, 0.1695, 0.1695, 0.1695",0.8251514881849289
0,many divide,,0.0411812961101532,"0.2481, 0.2372, 0.1716, 0.1716, 0.1716",0.8066210150718689
0,current growth,,0.10081636905670166,"0.2369, 0.2158, 0.1824, 0.1824, 0.1824",0.8511128425598145
0,termination analysis must take,,0.0,"0.2500, 0.2497, 0.2483, 0.2356, 0.0163",0.7876593172550201
0,vector implementation,,0.20461389422416687,"0.2443, 0.2223, 0.1778, 0.1778, 0.1778",0.8073338270187378
0,tolerant networking research group,,0.04498880356550217,"0.2497, 0.2464, 0.2433, 0.2396, 0.0210",0.6931764185428619
0,give many,,0.03872497007250786,"0.2497, 0.2488, 0.1672, 0.1672, 0.1672",0.8511268943548203
0,lance fortnow,,0.0652296245098114,"0.2469, 0.2355, 0.1725, 0.1725, 0.1725",0.9993933828081936
0,basic linear algebra,,0.4100337326526642,"0.2442, 0.1999, 0.2265, 0.1647, 0.1647",0.8849012330174446
0,beta encoder,,0.28645288944244385,"0.2366, 0.2177, 0.1819, 0.1819, 0.1819",0.8310898989439011
0,step separately,,0.06548440456390381,"0.2476, 0.2457, 0.1689, 0.1689, 0.1689",0.8655783981084824
0,systems towards solving computational problems,,0.0,"0.2496, 0.2476, 0.2333, 0.1327, 0.1367",0.6609601378440857
0,theft deterrent,,0.15952856838703156,"0.2376, 0.2023, 0.1867, 0.1867, 0.1867",0.793369933962822
0,educational institutions,,0.057649534195661545,"0.2466, 0.2442, 0.1697, 0.1697, 0.1697",0.6614019870758057
0,software programs involves proving,,0.0,"0.2499, 0.2496, 0.2458, 0.1928, 0.0620",0.5939875841140747
0,classification performance,,0.15225572884082794,"0.2404, 0.2386, 0.1737, 0.1737, 0.1737",0.7022674381732941
0,linear approach,,0.3416217267513275,"0.2229, 0.2264, 0.1836, 0.1836, 0.1836",0.8333801031112671
0,ignoring potential problems,,0.0,"0.2455, 0.2384, 0.2224, 0.1468, 0.1468",0.8233747035264969
0,bayesian information,,0.3994499742984772,"0.2063, 0.2101, 0.1945, 0.1945, 0.1945",0.7517462968826294
0,system whose resources,,0.007136832922697067,"0.2488, 0.2452, 0.2345, 0.1357, 0.1357",0.5034647285938263
0,quantitative investigation,,0.1659173220396042,"0.2289, 0.2258, 0.1818, 0.1818, 0.1818",0.689101368188858
0,four principal inspirations,,0.035803962498903275,"0.2499, 0.2491, 0.2470, 0.1270, 0.1270",0.7920933663845062
0,main operation performed,,0.03732113540172577,"0.2496, 0.2478, 0.2461, 0.1283, 0.1283",0.7825988382101059
0,alex nugent describes,,0.0020029135048389435,"0.2490, 0.2450, 0.2294, 0.1383, 0.1383",0.8443751782178879
0,external factors,,0.061896372586488724,"0.2378, 0.2354, 0.1756, 0.1756, 0.1756",0.8671160936355591
0,asymptotic performance,,0.23379214107990265,"0.2231, 0.2356, 0.1804, 0.1804, 0.1804",0.8339050710201263
0,financial sector,,0.255990594625473,"0.2040, 0.2198, 0.1921, 0.1921, 0.1921",0.6987417638301849
0,set would,,0.05551712214946747,"0.2486, 0.2427, 0.1695, 0.1695, 0.1695",0.9412208124995232
0,contentious information,,0.0698387622833252,"0.2487, 0.2377, 0.1712, 0.1712, 0.1712",0.6693723201751709
0,ensuring moral behaviors,,0.02800104022026062,"0.2493, 0.2443, 0.2367, 0.1349, 0.1349",0.9401977993547916
0,manually designed grammars,,0.058245278894901276,"0.2499, 0.2489, 0.2423, 0.1295, 0.1295",0.7671016305685043
0,peacock original programming,,0.1849784553050995,"0.2476, 0.2450, 0.2048, 0.1513, 0.1513",0.6699796915054321
0,saving manner,,0.047843579202890396,"0.2486, 0.2481, 0.1678, 0.1678, 0.1678",0.8303039073944092
0,truth table,,0.28495168685913086,"0.2216, 0.2196, 0.1863, 0.1863, 0.1863",0.8189127594232559
0,worst case analysis,,0.055817898362874985,"0.2483, 0.2404, 0.1934, 0.1589, 0.1589",0.7751278877258301
0,analyzes analog input values,,0.06681583821773529,"0.2497, 0.2485, 0.2353, 0.2192, 0.0473",0.7384458184242249
0,square cipher uses two 5x5 matrices,,0.0,"0.2500, 0.2485, 0.2432, 0.2120, 0.0464",0.9190990030765533
0,gambling sites also providing auditors,,0.0,"0.2500, 0.2498, 0.2488, 0.2348, 0.0166",0.8069577515125275
0,gap analysis involves determining,,0.0,"0.2499, 0.2493, 0.2461, 0.2027, 0.0519",0.7658876478672028
0,performance computing,,0.5491362810134888,"0.2401, 0.1871, 0.1909, 0.1909, 0.1909",0.5373262763023376
0,individual gates,,0.10178743302822113,"0.2364, 0.2291, 0.1782, 0.1782, 0.1782",0.9046829715371132
0,model fitting,,0.1825922727584839,"0.2391, 0.2368, 0.1747, 0.1747, 0.1747",0.8651990592479706
0,precisely one,,0.046878665685653687,"0.2491, 0.2467, 0.1680, 0.1680, 0.1680",0.7387527525424957
0,extending courcelle,,0.07573118805885315,"0.2410, 0.2313, 0.1759, 0.1759, 0.1759",0.9998142358963378
0,associated invariance theorem around 1960,,0.0,"0.2499, 0.2489, 0.2422, 0.2179, 0.0410",0.9853239096701145
0,uncertainty reduced,,0.355373352766037,"0.1565, 0.2050, 0.2128, 0.2128, 0.2128",0.8989581391215324
0,claude shannon produced,,0.03997132182121277,"0.2498, 0.2478, 0.2449, 0.1288, 0.1288",0.860108271241188
0,establish un norms,,0.004058618098497391,"0.2500, 0.2493, 0.2444, 0.1282, 0.1282",0.980696763843298
0,2007  algorithmic mechanism design,,0.0,"0.2475, 0.1229, 0.2253, 0.2220, 0.1823",0.6575497686862946
0,programming language concepts,,0.12282334268093109,"0.2495, 0.2457, 0.2340, 0.1354, 0.1354",0.5500039458274841
0,name entered,,0.04706236347556114,"0.2482, 0.2423, 0.1698, 0.1698, 0.1698",0.9389077201485634
0,correcting code,,0.27924904227256775,"0.2326, 0.2096, 0.1859, 0.1859, 0.1859",0.8374255746603012
0,mental weaknesses,,0.10414808988571167,"0.2436, 0.2393, 0.1724, 0.1724, 0.1724",0.9202253893017769
0,rule  applies,,0.05554556846618652,"0.2475, 0.1698, 0.2430, 0.1698, 0.1698",0.9959101714193821
0,allows one,,0.04545043408870697,"0.2495, 0.2468, 0.1679, 0.1679, 0.1679",0.7864852994680405
0,may use knowledge,,0.023875948041677475,"0.2499, 0.2492, 0.2352, 0.1328, 0.1328",0.6850573420524597
0,christopher terry,,0.041205111891031265,"0.2419, 0.2235, 0.1782, 0.1782, 0.1782",0.886474609375
0,often necessary,,0.03678817301988602,"0.2497, 0.2473, 0.1677, 0.1677, 0.1677",0.7995573580265045
0,standard integrated circuit,,0.12019288539886475,"0.2488, 0.2470, 0.2323, 0.1359, 0.1359",0.6060395836830139
0,even interactive genetic algorithms,,0.06256358325481415,"0.2496, 0.2472, 0.2366, 0.1364, 0.1303",0.6915261447429657
0,hans kamp,,0.06294536590576172,"0.2465, 0.2346, 0.1730, 0.1730, 0.1730",0.8647753149271011
0,variables forward,,0.09858658909797668,"0.2446, 0.2394, 0.1720, 0.1720, 0.1720",0.8967746570706367
0,showing multiple points,,0.04518584907054901,"0.2500, 0.2497, 0.2471, 0.1266, 0.1266",0.913799986243248
0,decrease calculation time,,0.1425304263830185,"0.2467, 0.2353, 0.2338, 0.1421, 0.1421",0.8513238877058029
0,generalized form,,0.10710060596466064,"0.2413, 0.2435, 0.1717, 0.1717, 0.1717",0.9714896772056818
0,emerging branch,,0.09337146580219269,"0.2485, 0.2354, 0.1720, 0.1720, 0.1720",0.7610536217689514
0,counting complexity classes,,0.07807590067386627,"0.2474, 0.2402, 0.2360, 0.1382, 0.1382",0.7440636157989502
0,monitoring brain function,,0.23763634264469147,"0.2426, 0.1754, 0.1331, 0.2245, 0.2245",0.7495815455913544
0,worst linear time,,0.216893270611763,"0.2460, 0.2238, 0.2314, 0.1494, 0.1494",0.8631643205881119
0,computer media,,0.3268638253211975,"0.2319, 0.2226, 0.1818, 0.1818, 0.1818",0.3526938557624817
0,oracle hotspot java virtual machine,,0.0,"0.2470, 0.2423, 0.2253, 0.2102, 0.0752",0.7541586458683014
0,many people,,0.040627237409353256,"0.2495, 0.2475, 0.1677, 0.1677, 0.1677",0.9813224989920855
0,text searching using boolean operators,,0.0,"0.2498, 0.2458, 0.2339, 0.1615, 0.1090",0.9449578821659088
0,commonly encountered symmetric functions,,0.0,"0.2499, 0.2470, 0.2111, 0.1515, 0.1406",0.9487937316298485
0,directly built,,0.04203907400369644,"0.2492, 0.2453, 0.1685, 0.1685, 0.1685",0.7654235064983368
0,outer volume,,0.07292939722537994,"0.2449, 0.2422, 0.1710, 0.1710, 0.1710",0.7990411818027496
0,higher semantic similarity,,0.08095912635326385,"0.2489, 0.2385, 0.2293, 0.1417, 0.1417",0.7849454581737518
0,choices made,,0.05029602721333504,"0.2486, 0.2466, 0.1683, 0.1683, 0.1683",0.87245973944664
0,example music videos,,0.04526402801275253,"0.2498, 0.2492, 0.2461, 0.1274, 0.1274",0.7123249471187592
0,jennifer lopez worn,,0.03696044906973839,"0.2499, 0.2492, 0.2484, 0.1262, 0.1262",0.894680067896843
0,may 1996 entitled,,0.009648729115724564,"0.2499, 0.2489, 0.2444, 0.1284, 0.1284",0.9205329194664955
0,entirely driven,,0.05750642344355583,"0.2415, 0.2169, 0.1805, 0.1805, 0.1805",0.8544817566871643
0,mips architecture,,0.35443973541259766,"0.2166, 0.1769, 0.2022, 0.2022, 0.2022",0.7322054207324982
0,program transformations may,,0.05191558599472046,"0.2481, 0.2430, 0.2386, 0.1351, 0.1351",0.6803496181964874
0,classify patterns,,0.2331959754228592,"0.2380, 0.2310, 0.1770, 0.1770, 0.1770",0.8505232781171799
0,c4 model relies,,0.13974757492542267,"0.2487, 0.2379, 0.2230, 0.1452, 0.1452",0.7594384402036667
0,summary methods,,0.2162691205739975,"0.2415, 0.2216, 0.1790, 0.1790, 0.1790",0.7754839956760406
0,model context,,0.19995476305484772,"0.2386, 0.2364, 0.1750, 0.1750, 0.1750",0.8098298758268356
0,computer algebra systems began,,0.05412871390581131,"0.2499, 0.2499, 0.2487, 0.2454, 0.0060",0.5606996417045593
0,rotation data,,0.5117509365081787,"0.2386, 0.1718, 0.1965, 0.1965, 0.1965",0.8260536193847656
0,engineering uses modeling,,0.0,"0.2474, 0.2416, 0.1973, 0.1568, 0.1568",0.6647806763648987
0,temporarily associating,,0.06867183744907379,"0.2483, 0.2425, 0.1698, 0.1698, 0.1698",0.8739537298679352
0,solving partial differential equations,,0.19565840065479279,"0.2452, 0.2325, 0.1715, 0.1897, 0.1611",0.979408385232091
0,mean shift,,0.14071400463581085,"0.2454, 0.2312, 0.1745, 0.1745, 0.1745",0.8844542056322098
0,classifies different sentiments,,0.020175237208604813,"0.2498, 0.2492, 0.2434, 0.1288, 0.1288",0.9707681033760309
0,sometimes called lightweight markup languages,,0.0,"0.2499, 0.2498, 0.2468, 0.2182, 0.0353",0.725258082151413
0,preventing physical connections,,0.08383822441101074,"0.2477, 0.2404, 0.2209, 0.1455, 0.1455",0.8250697255134583
0,specific heuristics,,0.06407712399959564,"0.2476, 0.2217, 0.1769, 0.1769, 0.1769",0.7322252988815308
0,using methods based,,0.05962138995528221,"0.2495, 0.2463, 0.2370, 0.1336, 0.1336",0.7553641647100449
0,directly associated,,0.03938541188836098,"0.2495, 0.2475, 0.1677, 0.1677, 0.1677",0.853008583188057
0,important class,,0.0650213211774826,"0.2454, 0.2344, 0.1734, 0.1734, 0.1734",0.7555651813745499
0,analytic number theory,,0.34283173084259033,"0.2307, 0.2383, 0.2004, 0.1653, 0.1653",0.825133204460144
0,see worst,,0.06220516562461853,"0.2467, 0.2383, 0.1717, 0.1717, 0.1717",0.9493393748998642
0,relational mapping,,0.23911572992801666,"0.2380, 0.2143, 0.1826, 0.1826, 0.1826",0.8017468601465225
0,one notable sub,,0.014656882733106613,"0.2499, 0.2493, 0.2440, 0.1284, 0.1284",0.8422922194004059
0,generates animated imagery based,,0.03982854261994362,"0.2500, 0.2498, 0.2475, 0.2277, 0.0249",0.7398777604103088
0,adjust model parameters,,0.3528549075126648,"0.2480, 0.2252, 0.2159, 0.1554, 0.1554",0.9005526676774025
0,unfinished revolution,,0.05096472054719925,"0.2494, 0.2466, 0.1680, 0.1680, 0.1680",0.8419622182846069
0,standard ecma,,0.12625658512115479,"0.2367, 0.2177, 0.1819, 0.1819, 0.1819",0.8407232016324997
0,new concept called ambient networking,,0.0,"0.2500, 0.2493, 0.2459, 0.2066, 0.0482",0.7711880207061768
0,storing labeled data,,0.2570435404777527,"0.2379, 0.2407, 0.1850, 0.1682, 0.1682",0.7568074613809586
0,television visual effects,,0.1116919070482254,"0.2497, 0.2432, 0.2374, 0.1349, 0.1349",0.7481353580951691
0,two main healthcare interoperability standards,,0.0,"0.2499, 0.2497, 0.2483, 0.2129, 0.0391",0.7750124335289001
0,result replaces one,,0.040147021412849426,"0.2498, 0.2492, 0.2470, 0.1270, 0.1270",0.8331433981657028
0,validation split,,0.27611541748046875,"0.2063, 0.2286, 0.1884, 0.1884, 0.1884",0.8906451240181923
0,extended set,,0.09525491297245026,"0.2455, 0.2430, 0.1705, 0.1705, 0.1705",0.9757101852446795
0,already televised wwe,,0.04952211305499077,"0.2498, 0.2487, 0.2419, 0.1298, 0.1298",0.9513688236474991
0,form polynomial equations,,0.29874539375305176,"0.2459, 0.2169, 0.2199, 0.1587, 0.1587",0.9755964428186417
0,input items,,0.0668797492980957,"0.2481, 0.2474, 0.1682, 0.1682, 0.1682",0.837714746594429
0,since instructions inside loops,,0.002516400068998337,"0.2495, 0.2468, 0.2337, 0.1851, 0.0849",0.9050433337688446
0,canonical isomorphism,,0.2679460048675537,"0.2401, 0.2021, 0.1859, 0.1859, 0.1859",0.8979675471782684
0,embody humanoid form,,0.06003471836447716,"0.2499, 0.2489, 0.2461, 0.1275, 0.1275",0.9129203781485558
0,special skew heap merge,,0.1180618554353714,"0.2472, 0.2235, 0.1866, 0.2327, 0.1101",0.9223532900214195
0,first humancomputer interface application,,0.27093133330345154,"0.2460, 0.2067, 0.2123, 0.2132, 0.1218",0.5674797892570496
0,organize web,,0.18703410029411316,"0.2433, 0.2172, 0.1798, 0.1798, 0.1798",0.6643803119659424
0,single abstract comparison operation,,0.0,"0.2498, 0.2463, 0.2296, 0.1934, 0.0809",0.8687264621257782
0,rapid data records,,0.29461565613746643,"0.2452, 0.1913, 0.2292, 0.1672, 0.1672",0.6254977285861969
0,writing efficient programs,,0.07677878439426422,"0.2494, 0.2429, 0.2392, 0.1343, 0.1343",0.5664779543876648
0,noise  suggesting,,0.11750286817550659,"0.2449, 0.1772, 0.2234, 0.1772, 0.1772",0.788889154791832
0,computational logic 1,,0.26456180214881897,"0.2436, 0.2154, 0.2326, 0.1542, 0.1542",0.6248142719268799
0,simply row,,0.11138838529586792,"0.2392, 0.2334, 0.1758, 0.1758, 0.1758",0.8785114958882332
0,abstract data structures receive,,0.0,"0.2493, 0.2373, 0.2366, 0.2199, 0.0569",0.819412112236023
0,programs often perform,,0.031626541167497635,"0.2499, 0.2497, 0.2483, 0.1260, 0.1260",0.5524512231349945
0,otherwise known,,0.039948757737874985,"0.2497, 0.2484, 0.1673, 0.1673, 0.1673",0.8957515507936478
0,removed organs,,0.030470486730337143,"0.2482, 0.2469, 0.1683, 0.1683, 0.1683",0.9972699608188123
0,prove lower bounds,,0.09622560441493988,"0.2251, 0.2277, 0.2011, 0.1730, 0.1730",0.9371336251497269
0,electronic signatures vary depending,,0.0,"0.2500, 0.2492, 0.2467, 0.2278, 0.0264",0.753685861825943
0,evidence toolkit,,0.3735986649990082,"0.2380, 0.2073, 0.1849, 0.1849, 0.1849",0.6518976092338562
0,hard decision viterbi decoder receives,,0.0,"0.2498, 0.2459, 0.2389, 0.1509, 0.1145",0.8289842307567596
0,hermann von helmholtz,,0.0,"0.2429, 0.2340, 0.2040, 0.1596, 0.1596",0.9318118020892143
0,emitting high,,0.0777129977941513,"0.2452, 0.2363, 0.1728, 0.1728, 0.1728",0.8186525851488113
0,matrix analysis,,0.4962770938873291,"0.2027, 0.1972, 0.2000, 0.2000, 0.2000",0.8522665500640869
0,long range numerical weather prediction,,0.2798791527748108,"0.2497, 0.2483, 0.2402, 0.2209, 0.0409",0.955680999904871
0,mediated reality,,0.08509561419487,"0.2478, 0.2382, 0.1714, 0.1714, 0.1714",0.7580014914274216
0,mean field annealing,,0.06769749522209167,"0.2449, 0.2354, 0.2160, 0.1518, 0.1518",0.9484422877430916
0,various topological dynamical systems,,0.16311584413051605,"0.2499, 0.2481, 0.2409, 0.2307, 0.0304",0.881441093981266
0,avoid crawling,,0.08653810620307922,"0.2382, 0.2225, 0.1798, 0.1798, 0.1798",0.852445051074028
0,closely related application,,0.034257274121046066,"0.2495, 0.2471, 0.2358, 0.1338, 0.1338",0.5100571811199188
0,new observation,,0.08927355706691742,"0.2492, 0.2401, 0.1703, 0.1703, 0.1703",0.7412621676921844
0,proxy pattern description,,0.15824326872825623,"0.2441, 0.2402, 0.2313, 0.1422, 0.1422",0.8977793753147125
0,zero values,,0.11648330092430115,"0.2390, 0.2367, 0.1748, 0.1748, 0.1748",0.966287050396204
0,ai alignment,,0.15348665416240692,"0.2418, 0.2369, 0.1738, 0.1738, 0.1738",0.7944859266281128
0,developing specifications,,0.05515604093670845,"0.2486, 0.2402, 0.1704, 0.1704, 0.1704",0.7243126630783081
0,mark torgerson,,0.12155003845691681,"0.2365, 0.2254, 0.1794, 0.1794, 0.1794",0.8216066956520081
0,optimal one,,0.08385950326919556,"0.2436, 0.2447, 0.1706, 0.1706, 0.1706",0.8327423632144928
0,multiple patients,,0.038774553686380386,"0.2496, 0.2469, 0.1678, 0.1678, 0.1678",0.9458564594388008
0,least one member,,0.01685839518904686,"0.2497, 0.2484, 0.2425, 0.1297, 0.1297",0.8777481690049171
0,done using,,0.06045291945338249,"0.2465, 0.2384, 0.1717, 0.1717, 0.1717",0.6794611215591431
0,multidimensional model commonly used,,0.01041802391409874,"0.2500, 0.2499, 0.2496, 0.2409, 0.0096",0.7652563452720642
0,initial condition,,0.05310579389333725,"0.2478, 0.2424, 0.1699, 0.1699, 0.1699",0.9793442357331514
0,quantum waveguide,,0.3219168782234192,"0.1670, 0.1715, 0.2205, 0.2205, 0.2205",0.9614052511751652
0,two photons together,,0.037333305925130844,"0.2499, 0.2489, 0.2481, 0.1265, 0.1265",0.9276189804077148
0,simultaneously dispatching multiple instructions,,0.028123244643211365,"0.2500, 0.2497, 0.2490, 0.2422, 0.0092",0.8568085730075836
0,vad  also known,,0.03400273248553276,"0.2500, 0.1257, 0.2499, 0.2487, 0.1257",0.9140199273824692
0,rank scale,,0.11876650154590607,"0.2370, 0.2423, 0.1736, 0.1736, 0.1736",0.8520389944314957
0,bees algorithm consists,,0.09693001210689545,"0.2484, 0.2297, 0.2380, 0.1419, 0.1419",0.8202310800552368
0,judged primarily,,0.06225806474685669,"0.2420, 0.2434, 0.1716, 0.1716, 0.1716",0.9388635754585266
0,secondary hash,,0.29345759749412537,"0.2376, 0.2006, 0.1872, 0.1872, 0.1872",0.9963154962752014
0,maximal dimension,,0.19298627972602844,"0.2197, 0.2334, 0.1823, 0.1823, 0.1823",0.942121360450983
0,modified version,,0.1257033497095108,"0.2478, 0.2372, 0.1717, 0.1717, 0.1717",0.7423124313354492
0,assumption rejected,,0.11320193111896515,"0.2107, 0.2027, 0.1955, 0.1955, 0.1955",0.934544138610363
0,physical implementation,,0.1302783042192459,"0.2455, 0.2261, 0.1761, 0.1761, 0.1761",0.6320929229259491
0,test tube every minute,,0.0,"0.2499, 0.2491, 0.2453, 0.2290, 0.0268",0.8644260764122009
