IfCS,Phrase,Correct,Probablity,Attention,Distance
0,special type,,0.02872404456138611,"0.0011, 0.2491, 0.2499, 0.2499, 0.2499",0.7718123346567154
0,computational complexity theory focuses,,0.057448893785476685,"0.2500, 0.2500, 0.2500, 0.0001, 0.2499",0.6154550611972809
0,graph expresses,,0.015672802925109863,"0.2500, 0.0000, 0.2500, 0.2500, 0.2500",0.8435591608285904
0,multifaceted construct used,,0.006341993808746338,"0.2500, 0.2500, 0.0000, 0.2500, 0.2500",0.8236919641494751
0,people often produce music,,0.0005552172660827637,"0.2500, 0.2443, 0.2460, 0.0097, 0.2500",0.8737230598926544
0,efficient motors,,0.05091977119445801,"0.2499, 0.0003, 0.2499, 0.2499, 0.2499",0.802426815032959
0,design encompassing,,0.019630372524261475,"0.2500, 0.0000, 0.2500, 0.2500, 0.2500",0.7284955084323883
0,greatly enhance,,0.0010519027709960938,"0.2489, 0.0011, 0.2500, 0.2500, 0.2500",0.7501044422388077
0,merge path,,0.10042047500610352,"0.0158, 0.2500, 0.2447, 0.2447, 0.2447",0.9727780427783728
0,older term,,0.016673296689987183,"0.0753, 0.1747, 0.2500, 0.2500, 0.2500",0.8989760726690292
0,particular field,,0.006156504154205322,"0.0000, 0.2500, 0.2500, 0.2500, 0.2500",0.8545700162649155
0,field related,,0.01925036311149597,"0.2500, 0.0000, 0.2500, 0.2500, 0.2500",0.8709365278482437
0,data items,,0.05839735269546509,"0.2500, 0.0301, 0.2400, 0.2400, 0.2400",0.6524015665054321
0,lower bound,,0.06423836946487427,"0.2478, 0.0023, 0.2500, 0.2500, 0.2500",0.9980073436163366
0,two emails,,0.0016994774341583252,"0.0375, 0.2125, 0.2500, 0.2500, 0.2500",0.7507817447185516
0,convolutional networks may include local,,0.00044420361518859863,"0.2500, 0.2500, 0.2500, 0.0003, 0.2497",0.8298857659101486
0,google paired,,0.041468411684036255,"0.2500, 0.0003, 0.2499, 0.2499, 0.2499",0.8576952219009399
0,access control system,,0.09516438841819763,"0.0132, 0.2372, 0.2500, 0.2498, 0.2498",0.695920318365097
0,leo breiman,,0.026216089725494385,"0.2378, 0.0122, 0.2500, 0.2500, 0.2500",0.9933350970968604
0,optimal substructure,,0.49492496252059937,"0.1512, 0.2500, 0.1996, 0.1996, 0.1996",0.9765844531357288
0,fundamental principles,,0.034511834383010864,"0.2500, 0.0000, 0.2500, 0.2500, 0.2500",0.7553741186857224
0,lazy loading demonstrated,,0.04777964949607849,"0.2500, 0.2500, 0.0000, 0.2500, 0.2500",0.7701492756605148
0,programming languages consist,,0.0012158751487731934,"0.2500, 0.2500, 0.0000, 0.2500, 0.2500",0.6386799216270447
0,subsequently sold,,0.0019294917583465576,"0.2232, 0.0268, 0.2500, 0.2500, 0.2500",0.9710899088531733
0,celestial mechanics,,0.04266640543937683,"0.0113, 0.2440, 0.2482, 0.2482, 0.2482",0.8275639712810516
0,voice activity detection,,0.10467886924743652,"0.0001, 0.2500, 0.2500, 0.2500, 0.2500",0.7785279601812363
0,based systems,,0.0762583315372467,"0.0001, 0.2500, 0.2500, 0.2500, 0.2500",0.5630432963371277
0,function like derivatives,,0.003338068723678589,"0.2500, 0.0002, 0.2498, 0.2500, 0.2500",0.8946963176131248
0,alternative terms,,0.027788221836090088,"0.2166, 0.0334, 0.2500, 0.2500, 0.2500",0.805237203836441
0,abstract ideas,,0.024793297052383423,"0.2500, 0.0000, 0.2500, 0.2500, 0.2500",0.8073612302541733
0,many different limbs,,0.00010028095857705921,"0.2181, 0.0320, 0.2499, 0.2500, 0.2500",0.9370881095528603
0,recursion developed,,0.05162617564201355,"0.2500, 0.0012, 0.2496, 0.2496, 0.2496",0.7797470688819885
0,conventional electronic adc,,0.03714632987976074,"0.1224, 0.1277, 0.2500, 0.2500, 0.2500",0.6700871884822845
0,researchers study multi,,0.004274636507034302,"0.2500, 0.2500, 0.0000, 0.2500, 0.2500",0.6840839982032776
0,simple examples,,0.005243778228759766,"0.2500, 0.0000, 0.2500, 0.2500, 0.2500",0.8007635176181793
0,object within,,0.034967660903930664,"0.2500, 0.0002, 0.2499, 0.2499, 0.2499",0.7912273108959198
0,bring together,,0.0015933215618133545,"0.2498, 0.0002, 0.2500, 0.2500, 0.2500",0.9894098816439509
0,main components,,0.0387592613697052,"0.0001, 0.2499, 0.2500, 0.2500, 0.2500",0.66346675157547
0,central nervous system,,0.09260043501853943,"0.0192, 0.2367, 0.2498, 0.2472, 0.2472",0.8514150828123093
0,also concerned,,0.0021006762981414795,"0.2491, 0.0009, 0.2500, 0.2500, 0.2500",0.8876954019069672
0,geometric variation inferred,,0.047016918659210205,"0.2500, 0.2500, 0.0002, 0.2499, 0.2499",0.85643170773983
0,givens rotation,,0.009982287883758545,"0.0000, 0.2500, 0.2500, 0.2500, 0.2500",0.8884516730904579
0,objective optimization problem,,0.3626224994659424,"0.0464, 0.2500, 0.2101, 0.2467, 0.2467",0.8977735117077827
0,order logic known,,0.04365968704223633,"0.2500, 0.2500, 0.0000, 0.2500, 0.2500",0.7924758940935135
0,two dimensional case,,0.012213081121444702,"0.0060, 0.2500, 0.2440, 0.2500, 0.2500",0.8361044228076935
0,process communication,,0.19320863485336304,"0.2500, 0.0032, 0.2489, 0.2489, 0.2489",0.6218723654747009
0,mathematics focused,,0.021496444940567017,"0.2500, 0.0000, 0.2500, 0.2500, 0.2500",0.721120685338974
0,telephone speech,,0.062402188777923584,"0.1608, 0.0892, 0.2500, 0.2500, 0.2500",0.8622866123914719
0,establish un norms,,0.0007971823215484619,"0.2496, 0.0202, 0.2302, 0.2500, 0.2500",0.980696763843298
0,broad enough,,0.0015016794204711914,"0.2500, 0.0000, 0.2500, 0.2500, 0.2500",0.8812829926609993
0,common ones,,0.0005940794944763184,"0.2499, 0.0001, 0.2500, 0.2500, 0.2500",0.773521676659584
0,cambridge university press,,0.03620147705078125,"0.2479, 0.2107, 0.0414, 0.2500, 0.2500",0.5931880474090576
0,generic programming centers around,,0.004426449537277222,"0.2500, 0.2500, 0.2500, 0.0000, 0.2500",0.6933764219284058
0,narrower definition,,0.02757483720779419,"0.2500, 0.0000, 0.2500, 0.2500, 0.2500",0.9274905174970627
0,fuzzy markup language edited,,0.09942328929901123,"0.2500, 0.2500, 0.2500, 0.0010, 0.2490",0.7703023701906204
0,abstract question,,0.025531113147735596,"0.2500, 0.0001, 0.2500, 0.2500, 0.2500",0.8938002809882164
0,repeatedly steps forward,,0.002215176820755005,"0.1312, 0.2496, 0.1192, 0.2500, 0.2500",0.9360028132796288
0,punctuation character,,0.050751715898513794,"0.0390, 0.2114, 0.2499, 0.2499, 0.2499",0.95683628693223
0,computational resources needed,,0.003782898187637329,"0.2500, 0.2500, 0.0000, 0.2500, 0.2500",0.5588117837905884
0,necessarily incomplete,,0.007851600646972656,"0.1881, 0.0619, 0.2500, 0.2500, 0.2500",0.8351775407791138
0,common industrial robots,,0.004872381687164307,"0.0068, 0.2436, 0.2496, 0.2500, 0.2500",0.6936319172382355
0,allow access,,0.016962140798568726,"0.0000, 0.2500, 0.2500, 0.2500, 0.2500",0.9362302348017693
0,new key,,0.1563521921634674,"0.0069, 0.2459, 0.2491, 0.2491, 0.2491",0.8949839174747467
0,mathematical extension,,0.20826590061187744,"0.2492, 0.0118, 0.2463, 0.2463, 0.2463",0.8955743610858917
0,teaching computational statistics,,0.39139026403427124,"0.0323, 0.2500, 0.2403, 0.2387, 0.2387",0.5602493286132812
0,constraint programming takes,,0.07201820611953735,"0.2500, 0.2500, 0.0000, 0.2500, 0.2500",0.8244044333696365
0,sometimes called 2,,0.0003542006015777588,"0.2500, 0.2472, 0.0028, 0.2500, 0.2500",0.877374954521656
0,often used,,0.0007860064506530762,"0.2327, 0.0173, 0.2500, 0.2500, 0.2500",0.6955414116382599
0,xkcd comic,,0.06415733695030212,"0.2500, 0.0002, 0.2499, 0.2499, 0.2499",0.7465069591999054
0,denormal numbers,,0.16184157133102417,"0.2500, 0.0082, 0.2473, 0.2473, 0.2473",0.9686166383326054
0,kevin fall started,,0.0018633902072906494,"0.2500, 0.2500, 0.0000, 0.2500, 0.2500",0.9909161599352956
0,usually credited,,0.0016918778419494629,"0.0126, 0.2374, 0.2500, 0.2500, 0.2500",0.8888482227921486
0,digital empathy define digital empathy,,0.1791832149028778,"0.2500, 0.2500, 0.0045, 0.2497, 0.2457",0.8106047809123993
0,programming languages provide,,0.006704568862915039,"0.2500, 0.2500, 0.0000, 0.2500, 0.2500",0.6052696704864502
0,scale optimization,,0.36521440744400024,"0.0066, 0.2499, 0.2478, 0.2478, 0.2478",0.7881981730461121
0,subjective information,,0.07230016589164734,"0.0273, 0.2474, 0.2418, 0.2418, 0.2418",0.756670668721199
0,markov random field may,,0.02196142077445984,"0.2500, 0.2500, 0.2500, 0.0000, 0.2500",0.8697517961263657
0,proposed internet standard published,,0.04599037766456604,"0.2482, 0.2500, 0.2500, 0.0018, 0.2500",0.6023826599121094
0,mouse coming,,0.013177365064620972,"0.2500, 0.0000, 0.2500, 0.2500, 0.2500",0.7743813991546631
0,represent complex software constructions,,0.009470820426940918,"0.0000, 0.2500, 0.2500, 0.2500, 0.2500",0.5987242460250854
0,fixed number,,0.06875428557395935,"0.2500, 0.0000, 0.2500, 0.2500, 0.2500",0.9042346179485321
0,intuitively easy,,0.10441663861274719,"0.2448, 0.0201, 0.2451, 0.2451, 0.2451",0.7756279706954956
0,ann generates inferencing rules e,,0.0007981359958648682,"0.2500, 0.2500, 0.2500, 0.2498, 0.0002",0.7699158191680908
0,word length,,0.10603636503219604,"0.2183, 0.0317, 0.2500, 0.2500, 0.2500",0.8613426685333252
0,common example,,0.0028901994228363037,"0.2475, 0.0025, 0.2500, 0.2500, 0.2500",0.7499701678752899
0,use computational results,,0.07022705674171448,"0.0000, 0.2500, 0.2500, 0.2500, 0.2500",0.5893500447273254
0,defines extensions,,0.009760916233062744,"0.0096, 0.2404, 0.2500, 0.2500, 0.2500",0.9773538187146187
0,free grammar,,0.04907074570655823,"0.2380, 0.0173, 0.2482, 0.2482, 0.2482",0.8253042846918106
0,internal state,,0.052027106285095215,"0.0008, 0.2492, 0.2500, 0.2500, 0.2500",0.8330522626638412
0,first coefficient,,0.03541538119316101,"0.0000, 0.2500, 0.2500, 0.2500, 0.2500",0.905108630657196
0,greedy algorithm never reconsiders,,0.006812632083892822,"0.2500, 0.2500, 0.0905, 0.1595, 0.2500",0.8988827243447304
0,among others,,0.0011063814163208008,"0.2490, 0.0010, 0.2500, 0.2500, 0.2500",0.8342289924621582
0,might instead make cryptanalysis easier,,0.009995132684707642,"0.1950, 0.0825, 0.2488, 0.2500, 0.2236",0.7262339890003204
0,modern branch,,0.062152087688446045,"0.0035, 0.2485, 0.2493, 0.2493, 0.2493",0.7161239981651306
0,fakultt fr informatik,,0.021159827709197998,"0.2500, 0.0001, 0.2500, 0.2500, 0.2500",0.7226741313934326
0,various digital signal processing algorithms,,0.06897801160812378,"0.0000, 0.2500, 0.2500, 0.2500, 0.2500",0.6965261697769165
0,activity following requirements specification,,0.002557605504989624,"0.2500, 0.2490, 0.0010, 0.2500, 0.2500",0.7246324121952057
0,academic conference,,0.03528687357902527,"0.1199, 0.1301, 0.2500, 0.2500, 0.2500",0.6531643271446228
0,k - sparse graphs,,0.055908024311065674,"0.2406, 0.0094, 0.2500, 0.2500, 0.2500",0.8423765897750854
0,already televised wwe,,0.01029166579246521,"0.2499, 0.2400, 0.0101, 0.2500, 0.2500",0.9513688236474991
0,astos aerospace trajectory optimization software,,0.05965098738670349,"0.0531, 0.1969, 0.2500, 0.2500, 0.2500",0.7564181536436081
0,authors achieve performance double,,0.0007719099521636963,"0.2498, 0.2422, 0.2498, 0.0082, 0.2500",0.8159521371126175
0,finds approximate eigenvalues,,0.2957119345664978,"0.2423, 0.0111, 0.2499, 0.2484, 0.2484",0.922012947499752
0,unlike software forensics,,0.011907696723937988,"0.0007, 0.2500, 0.2493, 0.2500, 0.2500",0.582904189825058
0,bearer-independent call control,,0.016960442066192627,"0.2500, 0.0001, 0.2499, 0.2500, 0.2500",0.8752024173736572
0,partitioning satisfies one,,0.005340576171875,"0.2500, 0.2500, 0.0000, 0.2500, 0.2500",0.8682824522256851
0,specified explicitly,,0.008254319429397583,"0.0377, 0.2123, 0.2500, 0.2500, 0.2500",0.9163350909948349
0,armoured combat vehicles,,0.008469194173812866,"0.2500, 0.2384, 0.0116, 0.2500, 0.2500",0.8903280794620514
0,perform concierge,,0.03908824920654297,"0.1844, 0.0656, 0.2500, 0.2500, 0.2500",0.8963798731565475
0,term memory,,0.24809879064559937,"0.0122, 0.2500, 0.2459, 0.2459, 0.2459",0.7067910134792328
0,site scripting vulnerability may,,0.0023714303970336914,"0.2500, 0.2500, 0.2500, 0.0000, 0.2500",0.9048761203885078
0,prevention would,,0.003981143236160278,"0.2470, 0.0030, 0.2500, 0.2500, 0.2500",0.8861787021160126
0,uncertainty reduced,,0.3050856292247772,"0.2496, 0.0483, 0.2340, 0.2340, 0.2340",0.8989581391215324
0,checking elimination,,0.17354333400726318,"0.2488, 0.0013, 0.2500, 0.2500, 0.2500",0.8929584696888924
0,somehow defined,,0.026203006505966187,"0.2496, 0.0004, 0.2500, 0.2500, 0.2500",0.8557452708482742
0,contact acoustic wave generation,,0.002535611391067505,"0.2428, 0.2500, 0.2496, 0.0076, 0.2500",0.8268637359142303
0,given outcome,,0.005113184452056885,"0.0103, 0.2397, 0.2500, 0.2500, 0.2500",0.9049857407808304
0,oriented software development approaches,,0.1531979739665985,"0.2489, 0.2500, 0.2500, 0.0041, 0.2470",0.5860367119312286
0,guaranteed worst,,0.03289058804512024,"0.2371, 0.0129, 0.2500, 0.2500, 0.2500",0.9056931436061859
0,propagated throughout,,0.0036858320236206055,"0.2500, 0.0000, 0.2500, 0.2500, 0.2500",0.8445747792720795
0,electronics letters,,0.020358502864837646,"0.2493, 0.0007, 0.2500, 0.2500, 0.2500",0.5458994507789612
0,purpose operating systems,,0.005198001861572266,"0.0010, 0.2490, 0.2500, 0.2500, 0.2500",0.5576841533184052
0,bell laboratories,,0.021542400121688843,"0.0520, 0.1980, 0.2500, 0.2500, 0.2500",0.678417295217514
0,recent times,,0.007149636745452881,"0.2498, 0.0002, 0.2500, 0.2500, 0.2500",0.8018567264080048
0,encapsulate varying behavior,,0.046470046043395996,"0.2500, 0.0284, 0.2221, 0.2498, 0.2498",0.9109927862882614
0,another process,,0.008541256189346313,"0.0000, 0.2500, 0.2500, 0.2500, 0.2500",0.6549184322357178
0,discrete set,,0.46797019243240356,"0.2486, 0.2142, 0.1791, 0.1791, 0.1791",0.9179601073265076
0,quantum many,,0.002459883689880371,"0.2500, 0.0000, 0.2500, 0.2500, 0.2500",0.8208645880222321
0,data structure returns,,0.06663557887077332,"0.2500, 0.2500, 0.0008, 0.2496, 0.2496",0.7887885868549347
0,based machine learning applies,,0.006703466176986694,"0.2500, 0.2500, 0.2500, 0.0000, 0.2500",0.6530495882034302
0,desired positive impacts,,0.0014262497425079346,"0.0862, 0.2499, 0.1639, 0.2500, 0.2500",0.8650832027196884
0,efficient methods known,,0.008225768804550171,"0.2500, 0.2500, 0.0000, 0.2500, 0.2500",0.7079541385173798
0,electromagnetic acoustic transducer,,0.011836528778076172,"0.2499, 0.0002, 0.2500, 0.2500, 0.2500",0.8259705454111099
0,problems like integer sorting,,0.020519554615020752,"0.2500, 0.0000, 0.2500, 0.2500, 0.2500",0.8655035197734833
0,right side,,0.0045480430126190186,"0.0068, 0.2432, 0.2500, 0.2500, 0.2500",0.9620661735534668
0,telephone records,,0.17384842038154602,"0.2145, 0.0355, 0.2500, 0.2500, 0.2500",0.864306628704071
0,formal methods,,0.07359340786933899,"0.0000, 0.2500, 0.2500, 0.2500, 0.2500",0.7833732217550278
0,create group digital signatures,,0.010807394981384277,"0.2231, 0.0271, 0.2499, 0.2499, 0.2500",0.933923676609993
0,removing nodes directly,,0.008338183164596558,"0.2500, 0.2500, 0.0000, 0.2500, 0.2500",0.9665369540452957
0,redblack trees,,0.48637494444847107,"0.1628, 0.2499, 0.1958, 0.1958, 0.1958",0.8890884816646576
0,cannot produce,,0.006967425346374512,"0.2492, 0.0008, 0.2500, 0.2500, 0.2500",0.8751675859093666
0,certain computational resource,,0.040807902812957764,"0.0000, 0.2500, 0.2500, 0.2500, 0.2500",0.520432859659195
0,resource management applied,,0.0494617223739624,"0.2499, 0.2483, 0.0018, 0.2500, 0.2500",0.7349748313426971
0,protection mechanisms,,0.07988607883453369,"0.0006, 0.2494, 0.2500, 0.2500, 0.2500",0.8294358551502228
0,binary space partitioning arose,,0.013714969158172607,"0.2500, 0.2500, 0.2500, 0.0000, 0.2500",0.8444145321846008
0,security standards,,0.11627000570297241,"0.2495, 0.0005, 0.2500, 0.2500, 0.2500",0.7312868535518646
0,carl friedrich gauss,,0.012155473232269287,"0.0083, 0.2417, 0.2500, 0.2500, 0.2500",0.9598490409553051
0,lexus rx 450h models,,0.23854205012321472,"0.2471, 0.2500, 0.1618, 0.0978, 0.2433",0.8063262104988098
0,first defined,,0.012666046619415283,"0.2472, 0.0028, 0.2500, 0.2500, 0.2500",0.832378089427948
0,intuitionistic equivalents,,0.13502970337867737,"0.2500, 0.0026, 0.2491, 0.2491, 0.2491",0.8164187222719193
0,natural class,,0.4951729476451874,"0.2307, 0.2494, 0.1733, 0.1733, 0.1733",0.8347702771425247
0,naturally occurring state described,,0.005725502967834473,"0.2500, 0.2362, 0.2498, 0.0140, 0.2500",0.9047426208853722
0,many well,,0.000328749418258667,"0.2433, 0.0067, 0.2500, 0.2500, 0.2500",0.8129028379917145
0,complete tasks,,0.01249462366104126,"0.0000, 0.2500, 0.2500, 0.2500, 0.2500",0.6658064126968384
0,pure tridiagonal matrix algorithm,,0.24869686365127563,"0.0000, 0.2500, 0.2500, 0.2500, 0.2500",0.978141438215971
0,term dynamical characteristics,,0.06461292505264282,"0.0016, 0.2500, 0.2485, 0.2500, 0.2500",0.8653871417045593
0,trace distance,,0.4956893026828766,"0.1890, 0.1534, 0.2192, 0.2192, 0.2192",0.8973775207996368
0,help work around,,0.0007812976837158203,"0.2500, 0.2500, 0.0000, 0.2500, 0.2500",0.7732717245817184
0,even mechanical elements,,0.001763761043548584,"0.0000, 0.2500, 0.2500, 0.2500, 0.2500",0.771013543009758
0,first dating back,,0.0033999383449554443,"0.2494, 0.0625, 0.1881, 0.2500, 0.2500",0.9294768869876862
0,elsewhere called computational biology,,0.04343774914741516,"0.2455, 0.0045, 0.2500, 0.2500, 0.2500",0.5405818223953247
0,extensively described,,0.0062157511711120605,"0.2219, 0.0281, 0.2500, 0.2500, 0.2500",0.7596806138753891
0,relatively new area,,0.008108407258987427,"0.2383, 0.0446, 0.2171, 0.2500, 0.2500",0.9322428926825523
0,major conference,,0.028579503297805786,"0.2359, 0.0141, 0.2500, 0.2500, 0.2500",0.7338632643222809
0,two main categories,,0.029159456491470337,"0.2339, 0.1715, 0.0946, 0.2500, 0.2500",0.8327067643404007
0,also called crossing dependencies,,0.0029790401458740234,"0.2469, 0.0032, 0.2499, 0.2500, 0.2500",0.8169204294681549
0,based clustering produces complex models,,0.3478555679321289,"0.0300, 0.2500, 0.2234, 0.2479, 0.2487",0.7666835784912109
0,normal equations,,0.33745065331459045,"0.0030, 0.2500, 0.2490, 0.2490, 0.2490",0.9725820422172546
0,desired performance,,0.001371145248413086,"0.0000, 0.2500, 0.2500, 0.2500, 0.2500",0.746198982000351
0,corresponding preconditioner,,0.029800891876220703,"0.0001, 0.2500, 0.2500, 0.2500, 0.2500",0.8834410160779953
0,multiple interconnected layers,,0.062214195728302,"0.0000, 0.2500, 0.2500, 0.2500, 0.2500",0.8914358913898468
0,algorithms for recovery and isolation exploiting semantics,,0.0005839765071868896,"0.2500, 0.2496, 0.2500, 0.0004, 0.2500",0.7506731897592545
0,based memory management system,,0.09049233794212341,"0.0246, 0.2500, 0.2405, 0.2500, 0.2349",0.6210132241249084
0,level languages,,0.24215281009674072,"0.1299, 0.2020, 0.2227, 0.2227, 0.2227",0.7505922615528107
0,using affective computing technology,,0.07696735858917236,"0.1663, 0.0838, 0.2500, 0.2500, 0.2499",0.4710962176322937
0,use bipolar transistors,,0.010568439960479736,"0.0010, 0.2490, 0.2500, 0.2500, 0.2500",0.6747859120368958
0,oldest form,,0.004185080528259277,"0.0247, 0.2253, 0.2500, 0.2500, 0.2500",0.8946693241596222
0,additional radio receiver,,0.0013141334056854248,"0.0008, 0.2495, 0.2497, 0.2500, 0.2500",0.8620885908603668
0,diagram specially used,,0.0035698115825653076,"0.2500, 0.2473, 0.0027, 0.2500, 0.2500",0.6998865902423859
0,typically generated,,0.0065011680126190186,"0.0023, 0.2477, 0.2500, 0.2500, 0.2500",0.6864927709102631
0,available knowledge using logical techniques,,0.037475258111953735,"0.1354, 0.2473, 0.1176, 0.2497, 0.2500",0.6973145008087158
0,operations becomes indeterminate,,0.0009144842624664307,"0.2500, 0.0047, 0.2453, 0.2500, 0.2500",0.8991492986679077
0,streaming service,,0.343112587928772,"0.2255, 0.0299, 0.2482, 0.2482, 0.2482",0.816776230931282
0,primary cause,,0.011565476655960083,"0.2151, 0.0349, 0.2500, 0.2500, 0.2500",0.9963964596390724
0,absolute value,,0.025591671466827393,"0.1307, 0.1193, 0.2500, 0.2500, 0.2500",0.9506007432937622
0,valued feature vectors,,0.03959298133850098,"0.0000, 0.2500, 0.2500, 0.2500, 0.2500",0.9180410802364349
0,usually trained using,,0.006117820739746094,"0.1470, 0.2498, 0.1031, 0.2500, 0.2500",0.712335616350174
0,minimum stable convergence criteria,,0.4091632068157196,"0.0242, 0.2449, 0.2500, 0.2423, 0.2386",0.9015896022319794
0,langevin dynamics,,0.06789499521255493,"0.0009, 0.2500, 0.2497, 0.2497, 0.2497",0.8933731615543365
0,large datasets,,0.14038649201393127,"0.0000, 0.2500, 0.2500, 0.2500, 0.2500",0.7942733317613602
0,first invocation,,0.0061935484409332275,"0.2050, 0.0450, 0.2500, 0.2500, 0.2500",0.8466815799474716
0,hilbert space one,,0.0022302567958831787,"0.2500, 0.2500, 0.0000, 0.2500, 0.2500",0.8985487595200539
0,internal forces,,0.11455518007278442,"0.1005, 0.1496, 0.2500, 0.2500, 0.2500",0.8716643452644348
0,first implemented quantum programming languages,,0.03313007950782776,"0.0045, 0.2455, 0.2500, 0.2500, 0.2500",0.6660325229167938
0,personal computer,,0.04003715515136719,"0.0000, 0.2500, 0.2500, 0.2500, 0.2500",0.45136594772338867
0,subsidiary level,,0.18533656001091003,"0.2252, 0.0383, 0.2455, 0.2455, 0.2455",0.8607820421457291
0,includes supporting planning,,0.0005334019660949707,"0.2236, 0.0267, 0.2497, 0.2500, 0.2500",0.908702477812767
0,specialized classes,,0.28673988580703735,"0.0711, 0.2491, 0.2266, 0.2266, 0.2266",0.7005719840526581
0,tasks based,,0.03876665234565735,"0.2500, 0.0000, 0.2500, 0.2500, 0.2500",0.6249496340751648
0,tracks information,,0.07422858476638794,"0.2496, 0.0013, 0.2497, 0.2497, 0.2497",0.6431353390216827
0,abelian statistics,,0.34049034118652344,"0.2500, 0.0024, 0.2492, 0.2492, 0.2492",0.8372294157743454
0,great practical value,,0.004134237766265869,"0.1118, 0.2223, 0.1659, 0.2500, 0.2500",0.7023918926715851
0,ultimately modifying complex systems,,0.004498660564422607,"0.0000, 0.2500, 0.2500, 0.2500, 0.2500",0.6819053590297699
0,solved directly,,0.007898807525634766,"0.2500, 0.0000, 0.2500, 0.2500, 0.2500",0.8465621620416641
0,parametric statistic measuring,,0.14378544688224792,"0.2500, 0.2499, 0.0014, 0.2493, 0.2493",0.8570894300937653
0,similar two strings,,0.006414443254470825,"0.2495, 0.0005, 0.2500, 0.2500, 0.2500",0.8667836040258408
0,security vulnerability,,0.18625980615615845,"0.2499, 0.0001, 0.2500, 0.2500, 0.2500",0.7988572865724564
0,human performance,,0.046734392642974854,"0.0097, 0.2403, 0.2500, 0.2500, 0.2500",0.8184418380260468
0,formal approach,,0.03721386194229126,"0.0396, 0.2104, 0.2500, 0.2500, 0.2500",0.7939155697822571
0,machine readable terms,,0.07833117246627808,"0.2500, 0.2496, 0.0018, 0.2493, 0.2493",0.5569317638874054
0,saving manner,,0.015782833099365234,"0.2500, 0.0000, 0.2500, 0.2500, 0.2500",0.8303039073944092
0,discrete values,,0.1196654736995697,"0.2498, 0.0042, 0.2487, 0.2487, 0.2487",0.8847620040178299
0,higher level,,0.02359330654144287,"0.2345, 0.0155, 0.2500, 0.2500, 0.2500",0.8103714436292648
0,linear operator called,,0.09731963276863098,"0.2500, 0.2500, 0.0001, 0.2500, 0.2500",0.883099801838398
0,de morgan,,0.043818652629852295,"0.1734, 0.0767, 0.2500, 0.2500, 0.2500",0.9864659365266562
0,example input,,0.008949190378189087,"0.0000, 0.2500, 0.2500, 0.2500, 0.2500",0.7883177399635315
0,small region,,0.026119530200958252,"0.0001, 0.2499, 0.2500, 0.2500, 0.2500",0.8919672593474388
0,red hat virtualization came,,0.0035373270511627197,"0.2500, 0.2500, 0.2500, 0.0000, 0.2500",0.7790538221597672
0,name rather,,0.002863854169845581,"0.2500, 0.0000, 0.2500, 0.2500, 0.2500",0.9203474745154381
0,sparse lower triangular matrix k,,0.003865748643875122,"0.2500, 0.2499, 0.2500, 0.2500, 0.0001",0.9941022885031998
0,fingerprinting algorithms allow,,0.061163872480392456,"0.2500, 0.2500, 0.0000, 0.2500, 0.2500",0.7571621090173721
0,inspired computing relates,,0.12731516361236572,"0.0074, 0.2500, 0.2434, 0.2496, 0.2496",0.5088304877281189
0,linear equations involving,,0.01157495379447937,"0.2500, 0.2500, 0.0000, 0.2500, 0.2500",0.9595658704638481
0,notably intel,,0.0377410352230072,"0.0000, 0.2500, 0.2500, 0.2500, 0.2500",0.5307952761650085
0,walter schottky,,0.019862115383148193,"0.0000, 0.2500, 0.2500, 0.2500, 0.2500",0.9364123344421387
0,conceptual sweep line,,0.4867355227470398,"0.2142, 0.2500, 0.2484, 0.1437, 0.1437",0.830937460064888
0,notable optimization software organized according,,0.005027413368225098,"0.0002, 0.2500, 0.2500, 0.2500, 0.2498",0.6057496070861816
0,applications  school,,0.0915355384349823,"0.2500, 0.2488, 0.0036, 0.2488, 0.2488",0.6751017570495605
0,kernel operations using scalars,,0.017120271921157837,"0.2500, 0.2500, 0.0000, 0.2500, 0.2500",0.8341458141803741
0,important topics,,0.0017108023166656494,"0.1402, 0.1098, 0.2500, 0.2500, 0.2500",0.6465464234352112
0,optimization technique composed,,0.007331401109695435,"0.2500, 0.2500, 0.0000, 0.2500, 0.2500",0.7305664718151093
0,satisfy specified requirements,,0.0032542943954467773,"0.2500, 0.0884, 0.1617, 0.2500, 0.2500",0.9220386371016502
0,software decomposition whereby fundamental requirements,,0.004811674356460571,"0.2500, 0.2500, 0.2500, 0.2500, 0.0000",0.6271532773971558
0,trusted third parties,,0.002184957265853882,"0.0783, 0.1909, 0.2308, 0.2500, 0.2500",0.9303573817014694
0,another area within affective computing,,0.0114574134349823,"0.2103, 0.2500, 0.1238, 0.1660, 0.2500",0.6096146702766418
0,weekly programs raw,,0.058983951807022095,"0.0001, 0.2499, 0.2500, 0.2500, 0.2500",0.7058464586734772
0,decrease calculation time,,0.03514006733894348,"0.2496, 0.2500, 0.0026, 0.2489, 0.2489",0.8513238877058029
0,mathematics higher,,0.009986430406570435,"0.2500, 0.0000, 0.2500, 0.2500, 0.2500",0.8065897226333618
0,special object,,0.029574215412139893,"0.0006, 0.2500, 0.2498, 0.2498, 0.2498",0.71880704164505
0,set number,,0.08670827746391296,"0.2500, 0.0003, 0.2499, 0.2499, 0.2499",0.9661281891167164
0,many null,,0.0006191730499267578,"0.0000, 0.2500, 0.2500, 0.2500, 0.2500",0.8615068942308426
0,collective behavior,,0.015127897262573242,"0.0003, 0.2497, 0.2500, 0.2500, 0.2500",0.97721778601408
0,text searching using boolean operators,,0.015137851238250732,"0.2500, 0.2499, 0.0001, 0.2500, 0.2500",0.9449578821659088
0,ordinary mathematical induction,,0.09841957688331604,"0.0147, 0.2481, 0.2373, 0.2500, 0.2500",0.8334255814552307
0,successively fitting parabolas,,0.0025890469551086426,"0.1662, 0.0848, 0.2489, 0.2500, 0.2500",0.9931997288949788
0,storing additional information,,0.0033253729343414307,"0.2500, 0.0000, 0.2500, 0.2500, 0.2500",0.6979208290576935
0,canonical tasks,,0.06370562314987183,"0.0001, 0.2500, 0.2500, 0.2500, 0.2500",0.7143360078334808
0,benefit analysis,,0.07480940222740173,"0.0001, 0.2500, 0.2500, 0.2500, 0.2500",0.7900588810443878
0,long tradition,,0.01584768295288086,"0.2500, 0.0000, 0.2500, 0.2500, 0.2500",0.9957308932207525
0,philippe flajolet,,0.017436891794204712,"0.1608, 0.0892, 0.2500, 0.2500, 0.2500",0.9834417514503002
0,calculate without writing variables,,0.0018379688262939453,"0.2500, 0.2463, 0.0037, 0.2500, 0.2500",0.9137012660503387
0,effective methods exist,,0.0012950599193572998,"0.2500, 0.2500, 0.0000, 0.2500, 0.2500",0.7742742151021957
0,discovered independently,,0.07907792925834656,"0.2484, 0.0016, 0.2500, 0.2500, 0.2500",0.8128833770751953
0,almost always subject,,0.0007864236831665039,"0.2500, 0.2387, 0.0113, 0.2500, 0.2500",0.8235100209712982
0,including brain damage,,0.0003140270709991455,"0.0000, 0.2500, 0.2500, 0.2500, 0.2500",0.864224448800087
0,remote access policy,,0.2829784154891968,"0.2492, 0.2405, 0.0203, 0.2450, 0.2450",0.8356866985559464
0,subjunctive possibility,,0.059233903884887695,"0.2500, 0.0001, 0.2500, 0.2500, 0.2500",0.9873035028576851
0,phong shading,,0.10614797472953796,"0.0003, 0.2499, 0.2499, 0.2499, 0.2499",0.8974851965904236
0,code smells,,0.08718478679656982,"0.2500, 0.0001, 0.2500, 0.2500, 0.2500",0.8260790258646011
0,allows elements,,0.014957904815673828,"0.0000, 0.2500, 0.2500, 0.2500, 0.2500",0.8531486392021179
0,symbolic dynamics,,0.11088168621063232,"0.0160, 0.2500, 0.2447, 0.2447, 0.2447",0.7943563163280487
0,different components,,0.002515852451324463,"0.0000, 0.2500, 0.2500, 0.2500, 0.2500",0.6763508319854736
0,multiple patients,,0.0005934536457061768,"0.0139, 0.2361, 0.2500, 0.2500, 0.2500",0.9458564594388008
0,value commonly monotonically increasing,,0.0025083422660827637,"0.2500, 0.2426, 0.2500, 0.0074, 0.2500",0.9078684970736504
0,widely referred,,0.004301339387893677,"0.2498, 0.0002, 0.2500, 0.2500, 0.2500",0.8670999705791473
0,tune also,,0.0009093880653381348,"0.2500, 0.0000, 0.2500, 0.2500, 0.2500",0.8065158873796463
0,linear probing searches,,0.49719762802124023,"0.2500, 0.2500, 0.1182, 0.1909, 0.1909",0.7752724140882492
0,theft deterrent,,0.10348328948020935,"0.1126, 0.1374, 0.2500, 0.2500, 0.2500",0.793369933962822
0,considered simultaneously,,0.0033096671104431152,"0.2374, 0.0126, 0.2500, 0.2500, 0.2500",0.8205754458904266
0,main organizational network,,0.1889129877090454,"0.2463, 0.1932, 0.0632, 0.2487, 0.2487",0.6751448512077332
0,many devices,,0.0007834136486053467,"0.0089, 0.2411, 0.2500, 0.2500, 0.2500",0.6403465569019318
0,common log messages,,0.010957658290863037,"0.0000, 0.2500, 0.2500, 0.2500, 0.2500",0.7991112768650055
0,data type provides,,0.02773454785346985,"0.2500, 0.2500, 0.0000, 0.2500, 0.2500",0.6401759088039398
0,independent software entities interact,,0.14539527893066406,"0.2306, 0.2500, 0.2475, 0.0233, 0.2485",0.6403793096542358
0,like nodes used,,0.0022331178188323975,"0.2493, 0.2500, 0.0007, 0.2500, 0.2500",0.8597261607646942
0,ambient intelligence would allow devices,,0.0027946829795837402,"0.2500, 0.2500, 0.2477, 0.0025, 0.2498",0.6509157419204712
0,realistic rendering,,0.31463706493377686,"0.0383, 0.2500, 0.2372, 0.2372, 0.2372",0.761649489402771
0,michael collins,,0.016247808933258057,"0.0027, 0.2473, 0.2500, 0.2500, 0.2500",0.9177346006035805
0,reduce indexing,,0.24253404140472412,"0.0004, 0.2497, 0.2500, 0.2500, 0.2500",0.8439348042011261
0,network environments,,0.4123484194278717,"0.2464, 0.1351, 0.2062, 0.2062, 0.2062",0.7154724299907684
0,often left,,0.000425487756729126,"0.2349, 0.0151, 0.2500, 0.2500, 0.2500",0.9483161047101021
0,collecting information,,0.06743192672729492,"0.0005, 0.2496, 0.2500, 0.2500, 0.2500",0.694273829460144
0,dictionary attack,,0.1547706425189972,"0.2500, 0.0000, 0.2500, 0.2500, 0.2500",0.7735088169574738
0,entirely driven,,0.009736359119415283,"0.0003, 0.2497, 0.2500, 0.2500, 0.2500",0.8544817566871643
0,alternative leisure actives,,0.0046555399894714355,"0.2268, 0.0743, 0.1989, 0.2500, 0.2500",0.9198089092969894
0,exists within,,0.007272809743881226,"0.2434, 0.0066, 0.2500, 0.2500, 0.2500",0.8734366595745087
0,betty holberton,,0.026317626237869263,"0.0014, 0.2489, 0.2499, 0.2499, 0.2499",0.9480974897742271
0,also called double playfair,,0.0004943013191223145,"0.2499, 0.2280, 0.0564, 0.2157, 0.2500",0.8921738043427467
0,lines representing,,0.004316210746765137,"0.2500, 0.0000, 0.2500, 0.2500, 0.2500",0.9703887663781643
0,microsoft created,,0.02601119875907898,"0.2500, 0.0001, 0.2500, 0.2500, 0.2500",0.5593720376491547
0,communication complexity studies,,0.0783030092716217,"0.2500, 0.2500, 0.0001, 0.2500, 0.2500",0.6564508378505707
0,block diagrams rely,,0.024724990129470825,"0.2500, 0.2500, 0.0000, 0.2500, 0.2500",0.6805355846881866
0,following table shows features,,0.011372417211532593,"0.2499, 0.2500, 0.0269, 0.2232, 0.2500",0.8712897300720215
0,specific types provided,,0.001000523567199707,"0.2496, 0.2497, 0.0006, 0.2500, 0.2500",0.8025139570236206
0,sorted array using,,0.06014949083328247,"0.2500, 0.2500, 0.0010, 0.2495, 0.2495",0.9561124816536903
0,reasoning systems play,,0.024272054433822632,"0.2500, 0.2500, 0.0000, 0.2500, 0.2500",0.621291995048523
0,data flows,,0.3414376676082611,"0.2500, 0.1264, 0.2079, 0.2079, 0.2079",0.7695887982845306
0,transistors acting,,0.0116213858127594,"0.2500, 0.0000, 0.2500, 0.2500, 0.2500",0.639003723859787
0,like environment,,0.003994345664978027,"0.0000, 0.2500, 0.2500, 0.2500, 0.2500",0.8302089720964432
0,common occurrence,,0.006248265504837036,"0.2142, 0.0358, 0.2500, 0.2500, 0.2500",0.9241828992962837
0,greedy algorithms produce good solutions,,0.0017715394496917725,"0.2500, 0.2500, 0.2500, 0.0000, 0.2500",0.8505545109510422
0,membership inference,,0.2994149923324585,"0.0136, 0.2500, 0.2455, 0.2455, 0.2455",0.8624291270971298
0,finite representation,,0.07572901248931885,"0.0016, 0.2485, 0.2500, 0.2500, 0.2500",0.8633261322975159
0,two pictures,,0.005885869264602661,"0.0001, 0.2499, 0.2500, 0.2500, 0.2500",0.8419709354639053
0,technological innovation processes,,0.4189089238643646,"0.2495, 0.2003, 0.2500, 0.1501, 0.1501",0.5586049854755402
0,commonly used affine transformations,,0.0006064474582672119,"0.2127, 0.0401, 0.2473, 0.2500, 0.2500",0.9379747286438942
0,working precision,,0.18791013956069946,"0.0157, 0.2496, 0.2449, 0.2449, 0.2449",0.7614598125219345
0,mathematical discipline,,0.18588367104530334,"0.2500, 0.0004, 0.2499, 0.2499, 0.2499",0.6776570975780487
0,simultaneously solve multiple problems,,0.00037735700607299805,"0.2500, 0.2500, 0.0011, 0.2489, 0.2500",0.8899651318788528
0,georg cantor,,0.01815125346183777,"0.0584, 0.1916, 0.2500, 0.2500, 0.2500",0.9585253447294235
0,sized entries,,0.008280664682388306,"0.2122, 0.0378, 0.2500, 0.2500, 0.2500",0.7782475501298904
0,easiest operation,,0.15910151600837708,"0.0424, 0.2138, 0.2480, 0.2480, 0.2480",0.7524867057800293
0,predict true dependencies,,0.02877679467201233,"0.2493, 0.0048, 0.2498, 0.2480, 0.2480",0.8762640282511711
0,elegance issue,,0.028367608785629272,"0.2477, 0.0023, 0.2500, 0.2500, 0.2500",0.9624268896877766
0,two parties,,0.012134969234466553,"0.2050, 0.0450, 0.2500, 0.2500, 0.2500",0.9723541140556335
0,media player known,,0.006677120923995972,"0.2500, 0.2500, 0.0000, 0.2500, 0.2500",0.8190165907144547
0,considerable overlap,,0.008087694644927979,"0.0000, 0.2500, 0.2500, 0.2500, 0.2500",0.7935809642076492
0,complete overview,,0.013088256120681763,"0.0083, 0.2417, 0.2500, 0.2500, 0.2500",0.6193424165248871
0,underlying fitness landscape,,0.045233309268951416,"0.0002, 0.2500, 0.2500, 0.2499, 0.2499",0.8313957005739212
0,use approximate solutions,,0.008998572826385498,"0.0007, 0.2494, 0.2500, 0.2500, 0.2500",0.8413054496049881
0,dependent choices,,0.01671627163887024,"0.2495, 0.0005, 0.2500, 0.2500, 0.2500",0.9444065950810909
0,proving completeness,,0.00850716233253479,"0.2488, 0.0012, 0.2500, 0.2500, 0.2500",0.8069452792406082
0,retrieved june 11,,0.005902618169784546,"0.2500, 0.2499, 0.0001, 0.2500, 0.2500",0.8977102264761925
0,different notion,,0.01492735743522644,"0.1676, 0.0824, 0.2500, 0.2500, 0.2500",0.8039712905883789
0,buenos aires,,0.010157346725463867,"0.2276, 0.0224, 0.2500, 0.2500, 0.2500",0.9924072432331741
0,case performance,,0.05719980597496033,"0.0055, 0.2463, 0.2494, 0.2494, 0.2494",0.7702633142471313
0,important device applications,,0.0010250210762023926,"0.0003, 0.2497, 0.2500, 0.2500, 0.2500",0.548797219991684
0,odes  partial differential equations,,0.025841504335403442,"0.0068, 0.2500, 0.2432, 0.2500, 0.2500",0.9848334603011608
0,prime factor,,0.31355077028274536,"0.2498, 0.1094, 0.2136, 0.2136, 0.2136",0.8907496333122253
0,fuzzy set defined,,0.06672084331512451,"0.2500, 0.2500, 0.0006, 0.2497, 0.2497",0.9281545951962471
0,level constructs,,0.02779531478881836,"0.2470, 0.0030, 0.2500, 0.2500, 0.2500",0.848512127995491
0,deliberately restricted,,0.144576758146286,"0.1626, 0.0874, 0.2500, 0.2500, 0.2500",0.8832104504108429
0,generalized context,,0.05999338626861572,"0.2500, 0.0026, 0.2491, 0.2491, 0.2491",0.92091915756464
0,often incorporated,,0.0009357035160064697,"0.2051, 0.0449, 0.2500, 0.2500, 0.2500",0.8177314251661301
0,potentially involving,,0.0012156367301940918,"0.2499, 0.0001, 0.2500, 0.2500, 0.2500",0.8102456033229828
0,encodes differences,,0.042883872985839844,"0.2500, 0.0056, 0.2481, 0.2481, 0.2481",0.748942494392395
0,printer sharing,,0.015210181474685669,"0.2500, 0.0000, 0.2500, 0.2500, 0.2500",0.7204026579856873
0,multiple arrows,,0.015334606170654297,"0.1126, 0.1374, 0.2500, 0.2500, 0.2500",0.978293314576149
0,compose network services,,0.1523558497428894,"0.2500, 0.2500, 0.0001, 0.2500, 0.2500",0.7184746265411377
0,qubit state,,0.31760191917419434,"0.2499, 0.0934, 0.2189, 0.2189, 0.2189",0.8502714484930038
0,rosalind picard,,0.03763800859451294,"0.2210, 0.0290, 0.2500, 0.2500, 0.2500",0.9893559459596872
0,simplest method,,0.4470866024494171,"0.1828, 0.2320, 0.1951, 0.1951, 0.1951",0.7828072160482407
0,support creating,,0.0059788525104522705,"0.2184, 0.0316, 0.2500, 0.2500, 0.2500",0.740933358669281
0,terminology diffeomorphometry,,0.05040225386619568,"0.0000, 0.2500, 0.2500, 0.2500, 0.2500",0.887583464384079
0,consistent manner,,0.009957551956176758,"0.2500, 0.0000, 0.2500, 0.2500, 0.2500",0.8920513764023781
0,worst case analysis,,0.04119420051574707,"0.0402, 0.2098, 0.2500, 0.2500, 0.2500",0.7751278877258301
0,tapered floating point,,0.07895848155021667,"0.2500, 0.2499, 0.0144, 0.2428, 0.2428",0.8376899063587189
0,theoretical immunology,,0.32819825410842896,"0.2473, 0.0102, 0.2475, 0.2475, 0.2475",0.8969322741031647
0,rnyi entropy,,0.207848459482193,"0.0015, 0.2500, 0.2495, 0.2495, 0.2495",0.7915146946907043
0,called enhanced spatial multiplexing,,0.01980692148208618,"0.0063, 0.2446, 0.2500, 0.2491, 0.2500",0.8853893578052521
0,definite operators,,0.035550206899642944,"0.0000, 0.2500, 0.2500, 0.2500, 0.2500",0.891106903553009
0,built using,,0.01207628846168518,"0.2287, 0.0213, 0.2500, 0.2500, 0.2500",0.6476147770881653
0,graph traversal may require,,0.04255783557891846,"0.2500, 0.2500, 0.2500, 0.0000, 0.2500",0.7650371491909027
0,rotated one element,,0.0011911392211914062,"0.2500, 0.0000, 0.2500, 0.2500, 0.2500",0.9408144950866699
0,special database 3,,0.03961023688316345,"0.1875, 0.2500, 0.0626, 0.2499, 0.2499",0.772061288356781
0,complex world,,0.06203418970108032,"0.2500, 0.0022, 0.2493, 0.2493, 0.2493",0.7931030690670013
0,mathematical finance,,0.3354305028915405,"0.2500, 0.1269, 0.2077, 0.2077, 0.2077",0.7048146724700928
0,take advantage,,0.003454148769378662,"0.0010, 0.2490, 0.2500, 0.2500, 0.2500",0.8467340171337128
0,point distribution models rely,,0.01875653862953186,"0.2500, 0.2500, 0.2500, 0.0000, 0.2500",0.7996653467416763
0,fu xi,,0.03128176927566528,"0.2464, 0.0036, 0.2500, 0.2500, 0.2500",0.8333318680524826
0,defer initialization,,0.2351362109184265,"0.2142, 0.0428, 0.2476, 0.2476, 0.2476",0.8757070749998093
0,deliberately tries,,0.0130482017993927,"0.2499, 0.0001, 0.2500, 0.2500, 0.2500",0.8710568249225616
0,heart rate,,0.19040268659591675,"0.0061, 0.2439, 0.2500, 0.2500, 0.2500",0.9956029979512095
0,viterbi decoder comprises,,0.01201888918876648,"0.2500, 0.2500, 0.0000, 0.2500, 0.2500",0.8766279220581055
0,deal successfully,,0.008008897304534912,"0.2500, 0.0000, 0.2500, 0.2500, 0.2500",0.9250407069921494
0,detecting whether,,0.007625579833984375,"0.2500, 0.0000, 0.2500, 0.2500, 0.2500",0.8238189518451691
0,past data breaches,,0.04031980037689209,"0.0001, 0.2500, 0.2500, 0.2500, 0.2500",0.7333139479160309
0,appropriate format,,0.00441211462020874,"0.0000, 0.2500, 0.2500, 0.2500, 0.2500",0.7859358340501785
0,audio performance,,0.04407137632369995,"0.0002, 0.2499, 0.2500, 0.2500, 0.2500",0.7728079557418823
0,example music videos,,0.005195975303649902,"0.2163, 0.0344, 0.2493, 0.2500, 0.2500",0.7123249471187592
0,modification involves,,0.005192875862121582,"0.2500, 0.0000, 0.2500, 0.2500, 0.2500",0.7804029583930969
0,cooperation among several professional bodies,,2.185387165809516e-05,"0.2500, 0.2500, 0.0655, 0.1893, 0.2452",0.7660692632198334
0,also influential,,0.0009618699550628662,"0.2493, 0.0007, 0.2500, 0.2500, 0.2500",0.8055010885000229
0,time term,,0.04591357707977295,"0.2500, 0.0000, 0.2500, 0.2500, 0.2500",0.8851878196001053
0,hermann von helmholtz,,0.010129541158676147,"0.1405, 0.1104, 0.2492, 0.2499, 0.2499",0.9318118020892143
0,long history,,0.025660991668701172,"0.2490, 0.0010, 0.2500, 0.2500, 0.2500",0.8764008358120918
0,unlike tree traversal,,0.20396405458450317,"0.0004, 0.2500, 0.2500, 0.2498, 0.2498",0.8628522753715515
0,working group,,0.013750731945037842,"0.2500, 0.0000, 0.2500, 0.2500, 0.2500",0.8873775973916054
