IfCS,Phrase,Correct,Probablity,Attention,Distance
0,minimum intelligent signal test,,0.5834200382232666,"0.1950, 0.2500, 0.2500, 0.2010, 0.1041",0.722801923751831
0,element matrices,,0.5241509675979614,"0.2497, 0.2499, 0.1668, 0.1668, 0.1668",0.93393824249506
0,simplifying channel equalization,,0.523987352848053,"0.2500, 0.2500, 0.2500, 0.1250, 0.1250",0.8711825907230377
0,neural information processing workshop,,0.5239900946617126,"0.2500, 0.2500, 0.2500, 0.2500, 0.0000",0.5319007933139801
0,abelian geometric phases,,0.508326530456543,"0.2500, 0.2500, 0.2406, 0.1297, 0.1297",0.9614218734204769
0,internet attacks,,0.5362889766693115,"0.2500, 0.0000, 0.2500, 0.2500, 0.2500",0.7528029233217239
0,efficient division algorithms transform,,0.5538684725761414,"0.2262, 0.2500, 0.2500, 0.2500, 0.0238",0.7788166701793671
0,software engineering reliability,,0.5145372152328491,"0.2500, 0.2500, 0.2292, 0.1354, 0.1354",0.6100146770477295
0,delegated path discovery,,0.523745059967041,"0.2500, 0.2500, 0.2489, 0.1255, 0.1255",0.9196511581540108
0,engineering design,,0.5028759241104126,"0.2497, 0.2386, 0.1706, 0.1706, 0.1706",0.6240268051624298
0,term data model,,0.5213308930397034,"0.0557, 0.2500, 0.2500, 0.2222, 0.2222",0.6971088349819183
0,submodular structure,,0.5239843726158142,"0.2500, 0.2500, 0.1667, 0.1667, 0.1667",0.9413168206810951
0,case gradient descent,,0.5316518545150757,"0.1297, 0.2500, 0.2500, 0.1851, 0.1851",0.8750094473361969
0,path trees,,0.5239998698234558,"0.2500, 0.2500, 0.1667, 0.1667, 0.1667",0.9101908206939697
0,hardware register,,0.5019505023956299,"0.2319, 0.2499, 0.1727, 0.1727, 0.1727",0.6458643972873688
0,logic gates,,0.5078930854797363,"0.2500, 0.2374, 0.1709, 0.1709, 0.1709",0.6848008930683136
0,rotation data,,0.5239487290382385,"0.2500, 0.2498, 0.1667, 0.1667, 0.1667",0.8260536193847656
0,factorized representation,,0.5216177105903625,"0.2443, 0.2486, 0.1690, 0.1690, 0.1690",0.9086662828922272
0,simpler functions,,0.518854022026062,"0.2442, 0.2500, 0.1686, 0.1686, 0.1686",0.848719909787178
0,communication protocol,,0.5034082531929016,"0.2131, 0.2386, 0.1828, 0.1828, 0.1828",0.7266082763671875
0,classical statistical databases,,0.5563856363296509,"0.2476, 0.2047, 0.2499, 0.1489, 0.1489",0.6957366466522217
0,time path,,0.5225374698638916,"0.2481, 0.2495, 0.1675, 0.1675, 0.1675",0.905339278280735
0,motion tracking technologies,,0.5207198858261108,"0.2500, 0.2485, 0.2483, 0.1266, 0.1266",0.8151997625827789
0,heterogeneous environment,,0.5239182710647583,"0.2500, 0.2499, 0.1667, 0.1667, 0.1667",0.8822070509195328
0,optimal object,,0.5209002494812012,"0.2429, 0.2500, 0.1690, 0.1690, 0.1690",0.8309784829616547
0,computational cognitive science,,0.5239855647087097,"0.2500, 0.2500, 0.2500, 0.1250, 0.1250",0.47081637382507324
0,deduction efficiently,,0.5235170125961304,"0.2499, 0.2479, 0.1674, 0.1674, 0.1674",0.9704595003277063
0,biased estimation,,0.5240283608436584,"0.2500, 0.2500, 0.1667, 0.1667, 0.1667",0.8543728590011597
0,memory dependency speculation,,0.5149087905883789,"0.2500, 0.2500, 0.2422, 0.1289, 0.1289",0.7424179911613464
0,numeric computation,,0.5239958167076111,"0.2500, 0.2500, 0.1667, 0.1667, 0.1667",0.6660452783107758
0,encrypted logical,,0.52363121509552,"0.2500, 0.2497, 0.1668, 0.1668, 0.1668",0.9062853455543518
0,cut theorem,,0.5236798524856567,"0.2496, 0.2500, 0.1668, 0.1668, 0.1668",0.9560708962380886
0,constraint programming approach,,0.5105718970298767,"0.2500, 0.2500, 0.2242, 0.1379, 0.1379",0.7920600920915604
0,memory location,,0.5152775645256042,"0.2500, 0.2291, 0.1736, 0.1736, 0.1736",0.6551161408424377
0,channel equalization,,0.5237686038017273,"0.2457, 0.2485, 0.1686, 0.1686, 0.1686",0.8457263261079788
0,tolerant networking,,0.5715420246124268,"0.2047, 0.2357, 0.1865, 0.1865, 0.1865",0.7323806285858154
0,computing power,,0.5231992602348328,"0.2500, 0.2487, 0.1671, 0.1671, 0.1671",0.43523913621902466
0,minimum spanning tree problem  mst,,0.6682389974594116,"0.0034, 0.2469, 0.2500, 0.2500, 0.2497",0.8761314004659653
0,quantum programming environment,,0.5238884687423706,"0.2500, 0.2500, 0.2499, 0.1251, 0.1251",0.6715670526027679
0,yield intelligent behavior,,0.5163701772689819,"0.2500, 0.2497, 0.2339, 0.1332, 0.1332",0.7345687448978424
0,biconjugate gradient stabilized method,,0.5260220170021057,"0.2475, 0.2500, 0.2497, 0.2347, 0.0181",0.9553398378193378
0,maxima computer algebra system,,0.5089675784111023,"0.1793, 0.2498, 0.2500, 0.2500, 0.0708",0.6263843774795532
0,vector clustering algorithm,,0.5239855647087097,"0.2500, 0.2500, 0.2500, 0.1250, 0.1250",0.8557373583316803
0,euclidean cubes,,0.5239935517311096,"0.2500, 0.2500, 0.1667, 0.1667, 0.1667",0.8793757185339928
0,symmetric functions,,0.5239875316619873,"0.2500, 0.2499, 0.1667, 0.1667, 0.1667",0.9722583387047052
0,linear approach,,0.5240235328674316,"0.2500, 0.2496, 0.1668, 0.1668, 0.1668",0.8333801031112671
0,supervised learning falls,,0.5264511704444885,"0.2462, 0.2500, 0.2499, 0.1270, 0.1270",0.7967080920934677
0,certificate-based encryption,,0.523987352848053,"0.2500, 0.2500, 0.1667, 0.1667, 0.1667",0.8645384460687637
0,parameterized complexity,,0.5240155458450317,"0.2500, 0.2500, 0.1667, 0.1667, 0.1667",0.8090287148952484
0,cifs specification,,0.5339298248291016,"0.1388, 0.2499, 0.2038, 0.2038, 0.2038",0.7036020159721375
0,final sorted list,,0.5535736680030823,"0.1993, 0.2500, 0.2499, 0.1504, 0.1504",0.9091088995337486
0,site tracing,,0.5256146788597107,"0.2470, 0.2499, 0.1677, 0.1677, 0.1677",0.727069765329361
0,singleton sets,,0.507754921913147,"0.2181, 0.2476, 0.1781, 0.1781, 0.1781",0.9355504289269447
0,order logic,,0.5006898045539856,"0.2308, 0.2500, 0.1731, 0.1731, 0.1731",0.8254072368144989
0,basic linear algebra,,0.5291085243225098,"0.2451, 0.2500, 0.2500, 0.1274, 0.1274",0.8849012330174446
0,topological entanglement entropy,,0.5240683555603027,"0.2500, 0.2497, 0.2499, 0.1252, 0.1252",0.8779109790921211
0,efficient slink,,0.5135839581489563,"0.2286, 0.2500, 0.1738, 0.1738, 0.1738",0.8452832698822021
0,mit scheme,,0.523635983467102,"0.2499, 0.2487, 0.1671, 0.1671, 0.1671",0.8489300757646561
0,computer programming tasks,,0.5239897966384888,"0.2500, 0.2500, 0.2500, 0.1250, 0.1250",0.4026647210121155
0,google images,,0.5212880373001099,"0.2231, 0.2416, 0.1784, 0.1784, 0.1784",0.8960378468036652
0,basic linear algebra subroutines,,0.5897549390792847,"0.1387, 0.2500, 0.2500, 0.2500, 0.1113",0.9675878807902336
0,inverse direction,,0.5237296223640442,"0.2500, 0.2490, 0.1670, 0.1670, 0.1670",0.9709144253283739
0,outer container,,0.5223821997642517,"0.2488, 0.2498, 0.1671, 0.1671, 0.1671",0.8398403376340866
0,solving heuristic,,0.5187767744064331,"0.2499, 0.2465, 0.1679, 0.1679, 0.1679",0.7525026798248291
0,membership inference attacks,,0.6261342763900757,"0.2496, 0.2500, 0.0015, 0.2495, 0.2495",0.8273191601037979
0,complex data type,,0.5239892601966858,"0.2500, 0.2500, 0.2500, 0.1250, 0.1250",0.6564565598964691
0,range quantum entanglement,,0.5240606665611267,"0.2500, 0.2500, 0.2500, 0.1250, 0.1250",0.8994739502668381
0,accurate identification method,,0.5170853734016418,"0.2056, 0.2487, 0.2499, 0.1479, 0.1479",0.7875840663909912
0,encrypted logical disks,,0.5238088369369507,"0.2499, 0.2499, 0.2500, 0.1252, 0.1252",0.7984116077423096
0,lexicalist hypothesis,,0.5239583849906921,"0.2499, 0.2500, 0.1667, 0.1667, 0.1667",0.7951600700616837
0,adaptive methods,,0.5240408182144165,"0.2500, 0.2500, 0.1667, 0.1667, 0.1667",0.8369432538747787
0,dimensional complexity theory,,0.523985743522644,"0.2500, 0.2500, 0.2500, 0.1250, 0.1250",0.810402438044548
0,topological zeta functions,,0.5192663669586182,"0.2500, 0.2496, 0.2454, 0.1275, 0.1275",0.9732813909649849
0,output classification,,0.5252373218536377,"0.2488, 0.2500, 0.1671, 0.1671, 0.1671",0.6644095778465271
0,polynomial expression,,0.5238529443740845,"0.2500, 0.2497, 0.1668, 0.1668, 0.1668",0.8920264765620232
0,functional training,,0.5233498811721802,"0.2499, 0.2490, 0.1670, 0.1670, 0.1670",0.7525393515825272
0,subproblem solutions,,0.5237305760383606,"0.2500, 0.2496, 0.1668, 0.1668, 0.1668",0.8338705450296402
0,process pixel data,,0.5240851044654846,"0.2500, 0.2500, 0.2499, 0.1251, 0.1251",0.6871035695075989
0,milnermycroft typability,,0.52388995885849,"0.2499, 0.2499, 0.1667, 0.1667, 0.1667",0.7984800189733505
0,cmos transistors,,0.5225303769111633,"0.2500, 0.2466, 0.1678, 0.1678, 0.1678",0.7095941603183746
0,partitioning design pattern,,0.5239841341972351,"0.2500, 0.2500, 0.2500, 0.1250, 0.1250",0.8170642256736755
0,processing data streams,,0.5068524479866028,"0.2500, 0.2500, 0.1389, 0.1806, 0.1806",0.6739491522312164
0,subproblems recursively,,0.5239863395690918,"0.2500, 0.2500, 0.1667, 0.1667, 0.1667",0.8760195225477219
0,microbial intelligence,,0.5248658061027527,"0.2485, 0.2500, 0.1672, 0.1672, 0.1672",0.7246740758419037
0,denotational semantics,,0.5239892601966858,"0.2500, 0.2500, 0.1667, 0.1667, 0.1667",0.7974472045898438
0,automated space docking,,0.5239241123199463,"0.2482, 0.2500, 0.2496, 0.1261, 0.1261",0.7565741240978241
0,rendering realistic 3d computer graphics,,0.572892427444458,"0.2488, 0.0012, 0.2500, 0.2500, 0.2500",0.66099414229393
0,milnermycroft calculus,,0.5240264534950256,"0.2499, 0.2500, 0.1667, 0.1667, 0.1667",0.8542164266109467
0,classical physics,,0.5072399377822876,"0.2348, 0.2499, 0.1718, 0.1718, 0.1718",0.7481928765773773
0,symmetric boolean function,,0.5240026116371155,"0.2500, 0.2500, 0.2500, 0.1250, 0.1250",0.9761870540678501
0,protein binding,,0.5235750079154968,"0.2496, 0.2473, 0.1677, 0.1677, 0.1677",0.9419788159430027
0,computational systems,,0.5239861011505127,"0.2500, 0.2500, 0.1667, 0.1667, 0.1667",0.5226759314537048
0,body signals,,0.5057178139686584,"0.2395, 0.2454, 0.1717, 0.1717, 0.1717",0.9219044148921967
0,parametric feature,,0.5230197310447693,"0.2500, 0.2494, 0.1669, 0.1669, 0.1669",0.8374179601669312
0,linguistic theory,,0.523588240146637,"0.2496, 0.2500, 0.1668, 0.1668, 0.1668",0.7561919987201691
0,underlying graph,,0.502987802028656,"0.1115, 0.2500, 0.2128, 0.2128, 0.2128",0.7798452228307724
0,immutable object,,0.5239856243133545,"0.2500, 0.2500, 0.1667, 0.1667, 0.1667",0.8298112004995346
0,evaluation functions,,0.5244160294532776,"0.2495, 0.2500, 0.1668, 0.1668, 0.1668",0.7877671718597412
0,probability generators,,0.5247413516044617,"0.2498, 0.2497, 0.1668, 0.1668, 0.1668",0.7287864685058594
0,practical artificial neural networks,,0.7586348056793213,"0.0142, 0.2500, 0.2500, 0.2500, 0.2358",0.6863290965557098
0,digital conversion,,0.5239697098731995,"0.2499, 0.2500, 0.1667, 0.1667, 0.1667",0.6488366425037384
0,quantum measurement,,0.5238885879516602,"0.2500, 0.2496, 0.1668, 0.1668, 0.1668",0.7784268260002136
0,short-circuit evaluation,,0.5228482484817505,"0.2499, 0.2385, 0.1705, 0.1705, 0.1705",0.6157091856002808
0,mathematical systems theory,,0.524002194404602,"0.2499, 0.2500, 0.2500, 0.1250, 0.1250",0.7199061810970306
0,mathematical reasoning,,0.5239844918251038,"0.2500, 0.2500, 0.1667, 0.1667, 0.1667",0.7747852057218552
0,random variables indexed,,0.5389075875282288,"0.2467, 0.2490, 0.2086, 0.1479, 0.1479",0.8504139482975006
0,balancing binary search tree,,0.5362457036972046,"0.2398, 0.2500, 0.2500, 0.2500, 0.0102",0.7234145998954773
0,protein sequences,,0.5242494344711304,"0.2495, 0.2500, 0.1669, 0.1669, 0.1669",0.8448646366596222
0,design principle,,0.5095080733299255,"0.2495, 0.2380, 0.1708, 0.1708, 0.1708",0.7191362380981445
0,stability model,,0.5231319665908813,"0.2487, 0.2485, 0.1676, 0.1676, 0.1676",0.8364481180906296
0,technology mining,,0.5240117311477661,"0.2499, 0.2499, 0.1667, 0.1667, 0.1667",0.555562287569046
0,index data structure,,0.52442467212677,"0.2496, 0.2498, 0.2499, 0.1254, 0.1254",0.7693687081336975
0,flow analysis,,0.5220375657081604,"0.2455, 0.2499, 0.1682, 0.1682, 0.1682",0.7856101393699646
0,linear frequency,,0.5240638256072998,"0.2500, 0.2498, 0.1667, 0.1667, 0.1667",0.8565215766429901
0,random subspace selection,,0.5245615243911743,"0.2490, 0.2500, 0.2482, 0.1264, 0.1264",0.897262305021286
0,data processing industry,,0.5239530205726624,"0.2500, 0.2500, 0.2499, 0.1250, 0.1250",0.5234952867031097
0,scalar multiplication,,0.5239852666854858,"0.2500, 0.2500, 0.1667, 0.1667, 0.1667",0.8729636073112488
0,complex plane,,0.5207486748695374,"0.2499, 0.2469, 0.1677, 0.1677, 0.1677",0.7345566153526306
0,multilinear map,,0.5240646004676819,"0.2500, 0.2500, 0.1667, 0.1667, 0.1667",0.9950836589559913
0,entropy method,,0.524029552936554,"0.2500, 0.2500, 0.1667, 0.1667, 0.1667",0.8344624489545822
0,measured data,,0.5026053190231323,"0.1415, 0.2286, 0.2100, 0.2100, 0.2100",0.719760537147522
0,combinatorial chemistry,,0.5222424864768982,"0.2500, 0.2490, 0.1670, 0.1670, 0.1670",0.7291117310523987
0,reverse index,,0.5275371074676514,"0.2452, 0.2452, 0.1699, 0.1699, 0.1699",0.8404151201248169
0,capture correlation,,0.5316396951675415,"0.2441, 0.2500, 0.1686, 0.1686, 0.1686",0.8023327887058258
0,proof method,,0.5193796157836914,"0.2422, 0.2498, 0.1693, 0.1693, 0.1693",0.7985685914754868
0,phase diagram,,0.5233813524246216,"0.2499, 0.2492, 0.1670, 0.1670, 0.1670",0.839220866560936
0,model transformation,,0.5239869356155396,"0.2500, 0.2500, 0.1667, 0.1667, 0.1667",0.8097094297409058
0,gap analysis,,0.5239211320877075,"0.2493, 0.2500, 0.1669, 0.1669, 0.1669",0.7578229755163193
0,recursively subdividing,,0.5239875316619873,"0.2500, 0.2500, 0.1667, 0.1667, 0.1667",0.8598319888114929
0,andrey markov,,0.5238031148910522,"0.2008, 0.2500, 0.1831, 0.1831, 0.1831",0.8681992441415787
0,reference models,,0.5235742926597595,"0.2488, 0.2500, 0.1671, 0.1671, 0.1671",0.7983689606189728
0,unrolled linked list nodes,,0.5264118313789368,"0.2423, 0.2500, 0.2500, 0.2500, 0.0077",0.9910355536267161
0,basic linear algebra subprograms,,0.5495455265045166,"0.2342, 0.2500, 0.2500, 0.2500, 0.0158",0.9325053468346596
0,mathematical objects,,0.5188297033309937,"0.2499, 0.2476, 0.1675, 0.1675, 0.1675",0.7325107753276825
0,logical objects,,0.5228387713432312,"0.2494, 0.2500, 0.1669, 0.1669, 0.1669",0.8190025389194489
0,zermelofraenkel set theory,,0.5238316059112549,"0.2500, 0.2498, 0.2500, 0.1251, 0.1251",0.9687418974936008
0,quantum oscillator,,0.5239878296852112,"0.2500, 0.2500, 0.1667, 0.1667, 0.1667",0.8484237045049667
0,message authentication codesiso,,0.5459070801734924,"0.2186, 0.2474, 0.2500, 0.1420, 0.1420",0.8605632781982422
0,computational methods,,0.5239992141723633,"0.2500, 0.2500, 0.1667, 0.1667, 0.1667",0.6105825901031494
0,processing executing,,0.5249104499816895,"0.2500, 0.2464, 0.1679, 0.1679, 0.1679",0.6673703789710999
0,row vector,,0.5281754732131958,"0.2472, 0.2500, 0.1676, 0.1676, 0.1676",0.9189095422625542
0,math functions,,0.5240077972412109,"0.2499, 0.2500, 0.1667, 0.1667, 0.1667",0.9061705321073532
0,scalable implementation,,0.5237379670143127,"0.2500, 0.2486, 0.1671, 0.1671, 0.1671",0.6898210048675537
0,node link,,0.5220648646354675,"0.2500, 0.2373, 0.1709, 0.1709, 0.1709",0.9805170968174934
0,primality tests,,0.5161916613578796,"0.2500, 0.2334, 0.1722, 0.1722, 0.1722",0.8685271590948105
0,assembling sequences,,0.5240707397460938,"0.2498, 0.2500, 0.1667, 0.1667, 0.1667",0.8131665736436844
0,evaluate data structures,,0.6129910349845886,"0.1164, 0.2490, 0.2500, 0.1923, 0.1923",0.7621560096740723
0,fuzzy logica mathematical system,,0.5239869356155396,"0.2500, 0.2500, 0.2500, 0.2500, 0.0000",0.7614041864871979
0,memory debuggers work,,0.5221163034439087,"0.2500, 0.2500, 0.2486, 0.1257, 0.1257",0.7463613152503967
0,matrix structures,,0.5239856243133545,"0.2500, 0.2500, 0.1667, 0.1667, 0.1667",0.9225160181522369
0,molecular dynamics models,,0.5239987373352051,"0.2500, 0.2500, 0.2500, 0.1250, 0.1250",0.8258179873228073
0,bayesian information,,0.5239771604537964,"0.2500, 0.2499, 0.1667, 0.1667, 0.1667",0.7517462968826294
0,standard computer algorithms,,0.5669910907745361,"0.2023, 0.2500, 0.2500, 0.1489, 0.1489",0.4995913505554199
0,synthetic division,,0.5239819288253784,"0.2500, 0.2500, 0.1667, 0.1667, 0.1667",0.7769804149866104
0,system components,,0.5229304432868958,"0.2480, 0.2499, 0.1674, 0.1674, 0.1674",0.5325545072555542
0,oriented languages,,0.513426661491394,"0.2443, 0.2441, 0.1705, 0.1705, 0.1705",0.6485221683979034
0,dynamical systems theory,,0.5239889621734619,"0.2500, 0.2500, 0.2500, 0.1250, 0.1250",0.7814444601535797
0,classify patterns,,0.5239881277084351,"0.2500, 0.2500, 0.1667, 0.1667, 0.1667",0.8505232781171799
0,categorize unlabeled data,,0.5240717530250549,"0.2500, 0.2500, 0.2500, 0.1250, 0.1250",0.8614541590213776
0,amd accelerated processing unit,,0.5355956554412842,"0.2417, 0.2500, 0.2500, 0.2500, 0.0083",0.638426274061203
0,behavioral neuroscientists,,0.5040133595466614,"0.2329, 0.2125, 0.1848, 0.1848, 0.1848",0.788605347275734
0,quantized signals,,0.524010419845581,"0.2500, 0.2498, 0.1667, 0.1667, 0.1667",0.9052282571792603
0,intelligent foraging behaviour,,0.5136392712593079,"0.2500, 0.2478, 0.2204, 0.1409, 0.1409",0.8542043417692184
0,digital converters,,0.519467294216156,"0.2452, 0.2499, 0.1683, 0.1683, 0.1683",0.6801652014255524
0,variable symmetric boolean function,,0.5244673490524292,"0.2490, 0.2500, 0.2500, 0.2500, 0.0010",0.9850078914314508
0,galaxies  numerical linear algebra,,0.5810599327087402,"0.1805, 0.1236, 0.1962, 0.2500, 0.2498",0.8936264961957932
0,time markov process,,0.5238549709320068,"0.2494, 0.2500, 0.2499, 0.1253, 0.1253",0.8108991384506226
0,nearest neighbors algorithm,,0.8453559875488281,"0.2365, 0.0268, 0.2500, 0.2433, 0.2433",0.884622186422348
0,matlab function symmmd,,0.5239942669868469,"0.2500, 0.2500, 0.2500, 0.1250, 0.1250",0.9086882993578911
0,dimensional generalization,,0.5239921808242798,"0.2500, 0.2500, 0.1667, 0.1667, 0.1667",0.8243590891361237
0,random iterates,,0.5428891777992249,"0.2004, 0.2500, 0.1832, 0.1832, 0.1832",0.8310337215662003
0,counterclockwise rotation,,0.5239596962928772,"0.2499, 0.2500, 0.1667, 0.1667, 0.1667",0.9537345729768276
0,abstract framework,,0.5239250659942627,"0.2498, 0.2500, 0.1667, 0.1667, 0.1667",0.8188519030809402
0,biological computation,,0.5356355905532837,"0.2330, 0.2500, 0.1723, 0.1723, 0.1723",0.5797813832759857
0,metamathematics unit,,0.5239766836166382,"0.2500, 0.2500, 0.1667, 0.1667, 0.1667",0.7458565831184387
0,condition code register,,0.5132432579994202,"0.2271, 0.2500, 0.2496, 0.1367, 0.1367",0.8569838255643845
0,process plant,,0.5238039493560791,"0.2500, 0.2496, 0.1668, 0.1668, 0.1668",0.7707138061523438
0,physical data model,,0.5240593552589417,"0.2497, 0.2500, 0.2500, 0.1252, 0.1252",0.640647292137146
0,digital empathy,,0.5240568518638611,"0.2499, 0.2474, 0.1676, 0.1676, 0.1676",0.7527811974287033
0,natural neuronal processes,,0.5242086052894592,"0.2485, 0.2500, 0.2500, 0.1258, 0.1258",0.7845168858766556
0,digital camera,,0.5239894986152649,"0.2500, 0.2500, 0.1667, 0.1667, 0.1667",0.8198548555374146
0,algorithmically manipulating bits,,0.5214722752571106,"0.2500, 0.2500, 0.2481, 0.1260, 0.1260",0.7568250298500061
0,phase diagrams,,0.5069066882133484,"0.2497, 0.2326, 0.1726, 0.1726, 0.1726",0.7643786668777466
0,linguistic notations,,0.5018643140792847,"0.2345, 0.2290, 0.1789, 0.1789, 0.1789",0.8086957484483719
0,phylogenetic trees,,0.5249799489974976,"0.2491, 0.2500, 0.1670, 0.1670, 0.1670",0.8519451916217804
0,molecular motion,,0.5238759517669678,"0.2499, 0.2500, 0.1667, 0.1667, 0.1667",0.824180081486702
0,fortran basic linear algebra subprograms,,0.9172587394714355,"0.0380, 0.2120, 0.2500, 0.2500, 0.2500",0.8917437195777893
0,dynamic avoidance,,0.5245120525360107,"0.2495, 0.2376, 0.1710, 0.1710, 0.1710",0.8410688191652298
0,analytical objects,,0.5203022956848145,"0.2500, 0.2480, 0.1673, 0.1673, 0.1673",0.6258900165557861
0,oriented analysis,,0.5232603549957275,"0.2447, 0.2500, 0.1684, 0.1684, 0.1684",0.6160149276256561
0,topological optimization techniques,,0.5143806338310242,"0.2500, 0.2500, 0.2387, 0.1306, 0.1306",0.8864463344216347
0,expression computational intelligence,,0.5239899158477783,"0.2500, 0.2500, 0.2500, 0.1250, 0.1250",0.5953657031059265
0,bridge weather,,0.5238993167877197,"0.2495, 0.2474, 0.1677, 0.1677, 0.1677",0.9732930958271027
0,nonlinear global analysis,,0.5240209102630615,"0.2500, 0.2500, 0.2499, 0.1251, 0.1251",0.8912453204393387
0,least linear,,0.5399762392044067,"0.0191, 0.2500, 0.2436, 0.2436, 0.2436",0.8712161779403687
0,theoretic method,,0.5226308703422546,"0.2374, 0.2496, 0.1710, 0.1710, 0.1710",0.8340418934822083
0,optimization technique,,0.523442804813385,"0.2500, 0.2489, 0.1670, 0.1670, 0.1670",0.7519176453351974
0,dimensional optimization problem,,0.5212073922157288,"0.2500, 0.2500, 0.2454, 0.1273, 0.1273",0.9346595704555511
0,observation function,,0.5241564512252808,"0.2496, 0.2499, 0.1668, 0.1668, 0.1668",0.7403550446033478
0,range coding,,0.524635374546051,"0.2496, 0.2500, 0.1668, 0.1668, 0.1668",0.8711126148700714
0,computationally intelligent,,0.523985743522644,"0.2500, 0.2500, 0.1667, 0.1667, 0.1667",0.545166552066803
0,combinatorial optimization,,0.5240015387535095,"0.2500, 0.2500, 0.1667, 0.1667, 0.1667",0.7854668200016022
0,computer mouse,,0.5240053534507751,"0.2500, 0.2500, 0.1667, 0.1667, 0.1667",0.567329466342926
0,circuit evaluation,,0.5198365449905396,"0.2500, 0.2356, 0.1715, 0.1715, 0.1715",0.613727480173111
0,markov partitions,,0.523988664150238,"0.2500, 0.2500, 0.1667, 0.1667, 0.1667",0.8531530052423477
0,streaming division,,0.5427176356315613,"0.1043, 0.2500, 0.2152, 0.2152, 0.2152",0.7599178552627563
0,broadband backbone network,,0.5244127511978149,"0.2499, 0.2500, 0.2499, 0.1251, 0.1251",0.8068295270204544
0,basic theory,,0.5236836075782776,"0.2497, 0.2498, 0.1668, 0.1668, 0.1668",0.7533361911773682
0,convolutional code,,0.5240640640258789,"0.2495, 0.2500, 0.1668, 0.1668, 0.1668",0.8244468569755554
0,set topology,,0.5053218603134155,"0.2131, 0.2500, 0.1790, 0.1790, 0.1790",0.9634668603539467
0,joint density matrix,,0.5028430819511414,"0.0535, 0.2432, 0.2500, 0.2267, 0.2267",0.9427706561982632
0,topological entropy,,0.524041473865509,"0.2500, 0.2500, 0.1667, 0.1667, 0.1667",0.8981606587767601
0,classical topology,,0.5235499739646912,"0.2444, 0.2500, 0.1685, 0.1685, 0.1685",0.867449939250946
0,slower speed,,0.5239996910095215,"0.2498, 0.2495, 0.1669, 0.1669, 0.1669",0.8460679352283478
0,inverse system,,0.5238928198814392,"0.2493, 0.2500, 0.1669, 0.1669, 0.1669",0.762045219540596
0,evaluate computer software,,0.5331498384475708,"0.2103, 0.2490, 0.2500, 0.1454, 0.1454",0.42213892936706543
0,bounded flat surface,,0.5229908227920532,"0.2476, 0.2500, 0.2500, 0.1262, 0.1262",0.8944524228572845
0,type tasks,,0.5194456577301025,"0.2465, 0.2496, 0.1680, 0.1680, 0.1680",0.5888265371322632
0,sparse structure,,0.5239496231079102,"0.2500, 0.2500, 0.1667, 0.1667, 0.1667",0.8442603498697281
0,general kernel,,0.5135660171508789,"0.1303, 0.2500, 0.2066, 0.2066, 0.2066",0.7834626734256744
0,bit microprocessors,,0.5240748524665833,"0.2499, 0.2500, 0.1667, 0.1667, 0.1667",0.6191391050815582
0,analytical hierarchy,,0.5239971876144409,"0.2500, 0.2500, 0.1667, 0.1667, 0.1667",0.6386323273181915
0,encode properties,,0.5181106328964233,"0.2500, 0.2457, 0.1681, 0.1681, 0.1681",0.8370403796434402
0,transfer data,,0.5119082927703857,"0.2323, 0.2500, 0.1726, 0.1726, 0.1726",0.751191645860672
0,systems design,,0.5225626230239868,"0.2499, 0.2490, 0.1670, 0.1670, 0.1670",0.5498804748058319
0,matching algorithm,,0.5234363079071045,"0.2343, 0.2500, 0.1719, 0.1719, 0.1719",0.8589198142290115
0,symmetric sparse matrix,,0.5240442156791687,"0.2500, 0.2500, 0.2500, 0.1250, 0.1250",0.9395392462611198
0,amd accelerated processing units,,0.5528453588485718,"0.2209, 0.2500, 0.2500, 0.2451, 0.0341",0.6575777530670166
0,molecular mechanics,,0.5231189727783203,"0.2493, 0.2499, 0.1669, 0.1669, 0.1669",0.7399741113185883
0,iteratively solving,,0.5239858031272888,"0.2500, 0.2500, 0.1667, 0.1667, 0.1667",0.7770276218652725
0,mathematical analysis,,0.5239922404289246,"0.2500, 0.2500, 0.1667, 0.1667, 0.1667",0.6751924455165863
0,time compilers,,0.5071557760238647,"0.2358, 0.2500, 0.1714, 0.1714, 0.1714",0.7533068954944611
0,classifier chain,,0.5239859819412231,"0.2500, 0.2500, 0.1667, 0.1667, 0.1667",0.8197033405303955
0,negative matrix factorization,,0.5306310653686523,"0.2448, 0.2500, 0.2500, 0.1276, 0.1276",0.9713248033076525
0,schedule processes,,0.5080702304840088,"0.2041, 0.2500, 0.1820, 0.1820, 0.1820",0.7519448399543762
0,cambridge quantum computing,,0.5365549921989441,"0.2284, 0.2500, 0.2500, 0.1358, 0.1358",0.5487892031669617
0,inductive step,,0.5122734308242798,"0.2450, 0.2448, 0.1701, 0.1701, 0.1701",0.8263284415006638
0,dimensional theories,,0.5239856243133545,"0.2500, 0.2500, 0.1667, 0.1667, 0.1667",0.8065747320652008
0,computer program trained,,0.5229610204696655,"0.2500, 0.2500, 0.2474, 0.1263, 0.1263",0.38999998569488525
0,hyperbolic dynamics,,0.5208081007003784,"0.2438, 0.2500, 0.1687, 0.1687, 0.1687",0.9042644128203392
0,optimized allocation,,0.5240150690078735,"0.2500, 0.2500, 0.1667, 0.1667, 0.1667",0.8450980633497238
0,robust argumentation machines,,0.5226874947547913,"0.2500, 0.2500, 0.2490, 0.1255, 0.1255",0.6967558860778809
0,interfaces workshop,,0.5234416127204895,"0.2497, 0.2494, 0.1669, 0.1669, 0.1669",0.6231080293655396
0,based learning algorithms,,0.5853867530822754,"0.1137, 0.2500, 0.2500, 0.1932, 0.1932",0.7325437366962433
0,virtual world,,0.5193102955818176,"0.2490, 0.2463, 0.1682, 0.1682, 0.1682",0.6465910971164703
0,navigation systems,,0.5240012407302856,"0.2500, 0.2500, 0.1667, 0.1667, 0.1667",0.7947499603033066
0,complex images,,0.5034045577049255,"0.2382, 0.2342, 0.1759, 0.1759, 0.1759",0.8279102891683578
0,digital sort,,0.5239907503128052,"0.2500, 0.2500, 0.1667, 0.1667, 0.1667",0.6917886435985565
0,algebraic geometry,,0.524635910987854,"0.2480, 0.2500, 0.1673, 0.1673, 0.1673",0.9286378920078278
0,angular velocity,,0.5229572057723999,"0.2500, 0.2477, 0.1674, 0.1674, 0.1674",0.9935471941716969
0,efficient matlab,,0.5245237350463867,"0.2487, 0.2500, 0.1671, 0.1671, 0.1671",0.8062275499105453
0,automatic measure,,0.5268147587776184,"0.2453, 0.2489, 0.1686, 0.1686, 0.1686",0.8068944960832596
0,cannot compute,,0.5705037117004395,"0.1611, 0.2500, 0.1963, 0.1963, 0.1963",0.7710176557302475
0,digital  web pages,,0.5247300267219543,"0.2500, 0.1270, 0.2500, 0.2460, 0.1270",0.6059304177761078
0,statically typed languages conform,,0.5171973705291748,"0.2500, 0.2437, 0.2497, 0.2499, 0.0067",0.8265625983476639
0,relational mapping,,0.5283713340759277,"0.2417, 0.2500, 0.1694, 0.1694, 0.1694",0.8017468601465225
0,vector auto,,0.5134803056716919,"0.2500, 0.2391, 0.1703, 0.1703, 0.1703",0.8859706670045853
0,path expression,,0.5239796042442322,"0.2500, 0.2495, 0.1669, 0.1669, 0.1669",0.9290624931454659
0,code modulation,,0.5239889621734619,"0.2500, 0.2500, 0.1667, 0.1667, 0.1667",0.7857186794281006
0,metric k-center,,0.523957371711731,"0.2500, 0.2500, 0.1667, 0.1667, 0.1667",0.88083066791296
0,simplify formulas,,0.5239858627319336,"0.2500, 0.2500, 0.1667, 0.1667, 0.1667",0.9587419480085373
0,problem solving,,0.5073491930961609,"0.2357, 0.2423, 0.1740, 0.1740, 0.1740",0.7601227462291718
0,random variables,,0.5155822038650513,"0.2390, 0.2309, 0.1767, 0.1767, 0.1767",0.8630684316158295
0,shallow semantic parsing,,0.5240214467048645,"0.2500, 0.2500, 0.2500, 0.1250, 0.1250",0.8116467446088791
0,compression rate,,0.5240049958229065,"0.2500, 0.2500, 0.1667, 0.1667, 0.1667",0.8665044158697128
0,baseline method,,0.5243426561355591,"0.2497, 0.2497, 0.1669, 0.1669, 0.1669",0.8887410089373589
0,image search,,0.5234705805778503,"0.2500, 0.2483, 0.1672, 0.1672, 0.1672",0.8441433608531952
0,set notation,,0.5224250555038452,"0.2484, 0.2480, 0.1678, 0.1678, 0.1678",0.9762282744050026
0,screen cursor,,0.5239987969398499,"0.2500, 0.2500, 0.1667, 0.1667, 0.1667",0.7132051289081573
0,training recursive neural nets,,0.5241957902908325,"0.2499, 0.2500, 0.2500, 0.2500, 0.0002",0.7528114020824432
0,bit instruction set architecture,,0.5234641432762146,"0.2500, 0.2500, 0.2492, 0.2500, 0.0009",0.6795431673526764
0,key algorithm,,0.5240870118141174,"0.2500, 0.2500, 0.1667, 0.1667, 0.1667",0.7705623656511307
0,probability density proportional,,0.5244249701499939,"0.2500, 0.2500, 0.2495, 0.1253, 0.1253",0.8371136039495468
0,cryogenic computing,,0.5245080590248108,"0.2487, 0.2500, 0.1671, 0.1671, 0.1671",0.5753703713417053
0,quantified variables,,0.5231758952140808,"0.2499, 0.2484, 0.1672, 0.1672, 0.1672",0.8571896851062775
0,data type constrains,,0.5240228176116943,"0.2500, 0.2500, 0.2499, 0.1251, 0.1251",0.7128909528255463
0,bayesian svms,,0.5239945650100708,"0.2500, 0.2500, 0.1667, 0.1667, 0.1667",0.8413764238357544
0,efficient algorithms,,0.5247728228569031,"0.2494, 0.2500, 0.1669, 0.1669, 0.1669",0.7088494598865509
0,configuring routers,,0.5317360162734985,"0.2500, 0.2412, 0.1696, 0.1696, 0.1696",0.8845222443342209
0,theorem  computer science,,0.5239872932434082,"0.2500, 0.1250, 0.2500, 0.2500, 0.1250",0.3522565960884094
0,accessing array elements,,0.5851247906684875,"0.1028, 0.2500, 0.2481, 0.1996, 0.1996",0.9645132720470428
0,linear discriminant,,0.5239856243133545,"0.2500, 0.2500, 0.1667, 0.1667, 0.1667",0.8285072147846222
0,video sequence,,0.5240290760993958,"0.2489, 0.2500, 0.1670, 0.1670, 0.1670",0.8124122321605682
0,optimization techniques,,0.5240299701690674,"0.2500, 0.2496, 0.1668, 0.1668, 0.1668",0.7449996769428253
0,polynomial sequence,,0.5239855051040649,"0.2500, 0.2500, 0.1667, 0.1667, 0.1667",0.833198145031929
0,efficient analysisone,,0.5248024463653564,"0.2481, 0.2500, 0.1673, 0.1673, 0.1673",0.7500734627246857
0,quantum waveguide,,0.5225339531898499,"0.2500, 0.2381, 0.1706, 0.1706, 0.1706",0.9614052511751652
0,communication complexity,,0.5106830596923828,"0.1931, 0.2498, 0.1857, 0.1857, 0.1857",0.7004267573356628
0,complex schemes,,0.5240128040313721,"0.2500, 0.2499, 0.1667, 0.1667, 0.1667",0.8472055792808533
0,solving sparse linear systems,,0.524377167224884,"0.2498, 0.2500, 0.2500, 0.2500, 0.0002",0.7932098805904388
0,bit mips processors,,0.5242184996604919,"0.2500, 0.2499, 0.2500, 0.1251, 0.1251",0.7362562716007233
0,digital empathy finds,,0.5114757418632507,"0.2500, 0.2500, 0.2339, 0.1331, 0.1331",0.7790383100509644
0,objective programming,,0.572896420955658,"0.1485, 0.2500, 0.2005, 0.2005, 0.2005",0.749024897813797
0,nervous system,,0.5215526819229126,"0.2441, 0.2499, 0.1687, 0.1687, 0.1687",0.767600491642952
0,composite file,,0.5083171129226685,"0.2492, 0.2320, 0.1729, 0.1729, 0.1729",0.7907003164291382
0,basic randomized complexity class,,0.525557279586792,"0.2483, 0.2500, 0.2500, 0.2495, 0.0023",0.7213746011257172
0,business functions,,0.5187876224517822,"0.2417, 0.2500, 0.1694, 0.1694, 0.1694",0.7351665794849396
0,based binary search tree,,0.6636850237846375,"0.0617, 0.2500, 0.2500, 0.2500, 0.1883",0.714574933052063
0,polygraphic substitution systems,,0.5236002802848816,"0.2497, 0.2500, 0.2500, 0.1252, 0.1252",0.7438160181045532
0,redeveloping logic,,0.5238409638404846,"0.2498, 0.2500, 0.1667, 0.1667, 0.1667",0.7755205184221268
0,virtual desktop server manager,,0.5137736797332764,"0.2418, 0.2499, 0.2499, 0.2435, 0.0148",0.6839350461959839
0,key calculation,,0.5243184566497803,"0.2498, 0.2500, 0.1668, 0.1668, 0.1668",0.8052425682544708
0,geometrical model,,0.5239875912666321,"0.2500, 0.2500, 0.1667, 0.1667, 0.1667",0.8793897405266762
0,map function,,0.5239859819412231,"0.2500, 0.2500, 0.1667, 0.1667, 0.1667",0.9973593198228627
0,time algorithm,,0.524181604385376,"0.2496, 0.2500, 0.1668, 0.1668, 0.1668",0.7961781024932861
0,floppy disk,,0.5237607359886169,"0.2498, 0.2499, 0.1668, 0.1668, 0.1668",0.6776961386203766
0,interlinked set,,0.5226356983184814,"0.2498, 0.2485, 0.1672, 0.1672, 0.1672",0.9681916870176792
0,euclidean division,,0.5239874124526978,"0.2500, 0.2500, 0.1667, 0.1667, 0.1667",0.8991698175668716
0,analytic number theory,,0.5238974690437317,"0.2500, 0.2491, 0.2500, 0.1255, 0.1255",0.825133204460144
0,application delivery network,,0.5249109268188477,"0.2500, 0.2495, 0.2488, 0.1258, 0.1258",0.6886994540691376
0,content delivery network,,0.5115855932235718,"0.2436, 0.2405, 0.2455, 0.1352, 0.1352",0.7158538401126862
0,structural constraints,,0.5223096013069153,"0.2500, 0.2458, 0.1681, 0.1681, 0.1681",0.8127921968698502
0,analytics tools,,0.523532509803772,"0.2496, 0.2483, 0.1674, 0.1674, 0.1674",0.6316942572593689
0,digital communication systems,,0.5204168558120728,"0.2500, 0.2428, 0.2500, 0.1286, 0.1286",0.5627305209636688
0,theoretical speedup,,0.5220202803611755,"0.2465, 0.2499, 0.1679, 0.1679, 0.1679",0.6772143542766571
0,superconducting computing research,,0.5128156542778015,"0.2500, 0.2500, 0.2352, 0.1324, 0.1324",0.6598595678806305
0,realistic mathematical models,,0.5285413861274719,"0.2347, 0.2500, 0.2500, 0.1327, 0.1327",0.7719544619321823
0,tracking technologies,,0.5211676955223083,"0.2455, 0.2495, 0.1683, 0.1683, 0.1683",0.7172996401786804
0,simplest markov model,,0.5242611765861511,"0.2481, 0.2500, 0.2500, 0.1260, 0.1260",0.816478967666626
0,computability logic homepage comprehensive survey,,0.6952796578407288,"0.2500, 0.2500, 0.2497, 0.2477, 0.0026",0.593389481306076
0,beta encoders,,0.5240821838378906,"0.2500, 0.2500, 0.1667, 0.1667, 0.1667",0.824741929769516
0,cdn vendors,,0.5241239070892334,"0.2499, 0.2491, 0.1670, 0.1670, 0.1670",0.8234008699655533
0,primitive recursive,,0.5239405632019043,"0.2500, 0.2500, 0.1667, 0.1667, 0.1667",0.8240684121847153
0,parameter systems,,0.5161677598953247,"0.1988, 0.2481, 0.1844, 0.1844, 0.1844",0.8318128287792206
0,data retrieval operations,,0.5239995121955872,"0.2500, 0.2500, 0.2500, 0.1250, 0.1250",0.7568986713886261
0,numeric methods,,0.5246137380599976,"0.2481, 0.2497, 0.1674, 0.1674, 0.1674",0.8199464529752731
0,time analysis,,0.5235033631324768,"0.2495, 0.2496, 0.1669, 0.1669, 0.1669",0.7972774505615234
0,metastable phases,,0.5221357345581055,"0.2459, 0.2492, 0.1683, 0.1683, 0.1683",0.9603548943996429
0,parameter tractability,,0.5145679116249084,"0.2168, 0.2489, 0.1781, 0.1781, 0.1781",0.8749711960554123
0,measurement based quantum computing models,,0.515153706073761,"0.2500, 0.0001, 0.2500, 0.2500, 0.2500",0.648300290107727
0,negative matrix approximation,,0.5473852157592773,"0.2293, 0.2500, 0.2500, 0.1354, 0.1354",0.9803353920578957
0,recursive parametrically polymorphic function,,0.5240207314491272,"0.2500, 0.2500, 0.2500, 0.2500, 0.0000",0.9080172777175903
0,adjacency list representation,,0.5114727020263672,"0.2500, 0.2500, 0.2380, 0.1310, 0.1310",0.8964210823178291
0,linear programming algorithm finds,,0.5236856341362,"0.2500, 0.2500, 0.2500, 0.2488, 0.0012",0.7557253837585449
0,division algorithms fall,,0.5239877104759216,"0.2500, 0.2500, 0.2500, 0.1250, 0.1250",0.8245618790388107
0,learning method,,0.5239898562431335,"0.2500, 0.2500, 0.1667, 0.1667, 0.1667",0.7103533744812012
0,quantum physics,,0.5239875912666321,"0.2500, 0.2500, 0.1667, 0.1667, 0.1667",0.7642549127340317
0,schnhagestrassen algorithm,,0.5554654002189636,"0.1980, 0.2500, 0.1840, 0.1840, 0.1840",0.8309512287378311
0,label classification problem,,0.5196416974067688,"0.2499, 0.2500, 0.2459, 0.1271, 0.1271",0.9018073678016663
0,asymmetric languages,,0.521098256111145,"0.2500, 0.2461, 0.1680, 0.1680, 0.1680",0.8150045424699783
0,intelligence analysis,,0.5239863395690918,"0.2500, 0.2500, 0.1667, 0.1667, 0.1667",0.5776933133602142
0,instruction execution time,,0.5230315327644348,"0.2500, 0.2500, 0.2493, 0.1254, 0.1254",0.6793350577354431
0,application delivery networks,,0.5241991877555847,"0.2500, 0.2494, 0.2500, 0.1253, 0.1253",0.67051562666893
0,circuit design,,0.5189078450202942,"0.2500, 0.2470, 0.1677, 0.1677, 0.1677",0.574454665184021
0,technology database,,0.5239490866661072,"0.2499, 0.2500, 0.1667, 0.1667, 0.1667",0.4554101228713989
0,modeling systems,,0.5244092345237732,"0.2492, 0.2500, 0.1670, 0.1670, 0.1670",0.6906383633613586
0,digital circuits,,0.5239915251731873,"0.2500, 0.2500, 0.1667, 0.1667, 0.1667",0.5685949921607971
0,gps navigation system screen,,0.5243855714797974,"0.2498, 0.2500, 0.2500, 0.2499, 0.0003",0.8765249773859978
0,spatial verification,,0.5232318043708801,"0.2489, 0.2470, 0.1680, 0.1680, 0.1680",0.828333705663681
0,random bits,,0.5195397138595581,"0.2334, 0.2478, 0.1729, 0.1729, 0.1729",0.8060351759195328
0,misleading equivalence,,0.5237650871276855,"0.2498, 0.2500, 0.1667, 0.1667, 0.1667",0.8704959154129028
0,proxy pattern description,,0.6720805168151855,"0.0413, 0.2498, 0.2197, 0.2445, 0.2445",0.8977793753147125
0,dimensional dynamic models,,0.5239917635917664,"0.2500, 0.2500, 0.2500, 0.1250, 0.1250",0.8906541913747787
0,indicator functions,,0.5239930748939514,"0.2500, 0.2500, 0.1667, 0.1667, 0.1667",0.8245262056589127
0,reactiondiffusion system,,0.5239681005477905,"0.2497, 0.2496, 0.1669, 0.1669, 0.1669",0.8434015512466431
0,pattern language,,0.5234689712524414,"0.2500, 0.2494, 0.1669, 0.1669, 0.1669",0.8104945421218872
0,process digital images,,0.5241537094116211,"0.2495, 0.2475, 0.2499, 0.1266, 0.1266",0.6808552443981171
0,microevolutionary processes,,0.524033784866333,"0.2500, 0.2500, 0.1667, 0.1667, 0.1667",0.7261450886726379
0,ai alignment,,0.5239698886871338,"0.2499, 0.2500, 0.1667, 0.1667, 0.1667",0.7944859266281128
0,deterministic problems,,0.5015020966529846,"0.2499, 0.2098, 0.1801, 0.1801, 0.1801",0.7708833515644073
0,global robustness,,0.5236909985542297,"0.2478, 0.2500, 0.1674, 0.1674, 0.1674",0.8536235839128494
0,optimal offline algorithm,,0.7108794450759888,"0.2448, 0.0771, 0.2500, 0.2141, 0.2141",0.8739852756261826
0,riemannian manifolds,,0.5239627361297607,"0.2495, 0.2500, 0.1668, 0.1668, 0.1668",0.9993796290364116
0,amazon prime video,,0.505723774433136,"0.2322, 0.2484, 0.2497, 0.1348, 0.1348",0.8723700642585754
0,path expression language,,0.522847592830658,"0.2500, 0.2500, 0.2484, 0.1258, 0.1258",0.8255061507225037
0,oriented decomposition,,0.5276334285736084,"0.2396, 0.2500, 0.1701, 0.1701, 0.1701",0.7428902387619019
0,software design description,,0.5239466428756714,"0.2500, 0.2500, 0.2499, 0.1250, 0.1250",0.6146649718284607
0,block diagram,,0.5194751620292664,"0.1149, 0.2500, 0.2117, 0.2117, 0.2117",0.7633145749568939
0,matrix splitting,,0.523842990398407,"0.2500, 0.2499, 0.1667, 0.1667, 0.1667",0.993305659852922
0,software craftsmanship,,0.5237234830856323,"0.2500, 0.2498, 0.1667, 0.1667, 0.1667",0.5192316472530365
0,network integration design,,0.524036705493927,"0.2499, 0.2500, 0.2500, 0.1251, 0.1251",0.6927649080753326
0,empirical eigenfunction decomposition,,0.5325199961662292,"0.2426, 0.2500, 0.2500, 0.1287, 0.1287",0.7993006706237793
0,sterngerlach experiment,,0.5169104337692261,"0.2355, 0.2498, 0.1715, 0.1715, 0.1715",0.7533494681119919
0,metric structures,,0.5239942669868469,"0.2499, 0.2500, 0.1667, 0.1667, 0.1667",0.8532090783119202
0,hierarchical database modelit,,0.5239861011505127,"0.2500, 0.2500, 0.2500, 0.1250, 0.1250",0.7800697535276413
0,primitive components,,0.521670937538147,"0.2492, 0.2495, 0.1671, 0.1671, 0.1671",0.759653627872467
0,evidence toolkit,,0.5306239724159241,"0.1356, 0.2500, 0.2048, 0.2048, 0.2048",0.6518976092338562
0,document pattern,,0.5217061042785645,"0.2469, 0.2499, 0.1677, 0.1677, 0.1677",0.8240067660808563
0,technology information,,0.5185765027999878,"0.2498, 0.2455, 0.1682, 0.1682, 0.1682",0.3838549256324768
0,browser exploit,,0.5257221460342407,"0.2500, 0.2481, 0.1673, 0.1673, 0.1673",0.8077507019042969
0,conquer algorithm,,0.5094053149223328,"0.1133, 0.2500, 0.2122, 0.2122, 0.2122",0.773462325334549
0,mrf  markov network,,0.5248372554779053,"0.2494, 0.1253, 0.2500, 0.2499, 0.1253",0.6965922117233276
0,random permutation,,0.5231592655181885,"0.2390, 0.2490, 0.1706, 0.1706, 0.1706",0.903156690299511
0,plate notation,,0.5240787863731384,"0.2499, 0.2495, 0.1669, 0.1669, 0.1669",0.8655395358800888
0,molecular biology,,0.5239773988723755,"0.2500, 0.2499, 0.1667, 0.1667, 0.1667",0.696788102388382
