IfCS,Phrase,Correct,Probablity,Attention,Distance
1,neurocomputational speech processing,,0.9578623175621033,"0.2241, 0.2241, 0.2184, 0.2454, 0.0880",0.7381908297538757
1,raspberry pi,,0.6444881558418274,"0.2378, 0.2378, 0.2378, 0.0617, 0.2249",0.8317938297986984
1,graph polynomial,,0.9870579242706299,"0.2416, 0.2416, 0.2416, 0.1349, 0.1402",0.8128493279218674
1,kernel function,,1.0708675384521484,"0.2418, 0.2418, 0.2418, 0.2025, 0.0722",0.8845811635255814
1,spectral methods,,0.5547106862068176,"0.2374, 0.2374, 0.2374, 0.2135, 0.0744",0.9304465502500534
1,correlation network,,0.8157092928886414,"0.2438, 0.2438, 0.2438, 0.0764, 0.1923",0.7460561096668243
1,bayes network,,0.7300382852554321,"0.2333, 0.2333, 0.2333, 0.1363, 0.1637",0.7887977957725525
1,parallel computing,,0.8251888751983643,"0.2431, 0.2431, 0.2431, 0.2031, 0.0676",0.5392701029777527
1,systems architecture,,0.5168846249580383,"0.2277, 0.2277, 0.2277, 0.1456, 0.1713",0.4922088384628296
1,vector machine models,,0.865542471408844,"0.2432, 0.2432, 0.2166, 0.1853, 0.1116",0.7458483278751373
1,modal interpretations,,0.5330001711845398,"0.2151, 0.2151, 0.2151, 0.1854, 0.1694",0.907476082444191
1,evaluate computer software,,0.6950482726097107,"0.2487, 0.2487, 0.2281, 0.1494, 0.1251",0.42213892936706543
1,statistical language model,,0.8385631442070007,"0.2377, 0.2377, 0.1747, 0.2070, 0.1429",0.6506920158863068
1,natural language processing,,0.8853575587272644,"0.2402, 0.2402, 0.2045, 0.2002, 0.1148",0.6512101888656616
1,linear bayesian svm,,1.085669994354248,"0.2471, 0.2471, 0.2060, 0.1943, 0.1056",0.8521299213171005
1,input signal,,0.6965714693069458,"0.2208, 0.2208, 0.2208, 0.1831, 0.1546",0.7930375635623932
1,random projection,,0.6020025610923767,"0.2187, 0.2187, 0.2187, 0.1572, 0.1866",0.835306242108345
1,internet protocol suite,,0.7663387060165405,"0.2468, 0.2468, 0.0543, 0.2210, 0.2310",0.7040789723396301
1,human learning,,0.5085163712501526,"0.2224, 0.2224, 0.2224, 0.2148, 0.1179",0.7032551169395447
1,meldable heap,,0.5213798880577087,"0.2333, 0.2333, 0.2333, 0.1389, 0.1612",0.8133729696273804
1,cognitive architecture,,0.8160683512687683,"0.2249, 0.2249, 0.2249, 0.1161, 0.2092",0.5949253439903259
1,empirical eigenfunction decomposition,,0.7173054814338684,"0.2444, 0.2444, 0.1587, 0.2049, 0.1477",0.7993006706237793
1,dynamic compilation,,0.7339900732040405,"0.2391, 0.2391, 0.2391, 0.2080, 0.0747",0.7855334430932999
1,training data,,0.682849645614624,"0.2324, 0.2324, 0.2324, 0.2261, 0.0766",0.6179344654083252
1,maximin model,,0.6642292141914368,"0.2261, 0.2261, 0.2261, 0.1783, 0.1433",0.7748386710882187
1,user interfaces,,0.8309096097946167,"0.2350, 0.2350, 0.2350, 0.0921, 0.2029",0.6921988129615784
1,block cipher,,0.6871190667152405,"0.2221, 0.2221, 0.2221, 0.1902, 0.1435",0.903949998319149
1,compiler optimization,,1.0510032176971436,"0.2368, 0.2368, 0.2368, 0.1067, 0.1830",0.7419476509094238
1,random binary tree,,1.1950023174285889,"0.2451, 0.2451, 0.1793, 0.1840, 0.1465",0.7574417144060135
1,feedback loop,,0.7715102434158325,"0.2226, 0.2226, 0.2226, 0.1962, 0.1360",0.8625084757804871
1,compressed sensing,,0.9367807507514954,"0.2391, 0.2391, 0.2391, 0.1799, 0.1028",0.8315271586179733
1,stochastic version,,0.9017602801322937,"0.2388, 0.2388, 0.2388, 0.2139, 0.0698",0.7587397694587708
1,differentiable neural computers,,0.9435770511627197,"0.2471, 0.2471, 0.1928, 0.1610, 0.1520",0.5031280815601349
1,business analysis,,0.5697253346443176,"0.2327, 0.2327, 0.2327, 0.1535, 0.1485",0.6603339314460754
1,ridge regression,,0.6590555310249329,"0.2309, 0.2309, 0.2309, 0.1834, 0.1240",0.933069258928299
1,code space,,1.0686736106872559,"0.2299, 0.2299, 0.2299, 0.1094, 0.2008",0.8324073255062103
1,normal discriminant analysis,,0.6066198945045471,"0.2351, 0.2351, 0.2347, 0.1568, 0.1383",0.8537212312221527
1,simulated neurons,,0.5510014891624451,"0.2269, 0.2269, 0.2269, 0.2096, 0.1097",0.7434898614883423
1,orthogonal decomposition,,0.7911863923072815,"0.2311, 0.2311, 0.2311, 0.1825, 0.1241",0.9358502775430679
1,design pattern,,0.6273396611213684,"0.2319, 0.2319, 0.2319, 0.1982, 0.1059",0.7093701958656311
1,circulant matrix,,0.6548267602920532,"0.2319, 0.2319, 0.2319, 0.1098, 0.1946",0.9559728689491749
1,layered network architecture,,0.8674730062484741,"0.2359, 0.2359, 0.1418, 0.1576, 0.2288",0.7048912942409515
1,latent semantic analysis,,0.7859306335449219,"0.2401, 0.2401, 0.2078, 0.1615, 0.1505",0.6875696182250977
1,text analysis,,0.6294887661933899,"0.2243, 0.2243, 0.2243, 0.1841, 0.1431",0.6939219832420349
1,implementation language,,0.5735097527503967,"0.2350, 0.2350, 0.2350, 0.1228, 0.1721",0.6731508672237396
1,autonomous processing nodes,,0.8894405961036682,"0.2410, 0.2410, 0.2201, 0.1353, 0.1626",0.6897345781326294
1,directed graph,,0.9297360181808472,"0.2321, 0.2321, 0.2321, 0.1794, 0.1244",0.7661553770303726
1,technology database,,0.8366778492927551,"0.2463, 0.2463, 0.2463, 0.0821, 0.1789",0.4554101228713989
1,order logic,,0.635788083076477,"0.2206, 0.2206, 0.2206, 0.2363, 0.1018",0.8254072368144989
1,graph theory,,1.016179084777832,"0.2350, 0.2350, 0.2350, 0.1156, 0.1793",0.7187803089618683
1,tree contraction,,0.9814512729644775,"0.2309, 0.2309, 0.2309, 0.1121, 0.1952",0.9148218110203743
1,programming languages,,0.8462087512016296,"0.2333, 0.2333, 0.2333, 0.1539, 0.1461",0.6155616343021393
1,dimensional space,,0.6602132320404053,"0.2225, 0.2225, 0.2225, 0.1368, 0.1956",0.9139092266559601
1,concurrent algorithm,,0.8938351273536682,"0.2409, 0.2409, 0.2409, 0.1046, 0.1726",0.8102773427963257
1,deterministic algorithm,,1.0266497135162354,"0.2349, 0.2349, 0.2349, 0.1934, 0.1020",0.7330938279628754
1,artificial neural networks,,1.2611372470855713,"0.2483, 0.2483, 0.1814, 0.1430, 0.1790",0.6891476511955261
1,fuzzy control systems,,0.6534143090248108,"0.2295, 0.2295, 0.2030, 0.2074, 0.1306",0.7839367091655731
1,digital data,,0.8880698084831238,"0.2476, 0.2476, 0.2476, 0.1134, 0.1438",0.5145390033721924
1,directed networks,,0.766778290271759,"0.2275, 0.2275, 0.2275, 0.1733, 0.1443",0.704090416431427
1,polygraphic substitution,,0.5725858807563782,"0.2434, 0.2434, 0.2434, 0.1474, 0.1224",0.7767544239759445
1,ridge functions,,0.6130639910697937,"0.2358, 0.2358, 0.2358, 0.1662, 0.1264",0.9288051575422287
1,intelligent machines,,0.6465428471565247,"0.2285, 0.2285, 0.2285, 0.1659, 0.1486",0.47041934728622437
1,binary search tree algorithm,,1.0541889667510986,"0.2480, 0.2017, 0.1960, 0.1772, 0.1771",0.7622043937444687
1,abstract framework,,0.5199397206306458,"0.2403, 0.2403, 0.2403, 0.2236, 0.0554",0.8188519030809402
1,fuzzy sets,,0.7898915410041809,"0.2257, 0.2257, 0.2257, 0.1625, 0.1604",0.9588692970573902
1,probability distribution,,0.9697012901306152,"0.2327, 0.2327, 0.2327, 0.2261, 0.0757",0.7930191308259964
1,value distribution,,0.6244649887084961,"0.2242, 0.2242, 0.2242, 0.2155, 0.1120",0.8322124034166336
1,probability distributions,,0.9655203223228455,"0.2331, 0.2331, 0.2331, 0.2249, 0.0759",0.8049749284982681
1,statistical computing,,0.8922256231307983,"0.2468, 0.2468, 0.2468, 0.1727, 0.0869",0.5098395645618439
1,data center,,0.7990233302116394,"0.2405, 0.2405, 0.2405, 0.0840, 0.1946",0.645858883857727
1,symbolic-numeric computation,,0.7729367017745972,"0.2391, 0.2391, 0.2391, 0.1253, 0.1575",0.6656303703784943
1,based learning,,0.5420547127723694,"0.2427, 0.2427, 0.2427, 0.1766, 0.0953",0.6836716830730438
1,monte carlo algorithm,,0.7524885535240173,"0.2330, 0.2330, 0.1723, 0.2140, 0.1479",0.7783638089895248
1,humancomputer interfaces,,1.0489392280578613,"0.2387, 0.2387, 0.2387, 0.0958, 0.1880",0.5212525427341461
1,data structure,,1.021226406097412,"0.2388, 0.2388, 0.2388, 0.0588, 0.2248",0.6624204516410828
1,encrypted data,,0.824859082698822,"0.2434, 0.2434, 0.2434, 0.1567, 0.1131",0.8790778666734695
1,application design,,0.8366356492042542,"0.2296, 0.2296, 0.2296, 0.1491, 0.1620",0.617748886346817
1,clipper processors,,0.8775826096534729,"0.2313, 0.2313, 0.2313, 0.1103, 0.1956",0.673807829618454
1,kernel machines,,0.7847718596458435,"0.2314, 0.2314, 0.2314, 0.1676, 0.1381",0.733578622341156
1,unsupervised learning algorithm,,1.0575196743011475,"0.2441, 0.2441, 0.1972, 0.1345, 0.1802",0.7999037355184555
1,adjacency list data structure,,0.543535053730011,"0.2445, 0.2133, 0.1914, 0.1196, 0.2312",0.8217469453811646
1,meta learning,,0.7061060070991516,"0.2392, 0.2392, 0.2392, 0.1969, 0.0856",0.7611471712589264
1,dimensional generalization,,0.5481280088424683,"0.2283, 0.2283, 0.2283, 0.2109, 0.1042",0.8243590891361237
1,bit sequences,,0.507534921169281,"0.2300, 0.2300, 0.2300, 0.2041, 0.1060",0.8487864583730698
1,markov chain monte carlo sampler,,0.5421470403671265,"0.2314, 0.2073, 0.1864, 0.2188, 0.1561",0.7895614355802536
1,quantum data,,0.8877248764038086,"0.2368, 0.2368, 0.2368, 0.2377, 0.0519",0.6962906122207642
1,specification language,,0.7063820958137512,"0.2239, 0.2239, 0.2239, 0.1718, 0.1566",0.681461900472641
1,compression schemes,,0.7640126347541809,"0.2374, 0.2374, 0.2374, 0.2140, 0.0738",0.8247832357883453
1,matrix structures,,0.5311226844787598,"0.2078, 0.2078, 0.2078, 0.1728, 0.2038",0.9225160181522369
1,state machine,,0.570857584476471,"0.2191, 0.2191, 0.2191, 0.2046, 0.1383",0.616494208574295
1,computational cognitive psychology,,0.8313370943069458,"0.2330, 0.2330, 0.2081, 0.1194, 0.2066",0.6060127019882202
1,linear relationships,,0.7047805190086365,"0.2340, 0.2340, 0.2340, 0.0904, 0.2074",0.893699049949646
1,plane sweep algorithm,,0.8278432488441467,"0.2352, 0.2352, 0.2400, 0.1802, 0.1094",0.8420726358890533
1,spectral method,,0.6483249664306641,"0.2378, 0.2378, 0.2378, 0.2165, 0.0702",0.9327636212110519
1,javascript v8 engine,,0.693897545337677,"0.2323, 0.2323, 0.2361, 0.1459, 0.1533",0.7791742384433746
1,hidden layers,,0.5404271483421326,"0.2177, 0.2177, 0.2177, 0.1535, 0.1935",0.8702973574399948
1,linear equality,,0.7079399228096008,"0.2371, 0.2371, 0.2371, 0.1084, 0.1802",0.921931691467762
1,sweep line algorithm,,0.8203105330467224,"0.2373, 0.2373, 0.1682, 0.1863, 0.1709",0.8661180585622787
1,software pipelining,,0.9687520861625671,"0.2441, 0.2441, 0.2441, 0.0318, 0.2359",0.6564265191555023
1,sample space,,0.7875913977622986,"0.2312, 0.2312, 0.2312, 0.1109, 0.1955",0.7812630832195282
1,probabilistic parsing mechanism,,0.8649517893791199,"0.2450, 0.2450, 0.1912, 0.1665, 0.1522",0.7682482600212097
1,parallel algorithm,,0.7834092974662781,"0.2289, 0.2289, 0.2289, 0.1731, 0.1402",0.7384406626224518
1,expression computational intelligence,,0.892713189125061,"0.2396, 0.2396, 0.1556, 0.1819, 0.1835",0.5953657031059265
1,conditional probability distribution,,0.9331896305084229,"0.2391, 0.2391, 0.2136, 0.2224, 0.0858",0.8497893959283829
1,sequence labeling algorithms,,0.6228427886962891,"0.2466, 0.2466, 0.2205, 0.1350, 0.1513",0.8553395420312881
1,vector field,,0.576261579990387,"0.2277, 0.2277, 0.2277, 0.1761, 0.1407",0.9544727094471455
1,object-oriented design,,0.6312385201454163,"0.2240, 0.2240, 0.2240, 0.1900, 0.1380",0.6789301037788391
1,virtual machine,,0.7652190923690796,"0.2437, 0.2437, 0.2437, 0.0761, 0.1928",0.5894338190555573
1,knowledge base,,0.6024543642997742,"0.2409, 0.2409, 0.2409, 0.0401, 0.2372",0.6105843782424927
1,search algorithms,,0.7143669128417969,"0.2314, 0.2314, 0.2314, 0.1684, 0.1375",0.7651630640029907
1,distributed computing environment,,0.6958022713661194,"0.2488, 0.2488, 0.2018, 0.1600, 0.1407",0.6038064956665039
1,bit string,,0.5969210267066956,"0.2283, 0.2283, 0.2283, 0.1497, 0.1653",0.8936329334974289
1,relational database models,,1.0159357786178589,"0.2428, 0.2428, 0.1599, 0.1664, 0.1881",0.7890091985464096
1,logical data model,,0.9918040037155151,"0.2442, 0.2442, 0.2082, 0.1276, 0.1758",0.7416945397853851
1,block lanczos algorithm,,0.6332233548164368,"0.2173, 0.2173, 0.1913, 0.2031, 0.1710",0.8301389515399933
1,computer security,,1.0571624040603638,"0.2432, 0.2432, 0.2432, 0.0512, 0.2194",0.4986443519592285
1,mvc design pattern,,0.8359365463256836,"0.2449, 0.2449, 0.1920, 0.1990, 0.1192",0.7505625784397125
1,prediction model,,1.0293986797332764,"0.2356, 0.2356, 0.2356, 0.2132, 0.0800",0.8106850683689117
1,speech recognition,,1.037017583847046,"0.2274, 0.2274, 0.2274, 0.2485, 0.0691",0.8595774322748184
1,software vulnerabilities,,1.1970312595367432,"0.2477, 0.2477, 0.2477, 0.0556, 0.2012",0.6716825067996979
1,implicit euler method,,0.5057432055473328,"0.2334, 0.2334, 0.2124, 0.2102, 0.1105",0.9642040319740772
1,asymptotic analysis,,0.7482697367668152,"0.2314, 0.2314, 0.2314, 0.1957, 0.1102",0.8516676127910614
1,information system,,0.5211523175239563,"0.2374, 0.2374, 0.2374, 0.1076, 0.1801",0.42776691913604736
1,signal processing,,0.831802487373352,"0.2349, 0.2349, 0.2349, 0.1992, 0.0962",0.6710605025291443
1,pseudorandom number generators,,0.7720075249671936,"0.2412, 0.2412, 0.1416, 0.1878, 0.1881",0.8063062578439713
1,function evaluates,,0.6079927086830139,"0.2345, 0.2345, 0.2345, 0.1636, 0.1329",0.9312770888209343
1,logistic model,,0.7209060788154602,"0.2302, 0.2302, 0.2302, 0.1802, 0.1293",0.8007640838623047
1,logic gate,,0.8511760830879211,"0.2356, 0.2356, 0.2356, 0.1517, 0.1414",0.7434301972389221
1,lexicographic code,,0.9552080035209656,"0.2402, 0.2402, 0.2402, 0.1106, 0.1688",0.7920417934656143
1,sequential linear programming,,1.1349276304244995,"0.2478, 0.2478, 0.2195, 0.1329, 0.1520",0.7648961246013641
1,data streaming algorithms,,1.1074219942092896,"0.2488, 0.2488, 0.0792, 0.1929, 0.2303",0.7556091398000717
1,probabilistic relational model,,0.9341224431991577,"0.2415, 0.2415, 0.1928, 0.1642, 0.1600",0.7836848199367523
1,digital signal processing,,0.899979293346405,"0.2471, 0.2471, 0.1071, 0.2184, 0.1803",0.6302083432674408
1,user virtualization,,0.9458338618278503,"0.2404, 0.2404, 0.2404, 0.1659, 0.1128",0.6384157538414001
1,radial functions,,0.6158708930015564,"0.2384, 0.2384, 0.2384, 0.2132, 0.0715",0.9381391406059265
1,affective computing,,0.7311314940452576,"0.2353, 0.2353, 0.2353, 0.2298, 0.0643",0.5247583091259003
1,stochastic gradient descent,,1.3108631372451782,"0.2425, 0.2425, 0.2315, 0.1675, 0.1160",0.8650411069393158
1,neural networks,,1.4372944831848145,"0.2442, 0.2442, 0.2442, 0.1176, 0.1498",0.655025988817215
1,fuzzy class,,0.7461585998535156,"0.2129, 0.2129, 0.2129, 0.1502, 0.2110",0.8034821152687073
1,case gradient descent,,0.6509390473365784,"0.2311, 0.2311, 0.1894, 0.1889, 0.1596",0.8750094473361969
1,internet routing registry,,0.8306445479393005,"0.2481, 0.2481, 0.0432, 0.2275, 0.2332",0.8287085443735123
1,variational inference,,1.131155252456665,"0.2371, 0.2371, 0.2371, 0.2315, 0.0570",0.8547191470861435
1,data base model,,1.0118865966796875,"0.2401, 0.2401, 0.0771, 0.2367, 0.2060",0.7494252324104309
1,software engineering body,,0.8977605700492859,"0.2449, 0.2449, 0.0505, 0.2111, 0.2487",0.44982725381851196
1,convolutional neural networks,,1.253564715385437,"0.2481, 0.2481, 0.1713, 0.1527, 0.1797",0.781034916639328
1,image processing,,0.771619975566864,"0.2215, 0.2215, 0.2215, 0.2237, 0.1119",0.7625307738780975
1,rational data type,,0.640205442905426,"0.2425, 0.2425, 0.2391, 0.1101, 0.1657",0.6542525589466095
1,topos theory,,0.6067659258842468,"0.2223, 0.2223, 0.2223, 0.1632, 0.1698",0.7153179049491882
1,observation function,,0.7017024755477905,"0.2339, 0.2339, 0.2339, 0.2277, 0.0707",0.7403550446033478
1,natural computation,,0.671360194683075,"0.2329, 0.2329, 0.2329, 0.1574, 0.1439",0.5654555261135101
1,decision network,,0.7738640904426575,"0.2349, 0.2349, 0.2349, 0.1481, 0.1472",0.6775503754615784
1,binary space partitioning,,0.9726256728172302,"0.2401, 0.2401, 0.1126, 0.2102, 0.1971",0.8590690791606903
1,joint density matrix,,0.707625687122345,"0.2203, 0.2203, 0.1468, 0.2211, 0.1915",0.9427706561982632
1,discriminant function analysis,,0.8295929431915283,"0.2441, 0.2441, 0.1935, 0.1690, 0.1493",0.7752524316310883
1,ocaml languages,,0.5448337197303772,"0.2208, 0.2208, 0.2208, 0.1542, 0.1834",0.7901014983654022
1,dynamic array,,0.7106320261955261,"0.2267, 0.2267, 0.2267, 0.1901, 0.1297",0.9607620649039745
1,greedy algorithm,,0.6798263192176819,"0.2214, 0.2214, 0.2214, 0.2093, 0.1267",0.8363716155290604
1,algorithmic complexity theory,,0.815528154373169,"0.2387, 0.2387, 0.2046, 0.2082, 0.1097",0.7372577488422394
1,authentication mechanism,,0.5232027173042297,"0.2373, 0.2373, 0.2373, 0.1017, 0.1864",0.8157490938901901
1,biological data,,0.7146880626678467,"0.2405, 0.2405, 0.2405, 0.1872, 0.0914",0.6737802028656006
1,anderberg algorithms,,0.7600969076156616,"0.2253, 0.2253, 0.2253, 0.1971, 0.1270",0.779961496591568
1,artificial neurons stochastic transfer functions,,0.5589209198951721,"0.2248, 0.2193, 0.2245, 0.1661, 0.1653",0.7841873914003372
1,perl programming,,0.6563844084739685,"0.2334, 0.2334, 0.2334, 0.1448, 0.1552",0.7985773682594299
1,information graphics,,0.6347642540931702,"0.2401, 0.2401, 0.2401, 0.0939, 0.1858",0.5575945377349854
1,dimensional complexity theory,,0.6031284928321838,"0.2305, 0.2305, 0.2108, 0.2110, 0.1172",0.810402438044548
1,standard computer algorithms,,0.8405047655105591,"0.2460, 0.2460, 0.1740, 0.1281, 0.2059",0.4995913505554199
1,virtual world,,0.5411208868026733,"0.2417, 0.2417, 0.2417, 0.0767, 0.1982",0.6465910971164703
1,digital  web pages,,0.8724205493927002,"0.2489, 0.0809, 0.2489, 0.1827, 0.2387",0.6059304177761078
1,complexity theory,,0.500913143157959,"0.2118, 0.2118, 0.2118, 0.2160, 0.1484",0.710585743188858
1,message authentication codes,,0.8479615449905396,"0.2434, 0.2434, 0.1890, 0.1352, 0.1890",0.8888479471206665
1,binary operation,,0.557353138923645,"0.2315, 0.2315, 0.2315, 0.1817, 0.1237",0.7852846384048462
1,computer program source code,,0.6662693619728088,"0.2488, 0.1738, 0.1912, 0.1734, 0.2129",0.4637451767921448
1,program optimization,,0.9173579216003418,"0.2316, 0.2316, 0.2316, 0.1216, 0.1836",0.6612890958786011
1,situ matrix transposition,,0.6035130620002747,"0.2321, 0.2321, 0.1666, 0.1954, 0.1738",0.9784544762223959
1,optimizing compiler,,0.6405362486839294,"0.2374, 0.2374, 0.2374, 0.2175, 0.0702",0.6958943605422974
1,computational systems,,0.521748960018158,"0.2311, 0.2311, 0.2311, 0.2054, 0.1015",0.5226759314537048
1,mobile software agent,,1.037125825881958,"0.2450, 0.2450, 0.2117, 0.0710, 0.2273",0.8221447020769119
1,turing machine,,0.6648240089416504,"0.2304, 0.2304, 0.2304, 0.1752, 0.1335",0.5805822908878326
1,grading sentiment analysis,,0.5887141227722168,"0.2292, 0.2292, 0.2310, 0.2109, 0.0997",0.8379699289798737
1,quantum computing,,0.8741940259933472,"0.2390, 0.2390, 0.2390, 0.2375, 0.0456",0.6013470590114594
1,graph algorithms,,1.1764439344406128,"0.2403, 0.2403, 0.2403, 0.1312, 0.1480",0.7838331609964371
1,character encoding,,0.6487882137298584,"0.2221, 0.2221, 0.2221, 0.1880, 0.1457",0.8739133924245834
1,predictive model,,0.8155718445777893,"0.2368, 0.2368, 0.2368, 0.1769, 0.1128",0.7825815081596375
1,markov chain monte carlo,,0.6713126301765442,"0.2444, 0.2137, 0.1775, 0.1573, 0.2072",0.7770867943763733
1,computing power,,0.9312787055969238,"0.2406, 0.2406, 0.2406, 0.0432, 0.2350",0.43523913621902466
1,loop peeling,,0.5735385417938232,"0.2263, 0.2263, 0.2263, 0.1320, 0.1890",0.9119871184229851
1,stochastic diffusion search,,1.1290980577468872,"0.2442, 0.2442, 0.2199, 0.1680, 0.1238",0.7768457680940628
1,multi-label classification,,0.6309542059898376,"0.2268, 0.2268, 0.2268, 0.2020, 0.1177",0.8379846811294556
1,randomized meldable priority queue,,0.5511700510978699,"0.2288, 0.1981, 0.1839, 0.1973, 0.1919",0.8670157343149185
1,digital circuits,,0.9704598188400269,"0.2443, 0.2443, 0.2443, 0.0351, 0.2321",0.5685949921607971
1,search trees,,0.6519982814788818,"0.2281, 0.2281, 0.2281, 0.1620, 0.1536",0.7808373123407364
1,3d computer graphics,,1.1325905323028564,"0.2463, 0.2463, 0.1897, 0.1239, 0.1938",0.5644524991512299
1,sparse distributed memory,,1.0212867259979248,"0.2448, 0.2448, 0.2400, 0.0739, 0.1964",0.7924982458353043
1,sparse grid,,0.7912643551826477,"0.2328, 0.2328, 0.2328, 0.2325, 0.0692",0.8571809828281403
1,lightweight software,,0.8161652684211731,"0.2333, 0.2333, 0.2333, 0.2421, 0.0581",0.5747280120849609
1,logistic regression,,0.840701162815094,"0.2419, 0.2419, 0.2419, 0.1949, 0.0794",0.8763585463166237
1,probabilistic graphical model,,1.3862533569335938,"0.2459, 0.2459, 0.2079, 0.1637, 0.1367",0.6810436248779297
1,autonomic computing,,1.0630499124526978,"0.2439, 0.2439, 0.2439, 0.2205, 0.0479",0.5620947182178497
1,system matrix,,0.7919419407844543,"0.2321, 0.2321, 0.2321, 0.1483, 0.1552",0.7741265892982483
1,mathematical logic,,0.5916938781738281,"0.2263, 0.2263, 0.2263, 0.1895, 0.1316",0.7839742451906204
1,computer architecture courses,,1.0703988075256348,"0.2409, 0.2409, 0.0713, 0.2300, 0.2169",0.3830590844154358
1,randomizing function,,1.0108284950256348,"0.2401, 0.2401, 0.2401, 0.1866, 0.0932",0.8260356783866882
1,visual objects,,0.5763526558876038,"0.2343, 0.2343, 0.2343, 0.1216, 0.1754",0.6785833537578583
1,distributed artificial intelligence,,0.8680025339126587,"0.2459, 0.2459, 0.1587, 0.1487, 0.2007",0.6574107706546783
1,binary tree,,1.3142403364181519,"0.2401, 0.2401, 0.2401, 0.1634, 0.1164",0.7312394380569458
1,normalized compression distance,,1.0659152269363403,"0.2296, 0.2296, 0.1660, 0.1524, 0.2224",0.9050332903862
1,computer science subfields,,0.8378657698631287,"0.2397, 0.2397, 0.0728, 0.2163, 0.2314",0.29570508003234863
1,software engineer,,1.127732515335083,"0.2455, 0.2455, 0.2455, 0.0423, 0.2213",0.5687660574913025
1,assembly language programmers,,0.9384836554527283,"0.2385, 0.2385, 0.2046, 0.1738, 0.1446",0.5336757898330688
1,online machine learning,,0.6320016980171204,"0.2447, 0.2447, 0.1719, 0.2127, 0.1260",0.5803017914295197
1,image file formats,,0.5659319162368774,"0.2366, 0.2366, 0.1940, 0.1220, 0.2109",0.885007306933403
1,google code,,0.8800806403160095,"0.2337, 0.2337, 0.2337, 0.1311, 0.1678",0.8613620400428772
1,viterbi algorithm,,0.8327736258506775,"0.2285, 0.2285, 0.2285, 0.1867, 0.1278",0.8209624290466309
1,domain method,,0.7247570157051086,"0.2380, 0.2380, 0.2380, 0.1506, 0.1353",0.8144780397415161
1,linear behavior,,0.5023639798164368,"0.2145, 0.2145, 0.2145, 0.1382, 0.2183",0.8255961984395981
1,linear discriminant function,,0.8615912795066833,"0.2475, 0.2475, 0.2009, 0.1686, 0.1355",0.8484081327915192
1,range encoding,,0.5898378491401672,"0.2207, 0.2207, 0.2207, 0.2343, 0.1037",0.867945060133934
1,compressed data,,1.1692544221878052,"0.2446, 0.2446, 0.2446, 0.1868, 0.0794",0.7851910144090652
1,time recurrent neural networks,,0.9247835278511047,"0.2480, 0.2060, 0.1854, 0.1690, 0.1917",0.7483715415000916
1,division algorithm,,0.6148833632469177,"0.2128, 0.2128, 0.2128, 0.2259, 0.1357",0.7862402498722076
1,code points,,0.5497018694877625,"0.2204, 0.2204, 0.2204, 0.1535, 0.1853",0.8185900747776031
1,probabilistic relationships,,0.6474875807762146,"0.2254, 0.2254, 0.2254, 0.1365, 0.1872",0.7967346459627151
1,Log analysis,,0.9703291654586792,"0.2394, 0.2394, 0.2394, 0.1254, 0.1564",0.7025554478168488
1,business rule processing,,0.6097579598426819,"0.2369, 0.2369, 0.2016, 0.2001, 0.1245",0.7616131603717804
1,max-flow min-cut theorem,,0.514474093914032,"0.2274, 0.2274, 0.2139, 0.1833, 0.1479",0.9810319915413857
1,revision control software,,0.7707312107086182,"0.2475, 0.2475, 0.2283, 0.2190, 0.0578",0.7075917422771454
1,distributed algorithms,,1.1340746879577637,"0.2445, 0.2445, 0.2445, 0.1131, 0.1534",0.8020112365484238
1,type inference,,0.7287553548812866,"0.2329, 0.2329, 0.2329, 0.2007, 0.1005",0.7853030562400818
1,computational complexity theory,,0.8029108047485352,"0.2336, 0.2336, 0.2057, 0.2118, 0.1153",0.634421169757843
1,hierarchical database modelit,,1.0708458423614502,"0.2392, 0.2392, 0.2314, 0.1091, 0.1811",0.7800697535276413
1,dimensional vector space model,,0.7063762545585632,"0.2433, 0.2184, 0.1758, 0.1998, 0.1627",0.9165284037590027
1,factory method,,0.6105651259422302,"0.2342, 0.2342, 0.2342, 0.2095, 0.0878",0.6697765290737152
1,programming environments,,0.6713023781776428,"0.2329, 0.2329, 0.2329, 0.1700, 0.1312",0.6206164062023163
1,input error,,0.5663723349571228,"0.2305, 0.2305, 0.2305, 0.1870, 0.1214",0.9868149496614933
1,erp software,,0.8741025328636169,"0.2472, 0.2472, 0.2472, 0.1593, 0.0991",0.6237561702728271
1,multivariate linear regression,,1.36697518825531,"0.2479, 0.2479, 0.2333, 0.1775, 0.0934",0.9940470894798636
1,vector space,,0.8721979260444641,"0.2320, 0.2320, 0.2320, 0.1289, 0.1750",0.9250833168625832
1,linear objective function,,0.6857401728630066,"0.2441, 0.2441, 0.1880, 0.2128, 0.1110",0.9156737625598907
1,logic programming languages,,0.863023579120636,"0.2430, 0.2430, 0.2080, 0.1684, 0.1375",0.6500926613807678
1,numerical optimization,,0.5352425575256348,"0.2173, 0.2173, 0.2173, 0.2015, 0.1466",0.8515121340751648
1,database systems,,0.9763057827949524,"0.2403, 0.2403, 0.2403, 0.1185, 0.1606",0.6553821563720703
1,processing unit,,0.8088114857673645,"0.2270, 0.2270, 0.2270, 0.1413, 0.1779",0.6009846329689026
1,computer interaction,,0.867868959903717,"0.2317, 0.2317, 0.2317, 0.0717, 0.2332",0.36459892988204956
1,desktop computers,,0.6213191747665405,"0.2351, 0.2351, 0.2351, 0.1474, 0.1474",0.549475759267807
1,objective function,,0.5285431742668152,"0.2236, 0.2236, 0.2236, 0.2135, 0.1156",0.8948633074760437
1,joint probability distribution,,0.8662833571434021,"0.2259, 0.2259, 0.2169, 0.2274, 0.1038",0.8485342562198639
1,static compilation,,0.6754332780838013,"0.2384, 0.2384, 0.2384, 0.1912, 0.0935",0.7601277381181717
1,compiler design,,1.0044407844543457,"0.2394, 0.2394, 0.2394, 0.1268, 0.1549",0.6752983927726746
1,gompertz curve,,0.9291665554046631,"0.2335, 0.2335, 0.2335, 0.1852, 0.1142",0.9787695687264204
1,private key,,0.6243848204612732,"0.2286, 0.2286, 0.2286, 0.1982, 0.1160",0.9248378649353981
1,static arrays,,0.600738525390625,"0.2214, 0.2214, 0.2214, 0.1534, 0.1825",0.901757501065731
1,correlation matrix,,0.8924071192741394,"0.2371, 0.2371, 0.2371, 0.1005, 0.1882",0.927961677312851
1,nonparametric bayesian models,,1.1335628032684326,"0.2391, 0.2391, 0.2312, 0.1887, 0.1019",0.9502221010625362
1,neural synapse,,1.077287197113037,"0.2456, 0.2456, 0.2456, 0.1604, 0.1028",0.8145119547843933
1,artificial intelligence,,0.7307204008102417,"0.2299, 0.2299, 0.2299, 0.1278, 0.1826",0.5834662914276123
1,functional architecture,,0.5781927704811096,"0.2218, 0.2218, 0.2218, 0.1274, 0.2070",0.6194872558116913
1,linear function,,1.1019034385681152,"0.2447, 0.2447, 0.2447, 0.1610, 0.1048",0.9153645113110542
1,programmable logic controller,,0.8482798933982849,"0.2405, 0.2405, 0.1894, 0.1693, 0.1602",0.652458667755127
1,functional quantum programming languages,,0.6787084937095642,"0.2406, 0.2057, 0.2379, 0.1823, 0.1335",0.6814414262771606
1,data objects,,0.7710065245628357,"0.2404, 0.2404, 0.2404, 0.0835, 0.1953",0.6974855661392212
1,ensemble learning method,,0.6587714552879333,"0.2417, 0.2417, 0.2412, 0.1619, 0.1135",0.8610852658748627
1,network browsing,,0.8582409024238586,"0.2339, 0.2339, 0.2339, 0.1018, 0.1966",0.640680581331253
1,algorithmic paradigm,,0.5253534913063049,"0.2448, 0.2448, 0.2448, 0.2277, 0.0379",0.6878574192523956
1,runtime environment,,0.5743419528007507,"0.2340, 0.2340, 0.2340, 0.1935, 0.1046",0.7851662486791611
1,viterbi decoder,,0.8408240079879761,"0.2302, 0.2302, 0.2302, 0.1684, 0.1409",0.8682866990566254
1,intelligence analysis,,0.6282841563224792,"0.2243, 0.2243, 0.2243, 0.2177, 0.1093",0.5776933133602142
1,managed code,,0.6240347027778625,"0.2358, 0.2358, 0.2358, 0.1454, 0.1472",0.7640836834907532
1,linear regression models,,1.1420425176620483,"0.2469, 0.2469, 0.2120, 0.1794, 0.1149",0.8907279595732689
1,automatic programming,,0.8173415064811707,"0.2398, 0.2398, 0.2398, 0.1483, 0.1323",0.6539797782897949
1,transfer data,,0.8473452925682068,"0.2445, 0.2445, 0.2445, 0.1665, 0.1000",0.751191645860672
1,virtual reality,,0.535208523273468,"0.2406, 0.2406, 0.2406, 0.0787, 0.1996",0.689164936542511
1,Factory method,,0.6105651259422302,"0.2342, 0.2342, 0.2342, 0.2095, 0.0878",0.6697765290737152
1,multilevel sampling system,,0.5360177159309387,"0.2393, 0.2393, 0.2369, 0.1861, 0.0984",0.8446784466505051
1,schnhagestrassen algorithm,,0.6173503994941711,"0.2140, 0.2140, 0.2140, 0.2167, 0.1413",0.8309512287378311
1,quadratic function,,1.130753993988037,"0.2434, 0.2434, 0.2434, 0.1660, 0.1038",0.8849980309605598
1,neural turing machines,,1.0035624504089355,"0.2432, 0.2432, 0.1691, 0.1750, 0.1696",0.6122940182685852
1,encryption keys,,0.6602686047554016,"0.2383, 0.2383, 0.2383, 0.1158, 0.1694",0.9023873209953308
1,numeric artificial neural networks,,1.0533819198608398,"0.2492, 0.2064, 0.1841, 0.1613, 0.1991",0.7058252096176147
1,statistical model,,0.7731621265411377,"0.2327, 0.2327, 0.2327, 0.1628, 0.1391",0.7490324676036835
1,digital computer,,0.9005127549171448,"0.2479, 0.2479, 0.2479, 0.0589, 0.1974",0.3547009825706482
1,jacobi method,,0.5232227444648743,"0.2262, 0.2262, 0.2262, 0.2179, 0.1034",0.8644520491361618
1,fully recurrent neural networks,,0.6674818992614746,"0.2462, 0.2139, 0.1814, 0.1672, 0.1914",0.7716940939426422
1,functional optimization,,0.5980718731880188,"0.2180, 0.2180, 0.2180, 0.1628, 0.1831",0.7968671321868896
1,microsoft windows application programming interface,,0.6817415952682495,"0.1061, 0.1929, 0.2218, 0.2351, 0.2441",0.5624828636646271
1,mutable array,,0.9209880828857422,"0.2244, 0.2244, 0.2244, 0.1589, 0.1679",0.8557378798723221
1,neural network,,1.4104456901550293,"0.2444, 0.2444, 0.2444, 0.0997, 0.1670",0.6238584816455841
1,digital camera,,0.874829888343811,"0.2433, 0.2433, 0.2433, 0.0360, 0.2340",0.8198548555374146
1,order function,,0.7518355846405029,"0.2340, 0.2340, 0.2340, 0.2398, 0.0583",0.8955929577350616
1,data analysis,,1.03759765625,"0.2443, 0.2443, 0.2443, 0.1106, 0.1565",0.5908973515033722
1,recurrent neural network,,1.1970466375350952,"0.2477, 0.2477, 0.1759, 0.1384, 0.1904",0.6838411092758179
1,graph traversal,,1.0887024402618408,"0.2409, 0.2409, 0.2409, 0.1143, 0.1630",0.7882435619831085
1,object code,,0.9069780111312866,"0.2326, 0.2326, 0.2326, 0.1502, 0.1519",0.7727648913860321
1,stack space,,1.1752204895019531,"0.2389, 0.2389, 0.2389, 0.0554, 0.2280",0.8332122415304184
1,memory dependence prediction,,0.8038509488105774,"0.2243, 0.2243, 0.1775, 0.2158, 0.1582",0.7178865969181061
1,compiler optimization technique,,0.7050901055335999,"0.2343, 0.2343, 0.1649, 0.2034, 0.1631",0.7302114963531494
1,call stack,,0.7282848954200745,"0.2335, 0.2335, 0.2335, 0.1712, 0.1285",0.8601631969213486
1,digital logic,,0.9623731970787048,"0.2441, 0.2441, 0.2441, 0.0625, 0.2051",0.5521730482578278
1,mit scheme,,0.6894715428352356,"0.2283, 0.2283, 0.2283, 0.2224, 0.0925",0.8489300757646561
1,truth table,,0.6518359184265137,"0.2266, 0.2266, 0.2266, 0.1549, 0.1653",0.8189127594232559
1,object oriented programming,,0.6131377816200256,"0.2398, 0.2398, 0.1803, 0.1814, 0.1587",0.6557906866073608
1,in-place matrix transposition,,0.503193736076355,"0.2249, 0.2249, 0.1617, 0.2042, 0.1842",0.997032119659707
1,graphical characters,,0.9122183918952942,"0.2326, 0.2326, 0.2326, 0.0963, 0.2060",0.7623158842325211
1,semantic hashing,,1.1917273998260498,"0.2358, 0.2358, 0.2358, 0.1377, 0.1547",0.8540636003017426
1,network integration design,,0.545019268989563,"0.2431, 0.2431, 0.1926, 0.1411, 0.1801",0.6927649080753326
1,file exchange protocol,,0.7624548673629761,"0.2481, 0.2481, 0.1024, 0.1689, 0.2325",0.7554742097854614
1,information theory,,0.6898670792579651,"0.2357, 0.2357, 0.2357, 0.0962, 0.1967",0.5151455998420715
1,subject-oriented programming,,0.8831961154937744,"0.2334, 0.2334, 0.2334, 0.1633, 0.1364",0.5243482887744904
1,bit array,,0.6581089496612549,"0.2253, 0.2253, 0.2253, 0.1702, 0.1540",0.8894147202372551
1,scientific computing,,0.7227039933204651,"0.2428, 0.2428, 0.2428, 0.2002, 0.0713",0.2580556273460388
1,data structures,,1.0687867403030396,"0.2400, 0.2400, 0.2400, 0.0518, 0.2282",0.6916598975658417
1,bayesian information,,0.8306833505630493,"0.2438, 0.2438, 0.2438, 0.1939, 0.0746",0.7517462968826294
1,evidence toolkit,,0.7507957816123962,"0.2413, 0.2413, 0.2413, 0.1768, 0.0994",0.6518976092338562
1,decision boundaries,,0.5735791921615601,"0.2197, 0.2197, 0.2197, 0.1746, 0.1663",0.8678209483623505
1,3d user interaction system,,0.6155992746353149,"0.2390, 0.2125, 0.1519, 0.2251, 0.1716",0.6586925089359283
1,matlab function symmmd,,0.5724969506263733,"0.2453, 0.2453, 0.2200, 0.1476, 0.1417",0.9086882993578911
1,logic program,,0.8618568778038025,"0.2399, 0.2399, 0.2399, 0.1904, 0.0899",0.6473451256752014
1,intelligent agent,,0.5997905135154724,"0.2296, 0.2296, 0.2296, 0.1514, 0.1598",0.777938187122345
1,data warehouse,,1.1474294662475586,"0.2405, 0.2405, 0.2405, 0.0667, 0.2118",0.5619381070137024
1,systems theory,,0.5295284390449524,"0.2304, 0.2304, 0.2304, 0.1814, 0.1273",0.6454194188117981
1,error detection,,0.8413548469543457,"0.2378, 0.2378, 0.2378, 0.1692, 0.1174",0.7396421432495117
1,floppy disk,,0.585621178150177,"0.2405, 0.2405, 0.2405, 0.1370, 0.1416",0.6776961386203766
1,cholesky decomposition,,0.6219497323036194,"0.2150, 0.2150, 0.2150, 0.1987, 0.1565",0.8875397890806198
1,higher-order logic,,0.5699470043182373,"0.2124, 0.2124, 0.2124, 0.2285, 0.1343",0.7645618468523026
1,application programming interface,,1.1684727668762207,"0.2452, 0.2452, 0.1333, 0.1620, 0.2144",0.634410947561264
1,clustering algorithms,,0.8644447922706604,"0.2353, 0.2353, 0.2353, 0.2193, 0.0747",0.777249276638031
1,random permutation model,,0.7768307328224182,"0.2290, 0.2290, 0.1908, 0.2023, 0.1490",0.874632403254509
1,generic programming,,0.6135233640670776,"0.2374, 0.2374, 0.2374, 0.1297, 0.1580",0.7586280554533005
1,document pattern,,0.757382333278656,"0.2330, 0.2330, 0.2330, 0.1435, 0.1574",0.8240067660808563
1,information technology,,0.5032168626785278,"0.2450, 0.2450, 0.2450, 0.1024, 0.1627",0.3491266965866089
1,linear equations,,0.7938023209571838,"0.2390, 0.2390, 0.2390, 0.1291, 0.1540",0.999839488446014
1,numeric computation,,0.6139971613883972,"0.2376, 0.2376, 0.2376, 0.1174, 0.1697",0.6660452783107758
1,convolutional code,,0.8700557351112366,"0.2381, 0.2381, 0.2381, 0.1420, 0.1436",0.8244468569755554
1,vector spaces,,0.6602704524993896,"0.2331, 0.2331, 0.2331, 0.1384, 0.1624",0.978525860235095
1,humancomputer interaction,,0.7436490654945374,"0.2210, 0.2210, 0.2210, 0.1213, 0.2158",0.49718165397644043
1,feature maps,,0.9137546420097351,"0.2413, 0.2413, 0.2413, 0.0611, 0.2149",0.8851295709609985
1,human-centered computing,,0.7925929427146912,"0.2376, 0.2376, 0.2376, 0.2286, 0.0585",0.5078363418579102
1,input data,,1.0705015659332275,"0.2413, 0.2413, 0.2413, 0.2187, 0.0573",0.7708985954523087
1,markov random field,,0.8728516697883606,"0.2370, 0.2370, 0.1954, 0.1577, 0.1727",0.8705627918243408
1,predictive analytics,,0.8008336424827576,"0.2462, 0.2462, 0.2462, 0.1851, 0.0763",0.7111316919326782
1,bayesian svms,,0.8787901401519775,"0.2399, 0.2399, 0.2399, 0.1941, 0.0861",0.8413764238357544
1,graphics processing unit,,1.0599288940429688,"0.2391, 0.2391, 0.1998, 0.1416, 0.1803",0.6084527969360352
1,computer learning,,1.0743142366409302,"0.2437, 0.2437, 0.2437, 0.1306, 0.1382",0.32777857780456543
1,boolean algebra,,0.6471131443977356,"0.2292, 0.2292, 0.2292, 0.1372, 0.1752",0.9247242882847786
1,balanced binary search trees,,0.5523102879524231,"0.2370, 0.2342, 0.1889, 0.1730, 0.1668",0.7667247205972672
1,data elements,,0.6645042300224304,"0.2387, 0.2387, 0.2387, 0.0853, 0.1986",0.7548768669366837
1,left stochastic matrix,,0.9047713875770569,"0.2194, 0.2194, 0.1953, 0.1927, 0.1731",0.9203634634613991
1,disk hardware encryption,,0.6728516221046448,"0.2482, 0.2482, 0.0353, 0.2296, 0.2388",0.7187012135982513
1,polynomial functions,,0.7683303952217102,"0.2443, 0.2443, 0.2443, 0.1740, 0.0931",0.9229496121406555
1,digital image processing,,0.8094078898429871,"0.2450, 0.2450, 0.0853, 0.2330, 0.1916",0.7083726823329926
1,theorem  computer science,,0.7736412882804871,"0.2433, 0.1657, 0.2433, 0.1192, 0.2284",0.3522565960884094
1,text retrieval,,0.694075882434845,"0.2250, 0.2250, 0.2250, 0.1635, 0.1615",0.8310850113630295
1,based machine learning,,0.5484115481376648,"0.2465, 0.2465, 0.2028, 0.2046, 0.0996",0.6134112775325775
1,neural networks training,,1.1668660640716553,"0.2437, 0.2437, 0.1417, 0.1584, 0.2125",0.720735490322113
1,distributed data stores,,0.9461307525634766,"0.2481, 0.2481, 0.1718, 0.1105, 0.2216",0.6810722947120667
1,handwriting recognition,,1.0273988246917725,"0.2421, 0.2421, 0.2421, 0.1917, 0.0820",0.7688311189413071
1,compilation error,,0.5952946543693542,"0.2424, 0.2424, 0.2424, 0.1302, 0.1425",0.8293861299753189
1,streaming data,,0.8635584712028503,"0.2432, 0.2432, 0.2432, 0.1501, 0.1203",0.7522254884243011
1,quantum graph states,,0.5567091107368469,"0.2254, 0.2254, 0.2277, 0.1379, 0.1837",0.8012595623731613
1,current databases,,0.7996678352355957,"0.2386, 0.2386, 0.2386, 0.1881, 0.0961",0.707059383392334
1,visual programming languages,,0.9300538301467896,"0.2464, 0.2464, 0.1616, 0.1794, 0.1663",0.5618718564510345
1,process pixel data,,0.548014223575592,"0.2465, 0.2465, 0.2331, 0.2287, 0.0453",0.6871035695075989
1,symbolic artificial intelligence,,0.554087221622467,"0.2380, 0.2380, 0.1983, 0.1374, 0.1883",0.632782906293869
1,distributed key generation,,0.6362109780311584,"0.2482, 0.2482, 0.1464, 0.1229, 0.2342",0.7583089619874954
1,log analysis,,0.9703290462493896,"0.2394, 0.2394, 0.2394, 0.1254, 0.1564",0.7025554478168488
1,static hashing,,0.9490392804145813,"0.2273, 0.2273, 0.2273, 0.1749, 0.1434",0.9048333466053009
1,binary splitting,,0.7360828518867493,"0.2289, 0.2289, 0.2289, 0.1271, 0.1861",0.8426481634378433
1,flow diagram,,0.6922385096549988,"0.2339, 0.2339, 0.2339, 0.1017, 0.1966",0.793484702706337
1,software implementations,,0.9337085485458374,"0.2465, 0.2465, 0.2465, 0.0809, 0.1795",0.6105431616306305
1,untyped tree structure,,0.990208089351654,"0.2400, 0.2400, 0.1884, 0.1243, 0.2073",0.8568557053804398
1,object code optimizer,,0.9261865615844727,"0.2309, 0.2309, 0.1777, 0.1770, 0.1835",0.7565330564975739
1,soft computing,,0.8047706484794617,"0.2307, 0.2307, 0.2307, 0.2403, 0.0675",0.4732034206390381
1,batch learning techniques,,0.5386133790016174,"0.2462, 0.2462, 0.2169, 0.1247, 0.1660",0.6937756538391113
1,decision model,,0.6470295786857605,"0.2166, 0.2166, 0.2166, 0.2127, 0.1375",0.7876954525709152
1,vector optimization,,0.8313789963722229,"0.2307, 0.2307, 0.2307, 0.1784, 0.1295",0.8818160817027092
1,scientific programming languages,,0.6206874251365662,"0.2396, 0.2396, 0.1958, 0.1761, 0.1490",0.41666924953460693
1,software engineers,,1.101881504058838,"0.2450, 0.2450, 0.2450, 0.0416, 0.2235",0.5234125256538391
1,evolutionary computation,,0.6068122982978821,"0.2212, 0.2212, 0.2212, 0.2196, 0.1168",0.6178157329559326
1,memory leaks,,0.8050121665000916,"0.2360, 0.2360, 0.2360, 0.1505, 0.1417",0.7792008817195892
1,boolean function,,0.9476436972618103,"0.2401, 0.2401, 0.2401, 0.1850, 0.0947",0.9474809616804123
1,data model,,1.0948115587234497,"0.2405, 0.2405, 0.2405, 0.1161, 0.1622",0.6869619488716125
1,supervised learning algorithm,,1.0311418771743774,"0.2467, 0.2467, 0.2087, 0.1164, 0.1816",0.756422683596611
1,support vector machines algorithm,,0.7247768640518188,"0.2427, 0.1938, 0.2160, 0.1948, 0.1528",0.7075481116771698
1,parallel tree contraction,,0.8758472800254822,"0.2374, 0.2374, 0.1824, 0.1377, 0.2050",0.8596222251653671
1,nearest neighbor algorithm,,0.6446464657783508,"0.2245, 0.2245, 0.2131, 0.1970, 0.1409",0.8547253906726837
1,sensor networks,,0.8334689736366272,"0.2336, 0.2336, 0.2336, 0.1681, 0.1312",0.6814642250537872
1,linear regression,,1.1269727945327759,"0.2444, 0.2444, 0.2444, 0.1752, 0.0917",0.9280003681778908
1,algorithmic information theory,,0.7320279479026794,"0.2468, 0.2468, 0.2221, 0.0908, 0.1936",0.6300432085990906
1,classification accuracy,,0.6904395222663879,"0.2275, 0.2275, 0.2275, 0.1701, 0.1475",0.6983828246593475
