IfCS,Phrase,Correct,Probablity,Attention,Distance
1,evolution strategies,,0.07196030020713806,"0.2032, 0.2032, 0.2032, 0.2259, 0.1645",0.7387398183345795
1,genetic representations,,0.44118767976760864,"0.2248, 0.2248, 0.2248, 0.1480, 0.1776",0.7971192598342896
1,automated space docking,,0.40590396523475647,"0.2435, 0.2435, 0.1175, 0.1982, 0.1973",0.7565741240978241
1,garbage collection,,0.3186701834201813,"0.2290, 0.2290, 0.2290, 0.1337, 0.1793",0.7780427634716034
1,logical unit,,0.40618327260017395,"0.2101, 0.2101, 0.2101, 0.1619, 0.2078",0.7795663326978683
1,structured svm,,0.49825185537338257,"0.2299, 0.2299, 0.2299, 0.2016, 0.1086",0.7335398197174072
1,abstract machines,,0.41474705934524536,"0.2164, 0.2164, 0.2164, 0.1919, 0.1590",0.5709852874279022
1,hamming distance,,0.1256011426448822,"0.1787, 0.1787, 0.1787, 0.2255, 0.2384",0.8256139308214188
1,speech tagging,,0.06868880987167358,"0.1711, 0.1711, 0.1711, 0.2469, 0.2398",0.9766284786164761
1,child nodes,,0.4268999993801117,"0.2147, 0.2147, 0.2147, 0.1466, 0.2093",0.9746012669056654
1,adjacency list,,0.3804406225681305,"0.2222, 0.2222, 0.2222, 0.1688, 0.1647",0.8822083249688148
1,size computation,,0.4080650508403778,"0.2087, 0.2087, 0.2087, 0.2271, 0.1469",0.6401002705097198
1,parsimonious reductions,,0.20780977606773376,"0.1994, 0.1994, 0.1994, 0.2088, 0.1930",0.8886450976133347
1,reduction systems,,0.24896493554115295,"0.2189, 0.2189, 0.2189, 0.2217, 0.1217",0.7506159991025925
1,division multiplexing,,0.24688956141471863,"0.2072, 0.2072, 0.2072, 0.2216, 0.1567",0.8260119259357452
1,operating system,,0.40126579999923706,"0.2341, 0.2341, 0.2341, 0.1230, 0.1747",0.6549340486526489
1,ip address pool,,0.43583807349205017,"0.2328, 0.2328, 0.1023, 0.1972, 0.2348",0.899247832596302
1,abstract data types,,0.38952624797821045,"0.2409, 0.2409, 0.2308, 0.1107, 0.1767",0.7687803506851196
1,fully connected layers,,0.10135896503925323,"0.2411, 0.2411, 0.1301, 0.1493, 0.2385",0.9060674831271172
1,functional presence engines,,0.1874977946281433,"0.2337, 0.2337, 0.2042, 0.1731, 0.1553",0.6342441737651825
1,local minima,,0.15292182564735413,"0.1822, 0.1822, 0.1822, 0.2416, 0.2118",0.9134656116366386
1,floor space,,0.28912585973739624,"0.1942, 0.1942, 0.1942, 0.1976, 0.2197",0.8155344575643539
1,dimensional real vector,,0.4085530936717987,"0.2348, 0.2348, 0.2182, 0.1791, 0.1330",0.913958877325058
1,nm matrix,,0.46979212760925293,"0.2045, 0.2045, 0.2045, 0.1973, 0.1893",0.9108942151069641
1,characteristic polynomial,,0.46773549914360046,"0.2355, 0.2355, 0.2355, 0.1506, 0.1430",0.8102921396493912
1,priority queue based data structure,,0.423615425825119,"0.2453, 0.2419, 0.1792, 0.1036, 0.2302",0.7958555370569229
1,statistical mechanics,,0.373543918132782,"0.2167, 0.2167, 0.2167, 0.1149, 0.2351",0.7010880410671234
1,linear combinations,,0.2240319550037384,"0.2429, 0.2429, 0.2429, 0.1827, 0.0885",0.9383814260363579
1,main stack register,,0.47405919432640076,"0.2469, 0.2469, 0.1424, 0.1498, 0.2139",0.8243567496538162
1,scientific study,,0.16680438816547394,"0.2186, 0.2186, 0.2186, 0.1930, 0.1513",0.48096370697021484
1,matroid problems,,0.30597057938575745,"0.2230, 0.2230, 0.2230, 0.1668, 0.1641",0.9988733903737739
1,enhanced double hashing,,0.06815765798091888,"0.2177, 0.2177, 0.1121, 0.2341, 0.2184",0.9204500019550323
1,time delays,,0.39342832565307617,"0.2240, 0.2240, 0.2240, 0.1451, 0.1829",0.8472709953784943
1,plane sweep,,0.3220917582511902,"0.2082, 0.2082, 0.2082, 0.2354, 0.1400",0.877670057117939
1,hardware technologies,,0.33475643396377563,"0.2364, 0.2364, 0.2364, 0.1769, 0.1140",0.4611091613769531
1,radix sort,,0.28038766980171204,"0.1924, 0.1924, 0.1924, 0.2142, 0.2086",0.8790292665362358
1,gaming systems,,0.2629653513431549,"0.2159, 0.2159, 0.2159, 0.1821, 0.1704",0.56203892827034
1,phase distinction,,0.0,"0.2206, 0.2206, 0.2206, 0.2358, 0.1023",0.9287430346012115
1,entropy calculations,,0.3283872604370117,"0.1963, 0.1963, 0.1963, 0.2232, 0.1880",0.8029078096151352
1,combinatorial optimization problems,,0.23050609230995178,"0.2384, 0.2384, 0.2154, 0.2018, 0.1060",0.8471431881189346
1,logical calculi,,0.2726074755191803,"0.2258, 0.2258, 0.2258, 0.1727, 0.1498",0.8086384236812592
1,bernstein polynomial,,0.4062947630882263,"0.2228, 0.2228, 0.2228, 0.1784, 0.1533",0.8610323965549469
1,joint density,,0.2981227934360504,"0.1984, 0.1984, 0.1984, 0.1798, 0.2250",0.9324682131409645
1,least linear,,0.40768957138061523,"0.2204, 0.2204, 0.2204, 0.2092, 0.1296",0.8712161779403687
1,dimensional optimization problem,,0.27654242515563965,"0.2372, 0.2372, 0.2199, 0.1992, 0.1066",0.9346595704555511
1,imperative quantum programming languages,,0.466591477394104,"0.2376, 0.1958, 0.2372, 0.1883, 0.1412",0.6957063376903534
1,flowers method,,0.3838321268558502,"0.2319, 0.2319, 0.2319, 0.1912, 0.1130",0.9956754818558693
1,logical variables,,0.33582720160484314,"0.2380, 0.2380, 0.2380, 0.2044, 0.0817",0.9097379222512245
1,chi-square automatic interaction detection,,0.3296337425708771,"0.2350, 0.2416, 0.1850, 0.2291, 0.1092",0.797818586230278
1,machine ethics,,0.42596742510795593,"0.2294, 0.2294, 0.2294, 0.1394, 0.1723",0.6373469829559326
1,pigeonhole sort,,0.23234422504901886,"0.1870, 0.1870, 0.1870, 0.2363, 0.2029",0.9862829009070992
1,maximum likelihood,,0.24037766456604004,"0.1967, 0.1967, 0.1967, 0.2447, 0.1653",0.8571568429470062
1,ram usage,,0.216998890042305,"0.2263, 0.2263, 0.2263, 0.1838, 0.1373",0.7802511751651764
1,dma attacks,,0.39232537150382996,"0.2281, 0.2281, 0.2281, 0.0859, 0.2297",0.8683241456747055
1,amdahl's law,,0.06693445146083832,"0.1881, 0.1881, 0.1881, 0.2064, 0.2292",0.9632447473704815
1,acoustic model,,0.25869956612586975,"0.1895, 0.1895, 0.1895, 0.2416, 0.1898",0.7901722341775894
1,systems engineering,,0.24965232610702515,"0.2333, 0.2333, 0.2333, 0.1808, 0.1192",0.4601204991340637
1,Singleton pattern,,0.476550430059433,"0.2208, 0.2208, 0.2208, 0.2114, 0.1261",0.9980960543034598
1,medical imaging,,0.0,"0.2200, 0.2200, 0.2200, 0.1058, 0.2341",0.7719188630580902
1,computationally intractable,,0.0,"0.2260, 0.2260, 0.2260, 0.1894, 0.1325",0.6777459681034088
1,polynomial sequences,,0.443399041891098,"0.2393, 0.2393, 0.2393, 0.1901, 0.0920",0.8800050690770149
1,membership function,,0.45591306686401367,"0.2166, 0.2166, 0.2166, 0.1910, 0.1594",0.8983199223876
1,probability density proportional,,0.4929380416870117,"0.2248, 0.2248, 0.2381, 0.2246, 0.0877",0.8371136039495468
1,traditional convolutional layers,,0.37904128432273865,"0.2280, 0.2280, 0.2253, 0.1301, 0.1887",0.8846034035086632
1,audit trail records,,0.0018687285482883453,"0.2432, 0.2432, 0.1117, 0.1977, 0.2041",0.84254589676857
1,resizable array,,0.40375515818595886,"0.2246, 0.2246, 0.2246, 0.1827, 0.1437",0.9587380066514015
1,classification performance,,0.3600703179836273,"0.2032, 0.2032, 0.2032, 0.1618, 0.2286",0.7022674381732941
1,pattern matching,,0.1897621750831604,"0.2378, 0.2378, 0.2378, 0.2032, 0.0834",0.9382257796823978
1,economic game theory,,0.4612266719341278,"0.2291, 0.2291, 0.1519, 0.2046, 0.1852",0.8176433891057968
1,distributed object communication,,0.478468656539917,"0.2410, 0.2410, 0.1271, 0.1586, 0.2323",0.7494012117385864
1,quality metrics,,0.3214040994644165,"0.2197, 0.2197, 0.2197, 0.1532, 0.1878",0.774785116314888
1,n log n comparisons,,0.0,"0.2449, 0.1808, 0.1983, 0.1611, 0.2149",0.7884631007909775
1,matrix splitting,,0.4797261655330658,"0.2219, 0.2219, 0.2219, 0.1804, 0.1539",0.993305659852922
1,time complexity,,0.43496814370155334,"0.2064, 0.2064, 0.2064, 0.1654, 0.2155",0.730131208896637
1,continuous unimodal function,,0.08850276470184326,"0.2386, 0.2386, 0.1879, 0.1724, 0.1626",0.9210282862186432
1,knapsack problem,,0.17451012134552002,"0.2193, 0.2193, 0.2193, 0.1346, 0.2074",0.8748576492071152
1,portable distributed objects,,0.42251113057136536,"0.2234, 0.2234, 0.2188, 0.1326, 0.2017",0.6971624791622162
1,axiomatic set theory,,0.22701561450958252,"0.2310, 0.2310, 0.1946, 0.1614, 0.1820",0.9129715114831924
1,joint entropies,,0.0,"0.2071, 0.2071, 0.2071, 0.1513, 0.2275",0.9560722410678864
1,support vector machines,,0.4865199327468872,"0.2310, 0.2310, 0.1707, 0.1985, 0.1687",0.6459673047065735
1,descriptive statistics,,0.16811037063598633,"0.2096, 0.2096, 0.2096, 0.2051, 0.1662",0.7880958914756775
1,reward-based selection,,0.23171521723270416,"0.1971, 0.1971, 0.1971, 0.2270, 0.1817",0.8537029176950455
1,humanistic intelligence,,0.31757453083992004,"0.1900, 0.1900, 0.1900, 0.2220, 0.2081",0.7778071314096451
1,online information,,0.28076308965682983,"0.2403, 0.2403, 0.2403, 0.1208, 0.1583",0.6133410930633545
1,iterator concept,,0.49833717942237854,"0.2205, 0.2205, 0.2205, 0.2054, 0.1330",0.8134019672870636
1,conditional mutual information,,0.0310002900660038,"0.2463, 0.2463, 0.1707, 0.1530, 0.1838",0.7923843115568161
1,numerical operations,,0.21266821026802063,"0.2185, 0.2185, 0.2185, 0.2123, 0.1321",0.8578810542821884
1,nervous system,,0.4242715537548065,"0.2054, 0.2054, 0.2054, 0.2302, 0.1535",0.767600491642952
1,uniqueness theorem,,0.2875513732433319,"0.2204, 0.2204, 0.2204, 0.1528, 0.1861",0.9380317591130733
1,exact function,,0.45059287548065186,"0.2282, 0.2282, 0.2282, 0.1837, 0.1317",0.8575364947319031
1,prune and search,,0.0,"0.2404, 0.2404, 0.2197, 0.0782, 0.2211",0.8484828323125839
1,decision making problems,,0.0,"0.2423, 0.2423, 0.2280, 0.0916, 0.1957",0.8387999385595322
1,adaptive equalizer,,0.30507218837738037,"0.2134, 0.2134, 0.2134, 0.2036, 0.1562",0.8356883823871613
1,multiplexing technique,,0.22145947813987732,"0.2068, 0.2068, 0.2068, 0.1812, 0.1983",0.8373410850763321
1,runtime efficiency,,0.40751180052757263,"0.2113, 0.2113, 0.2113, 0.1563, 0.2098",0.705394059419632
1,amazon prime video,,0.4929012954235077,"0.2440, 0.2440, 0.1893, 0.1169, 0.2058",0.8723700642585754
1,pigeonhole sorting,,0.3540680706501007,"0.2040, 0.2040, 0.2040, 0.2330, 0.1551",0.9017622619867325
1,single core processors,,0.4708760380744934,"0.2141, 0.2141, 0.2086, 0.1670, 0.1963",0.7317091226577759
1,single nearest neighbor,,0.10615324974060059,"0.1728, 0.1728, 0.2155, 0.2239, 0.2149",0.9384680390357971
1,minimum degree algorithms,,0.4217018485069275,"0.2176, 0.2176, 0.2220, 0.1870, 0.1559",0.7500473260879517
1,industrial protocol,,0.4975237548351288,"0.2325, 0.2325, 0.2325, 0.1548, 0.1477",0.6384055912494659
1,adjacent vertices,,0.12701891362667084,"0.1983, 0.1983, 0.1983, 0.1783, 0.2269",0.9627114348113537
1,bitwise operation,,0.40772154927253723,"0.2334, 0.2334, 0.2334, 0.1767, 0.1231",0.8789294362068176
1,dma attack,,0.32405850291252136,"0.2170, 0.2170, 0.2170, 0.1099, 0.2390",0.8823098167777061
1,discrete mathematics,,0.4221406579017639,"0.2223, 0.2223, 0.2223, 0.1943, 0.1389",0.7996708154678345
1,eager learning,,0.428617924451828,"0.2246, 0.2246, 0.2246, 0.1995, 0.1268",0.743834912776947
1,polygraphic substitution systems,,0.4385615587234497,"0.2454, 0.2454, 0.1851, 0.1518, 0.1724",0.7438160181045532
1,analog filters,,0.4645771086215973,"0.2145, 0.2145, 0.2145, 0.2091, 0.1472",0.825563445687294
1,lookup tables,,0.45607224106788635,"0.2254, 0.2254, 0.2254, 0.1104, 0.2135",0.8126737475395203
1,arnoldi iteration,,0.16828632354736328,"0.1929, 0.1929, 0.1929, 0.2284, 0.1928",0.7422253489494324
1,counterclockwise rotation,,0.20319297909736633,"0.1969, 0.1969, 0.1969, 0.1759, 0.2333",0.9537345729768276
1,successive parabolic interpolation,,0.41254785656929016,"0.2344, 0.2344, 0.1698, 0.2121, 0.1493",0.9785442054271698
1,hurwitz stable,,0.12098963558673859,"0.1941, 0.1941, 0.1941, 0.2102, 0.2076",0.9395585991442204
1,fp discovery,,0.42470502853393555,"0.2412, 0.2412, 0.2412, 0.1533, 0.1231",0.6086243987083435
1,maximum-margin hyperplane,,0.40289822220802307,"0.1998, 0.1998, 0.1998, 0.1998, 0.2008",0.8674881011247635
1,iterative refinement,,0.26859739422798157,"0.2307, 0.2307, 0.2307, 0.1753, 0.1325",0.7224308848381042
1,k nearest neighbors,,0.1709607094526291,"0.1894, 0.1894, 0.1912, 0.2142, 0.2158",0.9733934123069048
1,degree matrix,,0.38237959146499634,"0.2102, 0.2102, 0.2102, 0.1724, 0.1971",0.8466027975082397
1,matrix equations,,0.4766586720943451,"0.2250, 0.2250, 0.2250, 0.2000, 0.1250",0.9679874517023563
1,krylov subspace,,0.36993685364723206,"0.2276, 0.2276, 0.2276, 0.1933, 0.1238",0.9129878655076027
1,markup languages,,0.40778085589408875,"0.2078, 0.2078, 0.2078, 0.1950, 0.1816",0.7743701785802841
1,hardware links,,0.3866705000400543,"0.2272, 0.2272, 0.2272, 0.1322, 0.1862",0.6870752274990082
1,transfer entropy,,0.4786825478076935,"0.2256, 0.2256, 0.2256, 0.0943, 0.2290",0.7967967838048935
1,fuzzy classification predicate,,0.34931960701942444,"0.2443, 0.2443, 0.2329, 0.2072, 0.0713",0.8366746157407761
1,modulo scheduling,,0.2865106463432312,"0.2300, 0.2300, 0.2300, 0.1376, 0.1725",0.8577289283275604
1,functional arguments,,0.2650274336338043,"0.2023, 0.2023, 0.2023, 0.1712, 0.2217",0.9451535530388355
1,data origin authentication,,0.46177938580513,"0.2488, 0.2488, 0.1873, 0.1646, 0.1505",0.8609321266412735
1,recursively dividing,,0.4576183557510376,"0.2350, 0.2350, 0.2350, 0.1668, 0.1281",0.8607188761234283
1,classic ad hoc,,0.0,"0.1872, 0.1872, 0.1752, 0.2200, 0.2304",0.8764177709817886
1,categorize unlabeled data,,0.45888379216194153,"0.2469, 0.2469, 0.2213, 0.2111, 0.0738",0.8614541590213776
1,physical qualities,,0.006082930602133274,"0.1693, 0.1693, 0.1693, 0.2485, 0.2435",0.8741080313920975
1,ecb mode,,0.26340746879577637,"0.2095, 0.2095, 0.2095, 0.1561, 0.2154",0.8324100524187088
1,hybrid merge sort,,0.27040889859199524,"0.2214, 0.2214, 0.1976, 0.1438, 0.2158",0.8225346207618713
1,desktop environment,,0.4961807429790497,"0.2218, 0.2218, 0.2218, 0.1890, 0.1455",0.6908991038799286
1,noise ratio,,0.12596723437309265,"0.1768, 0.1768, 0.1768, 0.2437, 0.2260",0.8262764513492584
1,computational physics,,0.4087294340133667,"0.2012, 0.2012, 0.2012, 0.1598, 0.2368",0.5560458600521088
1,binary dependent variable,,0.43770554661750793,"0.2432, 0.2432, 0.1939, 0.1873, 0.1323",0.8387168645858765
1,polymorphic association,,0.29042279720306396,"0.2392, 0.2392, 0.2392, 0.2110, 0.0713",0.8495725393295288
1,simple directed graphs,,0.2714252471923828,"0.2356, 0.2356, 0.1888, 0.1797, 0.1604",0.7929496318101883
1,proxy pattern,,0.29122644662857056,"0.2211, 0.2211, 0.2211, 0.1896, 0.1470",0.9115257114171982
1,predicate functor logic,,0.46801647543907166,"0.2363, 0.2363, 0.1165, 0.2078, 0.2031",0.9019370675086975
1,mathematical constructors,,0.0884733498096466,"0.2180, 0.2180, 0.2180, 0.1955, 0.1504",0.8377158492803574
1,linear dependency,,0.46901923418045044,"0.2419, 0.2419, 0.2419, 0.1696, 0.1048",0.8983345404267311
1,swarm intelligence,,0.4752911925315857,"0.2073, 0.2073, 0.2073, 0.2124, 0.1658",0.755315974354744
1,distance metric,,0.1685764342546463,"0.1899, 0.1899, 0.1899, 0.2264, 0.2039",0.8998579457402229
1,cluster centers,,0.009999971836805344,"0.2336, 0.2336, 0.2336, 0.2151, 0.0841",0.8236838132143021
1,big data applications,,0.4535370171070099,"0.2436, 0.2436, 0.2341, 0.1099, 0.1688",0.5702171325683594
1,computational statistics,,0.4335483908653259,"0.2247, 0.2247, 0.2247, 0.2016, 0.1242",0.615961879491806
1,minimum degree algorithm,,0.45419156551361084,"0.2162, 0.2162, 0.2211, 0.1869, 0.1596",0.7769344002008438
1,exception handling,,0.2808433771133423,"0.2363, 0.2363, 0.2363, 0.1261, 0.1650",0.9935449217446148
1,synthetic consciousness,,0.3570682406425476,"0.2020, 0.2020, 0.2020, 0.1943, 0.1998",0.8060187995433807
1,system level analysis,,0.3170020282268524,"0.2284, 0.2284, 0.2065, 0.2335, 0.1031",0.5568204820156097
1,dimensional vector space model implementations,,0.0,"0.2457, 0.2368, 0.2377, 0.2248, 0.0550",0.8726774603128433
1,classical backpropagation rule,,0.12607122957706451,"0.1919, 0.1919, 0.2397, 0.2235, 0.1530",0.9399640895426273
1,formal language theory,,0.42487478256225586,"0.2019, 0.2019, 0.2234, 0.1970, 0.1758",0.7314697802066803
1,graphic representation,,0.49952059984207153,"0.2153, 0.2153, 0.2153, 0.1710, 0.1830",0.7413485944271088
1,linearly independent variables,,0.2936064302921295,"0.2431, 0.2431, 0.2021, 0.2231, 0.0885",0.8972848206758499
1,vigenre cipher,,0.4670163691043854,"0.2436, 0.2436, 0.2436, 0.1086, 0.1605",0.8630024641752243
1,bernstein basis polynomials,,0.2886444628238678,"0.2421, 0.2421, 0.2174, 0.1133, 0.1851",0.9359798952937126
1,timespace tradeoffs,,0.46485763788223267,"0.2269, 0.2269, 0.2269, 0.1303, 0.1889",0.789118617773056
1,hashing problem,,0.43255746364593506,"0.2259, 0.2259, 0.2259, 0.1775, 0.1447",0.9844932081177831
1,distributed artificial intelligence systems,,0.48297595977783203,"0.2470, 0.1970, 0.1816, 0.2104, 0.1640",0.6410609185695648
1,structural induction,,0.0035016536712646484,"0.2116, 0.2116, 0.2116, 0.2364, 0.1288",0.7778372466564178
1,solving sparse linear systems,,0.2661699652671814,"0.2442, 0.2186, 0.2380, 0.1522, 0.1471",0.7932098805904388
1,significant digits,,0.0,"0.2138, 0.2138, 0.2138, 0.1345, 0.2240",0.883368730545044
1,finite element methods,,0.179792121052742,"0.2200, 0.2200, 0.2024, 0.2283, 0.1293",0.8570204824209213
1,adaptive systems,,0.47725343704223633,"0.2238, 0.2238, 0.2238, 0.2095, 0.1190",0.7392823696136475
1,training time,,0.16381371021270752,"0.2039, 0.2039, 0.2039, 0.2114, 0.1769",0.7606039345264435
1,rayleigh quotient,,0.265776664018631,"0.2215, 0.2215, 0.2215, 0.1915, 0.1439",0.9504997543990612
1,association rule learning,,0.2463637888431549,"0.2423, 0.2423, 0.1983, 0.2086, 0.1086",0.8228544294834137
1,primitive data types,,0.38043034076690674,"0.2416, 0.2416, 0.2426, 0.1065, 0.1678",0.7041106224060059
1,bounded flat surface,,0.17052163183689117,"0.2250, 0.2250, 0.1703, 0.1841, 0.1956",0.8944524228572845
1,character map,,0.39101442694664,"0.1984, 0.1984, 0.1984, 0.1819, 0.2229",0.9246112704277039
1,bit manipulations,,0.47439688444137573,"0.2126, 0.2126, 0.2126, 0.1809, 0.1812",0.7516601234674454
1,support vectors,,0.2128501534461975,"0.2191, 0.2191, 0.2191, 0.1306, 0.2120",0.8651872128248215
1,optimal solution,,0.2431577742099762,"0.2207, 0.2207, 0.2207, 0.2244, 0.1135",0.883571170270443
1,gated recurrent units,,0.24171006679534912,"0.2115, 0.2115, 0.1734, 0.1693, 0.2344",0.8158630281686783
1,spanning tree generation,,0.47296983003616333,"0.2394, 0.2394, 0.1714, 0.1702, 0.1797",0.7732693403959274
1,receive quality metric,,0.2736290991306305,"0.2339, 0.2339, 0.1527, 0.1649, 0.2146",0.7770266085863113
1,compression rate,,0.49451711773872375,"0.1920, 0.1920, 0.1920, 0.1914, 0.2327",0.8665044158697128
1,parallel solution,,0.3196468949317932,"0.2258, 0.2258, 0.2258, 0.1856, 0.1371",0.7928523123264313
1,labeled training data,,0.4026135802268982,"0.2412, 0.2412, 0.1820, 0.2254, 0.1102",0.6696979999542236
1,fibonacci search technique,,0.27910828590393066,"0.2269, 0.2269, 0.1808, 0.1739, 0.1915",0.7714154273271561
1,subrecursive hierarchies,,0.4494703710079193,"0.2145, 0.2145, 0.2145, 0.1812, 0.1754",0.8962529674172401
1,algorithm design technique,,0.40271541476249695,"0.2366, 0.2366, 0.2182, 0.1616, 0.1470",0.679436057806015
1,electronic signature,,0.33482542634010315,"0.2310, 0.2310, 0.2310, 0.1500, 0.1569",0.6980462968349457
1,decision model and notation,,0.0,"0.2477, 0.2474, 0.2380, 0.0420, 0.2249",0.7687023133039474
1,cut theorem,,0.36840254068374634,"0.2239, 0.2239, 0.2239, 0.1429, 0.1855",0.9560708962380886
1,conceptual design discipline,,0.2896236181259155,"0.1973, 0.1973, 0.2109, 0.1705, 0.2241",0.7273746728897095
1,priority queues,,0.18208181858062744,"0.1923, 0.1923, 0.1923, 0.2163, 0.2067",0.9151100441813469
1,combinatorial game theory,,0.44367799162864685,"0.2266, 0.2266, 0.1631, 0.1986, 0.1851",0.7288940846920013
1,collision resolution schemes,,0.4239620864391327,"0.2310, 0.2310, 0.2320, 0.2354, 0.0706",0.8065034002065659
1,virtual machine component,,0.38673076033592224,"0.2461, 0.2461, 0.1581, 0.2118, 0.1379",0.6302196681499481
1,number theory,,0.4224333167076111,"0.2114, 0.2114, 0.2114, 0.1912, 0.1746",0.8132842034101486
1,reverse indexes,,0.28945398330688477,"0.2134, 0.2134, 0.2134, 0.1733, 0.1864",0.8298269659280777
1,analytical hierarchy process,,0.2923923134803772,"0.2329, 0.2329, 0.2159, 0.2235, 0.0947",0.6446358859539032
1,applied mathematics,,0.1943228840827942,"0.2334, 0.2334, 0.2334, 0.1381, 0.1618",0.7854233086109161
1,character sets,,0.2603730857372284,"0.2056, 0.2056, 0.2056, 0.2084, 0.1748",0.9943915624171495
1,biased estimation,,0.2085917890071869,"0.1829, 0.1829, 0.1829, 0.2383, 0.2131",0.8543728590011597
1,edge contraction,,0.31453755497932434,"0.2046, 0.2046, 0.2046, 0.1644, 0.2217",0.9709615185856819
1,special memory allocation libraries,,0.0,"0.2447, 0.0626, 0.2237, 0.2380, 0.2311",0.7342951893806458
1,connected wireless device,,0.31982851028442383,"0.2436, 0.2436, 0.0421, 0.2275, 0.2431",0.9068948552012444
1,clique trees,,0.4418923556804657,"0.2078, 0.2078, 0.2078, 0.2082, 0.1682",0.9817282110452652
1,spatial multiplexing,,0.2548244297504425,"0.2195, 0.2195, 0.2195, 0.2197, 0.1218",0.8946071267127991
1,soft decision viterbi decoders,,0.47830668091773987,"0.2231, 0.2453, 0.2101, 0.1843, 0.1371",0.8396105170249939
1,decimal computers,,0.3633471429347992,"0.2379, 0.2379, 0.2379, 0.1643, 0.1221",0.5522959530353546
1,concurrency control,,0.4478672742843628,"0.2099, 0.2099, 0.2099, 0.1898, 0.1805",0.8459779322147369
1,immutable objects,,0.30938366055488586,"0.2193, 0.2193, 0.2193, 0.1473, 0.1949",0.8569586277008057
1,doubly linked list,,0.0,"0.2395, 0.2395, 0.1315, 0.1641, 0.2254",0.9638472497463226
1,output label,,0.2827294170856476,"0.2167, 0.2167, 0.2167, 0.2123, 0.1375",0.8624155670404434
1,caesar shift,,0.28136709332466125,"0.2077, 0.2077, 0.2077, 0.1757, 0.2010",0.9978640698827803
1,complexity bounds,,0.2669737637042999,"0.1896, 0.1896, 0.1896, 0.2155, 0.2158",0.8223248571157455
1,quantum information,,0.41886764764785767,"0.2279, 0.2279, 0.2279, 0.2336, 0.0826",0.6895623505115509
1,instruction execution time,,0.19955570995807648,"0.2362, 0.2362, 0.2324, 0.1881, 0.1070",0.6793350577354431
1,las vegas algorithms,,0.12828215956687927,"0.2388, 0.2388, 0.1230, 0.1847, 0.2146",0.7980998158454895
1,processing data streams,,0.4941338002681732,"0.2495, 0.2495, 0.2362, 0.1251, 0.1397",0.6739491522312164
1,functional presence engine,,0.307447224855423,"0.2319, 0.2319, 0.1966, 0.1666, 0.1731",0.6589422225952148
1,pooling layers,,0.385648638010025,"0.2077, 0.2077, 0.2077, 0.1831, 0.1937",0.8835524395108223
1,background assumption,,0.43830206990242004,"0.2137, 0.2137, 0.2137, 0.2025, 0.1563",0.8796902149915695
1,random subset,,0.3853903114795685,"0.2272, 0.2272, 0.2272, 0.1942, 0.1240",0.8996616676449776
1,processor time,,0.49307143688201904,"0.2320, 0.2320, 0.2320, 0.1772, 0.1269",0.6464866399765015
1,gaussian elimination,,0.4178514778614044,"0.2282, 0.2282, 0.2282, 0.1969, 0.1187",0.9403141811490059
1,integrated computational materials engineering,,0.026039455085992813,"0.2375, 0.1481, 0.2087, 0.2083, 0.1975",0.6207565665245056
1,ngh systems,,0.4612950086593628,"0.2263, 0.2263, 0.2263, 0.1867, 0.1344",0.7319006621837616
1,polynomial sequence,,0.44073182344436646,"0.2382, 0.2382, 0.2382, 0.1859, 0.0994",0.833198145031929
1,boosting methods,,0.31120115518569946,"0.2158, 0.2158, 0.2158, 0.2178, 0.1348",0.7757885605096817
1,identity matrix,,0.46555420756340027,"0.2250, 0.2250, 0.2250, 0.1107, 0.2143",0.9187984019517899
1,mutable ordered lists,,0.2568829655647278,"0.2192, 0.2192, 0.2324, 0.2205, 0.1087",0.888711966574192
1,range queries,,0.39551421999931335,"0.2192, 0.2192, 0.2192, 0.2354, 0.1069",0.8953700289130211
1,linear programming algorithm finds,,0.2939794063568115,"0.2495, 0.2340, 0.2324, 0.2248, 0.0593",0.7557253837585449
1,modern decision theory,,0.41872695088386536,"0.1999, 0.1999, 0.2357, 0.1956, 0.1688",0.8022914379835129
1,bounds checking,,0.23764383792877197,"0.2186, 0.2186, 0.2186, 0.2353, 0.1089",0.9312534183263779
1,error monitoring,,0.4394172132015228,"0.2256, 0.2256, 0.2256, 0.1450, 0.1782",0.7636858075857162
1,analog recording,,0.1887771040201187,"0.1982, 0.1982, 0.1982, 0.1917, 0.2136",0.6498318910598755
1,classification criteria,,0.06067761406302452,"0.2396, 0.2396, 0.2396, 0.2040, 0.0771",0.7407801151275635
1,unrolled linked list,,0.0,"0.2403, 0.2403, 0.1426, 0.1541, 0.2228",0.9744721055030823
1,object recognition  technical report icg,,0.2106958031654358,"0.2374, 0.1466, 0.2472, 0.1768, 0.1920",0.6332859992980957
1,conventional dynamic memory allocation libraries,,0.4985402524471283,"0.2088, 0.2142, 0.1802, 0.2152, 0.1816",0.7442850172519684
1,intelligent agents,,0.4200022518634796,"0.2295, 0.2295, 0.2295, 0.1638, 0.1476",0.7135713696479797
1,advanced message queuing protocol,,0.33273962140083313,"0.2412, 0.1325, 0.2088, 0.2186, 0.1989",0.8156225085258484
1,hopfield learning rule,,0.376968652009964,"0.2285, 0.2285, 0.2321, 0.1583, 0.1526",0.8093263506889343
1,semantic predicate,,0.3935191333293915,"0.2368, 0.2368, 0.2368, 0.1715, 0.1182",0.9037532433867455
1,language modeling,,0.4818907678127289,"0.2039, 0.2039, 0.2039, 0.2159, 0.1725",0.7163299918174744
1,classification problem,,0.45938000082969666,"0.2346, 0.2346, 0.2346, 0.1643, 0.1319",0.7417080104351044
1,conflicts algorithm,,0.3887536823749542,"0.2085, 0.2085, 0.2085, 0.1977, 0.1766",0.7145408391952515
1,hinge loss,,0.1904413104057312,"0.1935, 0.1935, 0.1935, 0.2116, 0.2079",0.9256937801837921
1,pronunciation model,,0.36601123213768005,"0.1959, 0.1959, 0.1959, 0.2417, 0.1707",0.85219407081604
1,problem space,,0.37617579102516174,"0.2141, 0.2141, 0.2141, 0.1372, 0.2205",0.8664679676294327
1,general-purpose language,,0.4118331968784332,"0.2217, 0.2217, 0.2217, 0.1423, 0.1925",0.705463320016861
1,mean shift algorithm,,0.3916366994380951,"0.2336, 0.2336, 0.1712, 0.2045, 0.1572",0.852159857749939
1,explanatory variables,,0.3048234283924103,"0.2340, 0.2340, 0.2340, 0.2079, 0.0900",0.8704491257667542
1,spatial relations,,0.19986501336097717,"0.2010, 0.2010, 0.2010, 0.2217, 0.1753",0.9077555015683174
1,real numbers,,0.1359090507030487,"0.2053, 0.2053, 0.2053, 0.2025, 0.1816",0.8802508264780045
1,conjunctive normal form,,0.3310556709766388,"0.2202, 0.2202, 0.2434, 0.2334, 0.0827",0.9700084682554007
1,universal approximation theorem,,0.4669945538043976,"0.2375, 0.2375, 0.1187, 0.2205, 0.1859",0.9535630159080029
1,source programs,,0.2857651710510254,"0.2415, 0.2415, 0.2415, 0.1477, 0.1279",0.5901553928852081
1,helmholtz machines,,0.4768032729625702,"0.2237, 0.2237, 0.2237, 0.1602, 0.1688",0.7012511193752289
1,density operator,,0.488864541053772,"0.2260, 0.2260, 0.2260, 0.2223, 0.0998",0.8721932023763657
1,image search tool,,0.34339675307273865,"0.2393, 0.2393, 0.2312, 0.1896, 0.1007",0.7984634935855865
1,k-means clustering,,0.3384576141834259,"0.2051, 0.2051, 0.2051, 0.2066, 0.1781",0.8562512397766113
1,moravec's paradox,,0.356545090675354,"0.2357, 0.2357, 0.2357, 0.1391, 0.1538",0.8771516233682632
1,autonomous operation,,0.24556010961532593,"0.2151, 0.2151, 0.2151, 0.2155, 0.1393",0.759742945432663
1,back end,,0.0,"0.2170, 0.2170, 0.2170, 0.1633, 0.1856",0.9348987564444542
1,bloch representation,,0.3109770119190216,"0.1948, 0.1948, 0.1948, 0.2114, 0.2041",0.8713860660791397
1,artificial systems,,0.44542500376701355,"0.2349, 0.2349, 0.2349, 0.1722, 0.1230",0.5958646833896637
1,sparse approximation,,0.47962403297424316,"0.1983, 0.1983, 0.1983, 0.2277, 0.1773",0.8938637301325798
1,multivariate mutual information,,0.40115290880203247,"0.2464, 0.2464, 0.2171, 0.1369, 0.1533",0.824583888053894
1,squared euclidean distances,,0.39300256967544556,"0.2188, 0.2188, 0.1742, 0.1666, 0.2217",0.9555544890463352
1,euclidean distance,,0.3635162115097046,"0.2024, 0.2024, 0.2024, 0.1670, 0.2257",0.9338096603751183
1,compute arithmetic operations,,0.2120467722415924,"0.2395, 0.2395, 0.2095, 0.1767, 0.1350",0.7825499176979065
1,computational morality,,0.42035380005836487,"0.2085, 0.2085, 0.2085, 0.1748, 0.1996",0.6948114931583405
1,generalised loop splitting,,0.46622714400291443,"0.2422, 0.2422, 0.1249, 0.1687, 0.2219",0.9366192147135735
1,minimum message length,,0.19933634996414185,"0.1695, 0.1695, 0.2158, 0.2083, 0.2368",0.881694108247757
1,redeveloping logic,,0.4144195318222046,"0.2355, 0.2355, 0.2355, 0.1145, 0.1791",0.7755205184221268
1,exhaustive search,,0.209059476852417,"0.2146, 0.2146, 0.2146, 0.1759, 0.1803",0.6837579309940338
1,categorical label,,0.33500155806541443,"0.2322, 0.2322, 0.2322, 0.1775, 0.1258",0.945680420845747
1,immutable object,,0.41247954964637756,"0.2270, 0.2270, 0.2270, 0.1502, 0.1688",0.8298112004995346
1,serial manipulator,,0.414449542760849,"0.2221, 0.2221, 0.2221, 0.1338, 0.1998",0.8912106081843376
1,general recursive functions,,0.4403034746646881,"0.2438, 0.2438, 0.2145, 0.2109, 0.0870",0.8567172884941101
1,matrix multiplication,,0.32593831419944763,"0.2391, 0.2391, 0.2391, 0.2171, 0.0655",0.9539908319711685
1,semantic predicates,,0.29234054684638977,"0.2373, 0.2373, 0.2373, 0.1779, 0.1101",0.9065469652414322
1,propositional calculuswhich sets,,0.39784932136535645,"0.2290, 0.2290, 0.2188, 0.2179, 0.1053",0.9593429863452911
1,reverse lookup,,0.2727554142475128,"0.2290, 0.2290, 0.2290, 0.2025, 0.1104",0.790969967842102
1,internet service providers,,0.0,"0.2467, 0.2467, 0.1075, 0.2084, 0.1906",0.7599459290504456
1,state machine operating,,0.4030301570892334,"0.2409, 0.2409, 0.2268, 0.1767, 0.1146",0.6874185502529144
1,performance analyzer,,0.27035537362098694,"0.1944, 0.1944, 0.1944, 0.2413, 0.1755",0.6092925667762756
1,toomcook multiplication,,0.37018147110939026,"0.2302, 0.2302, 0.2302, 0.2172, 0.0923",0.8697980642318726
1,sequential coupling,,0.3341713547706604,"0.2265, 0.2265, 0.2265, 0.1492, 0.1714",0.8845570236444473
1,analog-to-digital converter,,0.3160436451435089,"0.2387, 0.2387, 0.2387, 0.1401, 0.1438",0.7259377837181091
1,site tracing,,0.4929758608341217,"0.2412, 0.2412, 0.2412, 0.1962, 0.0801",0.727069765329361
1,Geometric modeling,,0.3884442150592804,"0.2056, 0.2056, 0.2056, 0.2130, 0.1703",0.8494903892278671
1,child vertices,,0.2709892988204956,"0.2030, 0.2030, 0.2030, 0.1698, 0.2212",0.9782869536429644
1,maximal subtree isomorphism,,0.279875785112381,"0.1689, 0.1689, 0.2279, 0.2269, 0.2073",0.9704168830066919
1,design problem,,0.3808928430080414,"0.2257, 0.2257, 0.2257, 0.1667, 0.1561",0.727954775094986
1,minimum k-cut,,0.11803044378757477,"0.2021, 0.2021, 0.2021, 0.2287, 0.1650",0.9717062003910542
1,euclidean space,,0.49287277460098267,"0.2179, 0.2179, 0.2179, 0.1399, 0.2065",0.9296770170331001
1,genetic representation,,0.49792951345443726,"0.2241, 0.2241, 0.2241, 0.1361, 0.1915",0.7623155266046524
1,python package,,0.4687957465648651,"0.2408, 0.2408, 0.2408, 0.1988, 0.0789",0.9041204899549484
1,protein sequences,,0.39693954586982727,"0.2181, 0.2181, 0.2181, 0.2089, 0.1368",0.8448646366596222
1,activation functions,,0.4596506655216217,"0.2311, 0.2311, 0.2311, 0.1863, 0.1204",0.8364423513412476
1,uniform binary search,,0.38268524408340454,"0.2206, 0.2206, 0.1905, 0.1826, 0.1857",0.762798935174942
1,attention mechanisms,,0.14857038855552673,"0.1951, 0.1951, 0.1951, 0.2053, 0.2094",0.8469385206699371
1,biologically inspired computing,,0.3449353575706482,"0.2439, 0.2439, 0.2277, 0.1872, 0.0974",0.42281877994537354
1,boundary singularity,,0.33963942527770996,"0.2350, 0.2350, 0.2350, 0.1678, 0.1273",0.9453877508640289
1,vague set,,0.22891956567764282,"0.2108, 0.2108, 0.2108, 0.2030, 0.1647",0.9108179584145546
1,structural recursion,,0.19037842750549316,"0.1939, 0.1939, 0.1939, 0.2286, 0.1897",0.797620952129364
1,signal generation,,0.44207775592803955,"0.2282, 0.2282, 0.2282, 0.1780, 0.1375",0.7332592308521271
1,standard sigmoid functions,,0.47784900665283203,"0.2457, 0.2457, 0.2283, 0.1964, 0.0840",0.886421374976635
1,sorting lists,,0.14450743794441223,"0.2272, 0.2272, 0.2272, 0.1902, 0.1282",0.8816601857542992
1,regular graph,,0.45607802271842957,"0.2421, 0.2421, 0.2421, 0.1132, 0.1606",0.8327886760234833
1,scientific method,,0.4334840774536133,"0.2263, 0.2263, 0.2263, 0.2079, 0.1132",0.5512943863868713
1,uninitialized pointer,,0.01016906276345253,"0.2176, 0.2176, 0.2176, 0.1224, 0.2247",0.8260513097047806
1,formal knowledge representation languages,,0.2593502700328827,"0.2379, 0.2423, 0.1213, 0.2250, 0.1735",0.6687934696674347
1,computability logic homepage comprehensive survey,,0.0,"0.2365, 0.2261, 0.2136, 0.1482, 0.1756",0.593389481306076
1,galaxies  numerical linear algebra,,0.44225022196769714,"0.2280, 0.2483, 0.2254, 0.1138, 0.1846",0.8936264961957932
1,input operands,,0.22382433712482452,"0.2031, 0.2031, 0.2031, 0.1875, 0.2033",0.8820250779390335
1,information technology methods,,0.4269477427005768,"0.2461, 0.2461, 0.1303, 0.1728, 0.2048",0.3957527279853821
1,common language runtime,,0.0,"0.2417, 0.2417, 0.0783, 0.2213, 0.2171",0.6804075241088867
1,microbial intelligence,,0.4784872233867645,"0.2118, 0.2118, 0.2118, 0.1712, 0.1934",0.7246740758419037
1,octave scripting language,,0.357564777135849,"0.2135, 0.2135, 0.2198, 0.1990, 0.1541",0.8015561699867249
1,session identifier cookie,,0.49985453486442566,"0.2241, 0.2241, 0.2283, 0.1394, 0.1842",0.9669861905276775
1,quantum mechanics,,0.08485980331897736,"0.1758, 0.1758, 0.1758, 0.2333, 0.2393",0.7883282005786896
1,parent class,,0.27878111600875854,"0.1921, 0.1921, 0.1921, 0.2054, 0.2183",0.9378820955753326
1,recommendation systems,,0.28825294971466064,"0.2102, 0.2102, 0.2102, 0.2143, 0.1550",0.7537762224674225
1,misleading equivalence,,0.34665441513061523,"0.2258, 0.2258, 0.2258, 0.1981, 0.1244",0.8704959154129028
1,electronic signatures,,0.29412367939949036,"0.2277, 0.2277, 0.2277, 0.1129, 0.2038",0.7335877120494843
1,cost allocation,,0.2873119115829468,"0.2034, 0.2034, 0.2034, 0.1967, 0.1931",0.9129462093114853
1,extensible text framework,,0.40681228041648865,"0.2397, 0.2397, 0.2336, 0.2100, 0.0769",0.8290981501340866
1,confidence score,,0.24631279706954956,"0.1966, 0.1966, 0.1966, 0.2273, 0.1829",0.9276563450694084
1,single core cpu,,0.38999563455581665,"0.2002, 0.2002, 0.2192, 0.1799, 0.2004",0.7600317001342773
1,quantum error,,0.3814212381839752,"0.2217, 0.2217, 0.2217, 0.2267, 0.1083",0.8951331898570061
1,classification tasks,,0.4254574477672577,"0.2345, 0.2345, 0.2345, 0.1699, 0.1266",0.6331250071525574
1,complex vector spaces,,0.40889349579811096,"0.2372, 0.2372, 0.1816, 0.1656, 0.1784",0.9528737440705299
1,linked list,,0.317916601896286,"0.2294, 0.2294, 0.2294, 0.1064, 0.2053",0.9486110620200634
1,inverse direction,,0.4767345190048218,"0.2159, 0.2159, 0.2159, 0.1578, 0.1945",0.9709144253283739
1,spatiotemporal pattern,,0.4211009740829468,"0.2244, 0.2244, 0.2244, 0.2062, 0.1205",0.9038861840963364
1,spatiotemporal patterns,,0.4643881618976593,"0.2207, 0.2207, 0.2207, 0.2084, 0.1296",0.8950505703687668
1,augmented reality,,0.051522884517908096,"0.2228, 0.2228, 0.2228, 0.1243, 0.2073",0.8002863377332687
1,training set,,0.12075954675674438,"0.2029, 0.2029, 0.2029, 0.2198, 0.1714",0.765800416469574
1,mathematical study,,0.18605591356754303,"0.2247, 0.2247, 0.2247, 0.1988, 0.1271",0.6604950726032257
1,test bits,,0.32612940669059753,"0.2326, 0.2326, 0.2326, 0.1651, 0.1370",0.8140938580036163
1,network elements,,0.3340373933315277,"0.2184, 0.2184, 0.2184, 0.1400, 0.2049",0.6794435083866119
1,lookup table,,0.4856317937374115,"0.2320, 0.2320, 0.2320, 0.1248, 0.1791",0.7919476479291916
1,zero fields,,0.17242398858070374,"0.2076, 0.2076, 0.2076, 0.2152, 0.1619",0.994401119183749
1,thus trees,,0.3079027831554413,"0.2366, 0.2366, 0.2366, 0.1009, 0.1894",0.8087240606546402
1,unreversed indexes,,0.1937199831008911,"0.2145, 0.2145, 0.2145, 0.1413, 0.2151",0.8140498101711273
1,hadamard product,,0.39685553312301636,"0.2387, 0.2387, 0.2387, 0.1922, 0.0915",0.7573004364967346
1,singleton pattern,,0.476550430059433,"0.2208, 0.2208, 0.2208, 0.2114, 0.1261",0.9980960543034598
1,side channel attack,,0.1458514928817749,"0.1584, 0.1584, 0.2158, 0.2197, 0.2477",0.8785629495978355
1,division algorithms fall,,0.0,"0.2352, 0.2352, 0.2416, 0.2005, 0.0875",0.8245618790388107
1,sort keys,,0.24013689160346985,"0.2364, 0.2364, 0.2364, 0.2245, 0.0664",0.886773057281971
1,nonorthogonal problems,,0.06421726942062378,"0.2162, 0.2162, 0.2162, 0.1777, 0.1737",0.877798967063427
1,insertion sort,,0.45533356070518494,"0.2116, 0.2116, 0.2116, 0.1755, 0.1897",0.8928763717412949
1,milnermycroft calculus,,0.35966262221336365,"0.1976, 0.1976, 0.1976, 0.2218, 0.1854",0.8542164266109467
1,de morgan's law,,0.0,"0.2173, 0.2173, 0.1144, 0.2102, 0.2408",0.9731665216386318
1,primitive recursive,,0.3995721936225891,"0.2122, 0.2122, 0.2122, 0.2269, 0.1364",0.8240684121847153
1,matrix operations,,0.3369201719760895,"0.2216, 0.2216, 0.2216, 0.2081, 0.1272",0.9432817921042442
1,hilbert spaces,,0.4993767738342285,"0.2242, 0.2242, 0.2242, 0.1427, 0.1847",0.9864815613254905
1,static  pure spatial patterns,,0.2508493959903717,"0.2321, 0.2302, 0.2139, 0.2246, 0.0992",0.9086146205663681
1,unrolled linked lists,,0.0,"0.2419, 0.2419, 0.1446, 0.1481, 0.2236",0.9788346439599991
1,statistical model comparison,,0.19255627691745758,"0.2447, 0.2447, 0.2275, 0.2160, 0.0670",0.7282761633396149
1,comparison sorts,,0.253108948469162,"0.2300, 0.2300, 0.2300, 0.1976, 0.1125",0.8168824464082718
1,computational resources,,0.4484085142612457,"0.2381, 0.2381, 0.2381, 0.1862, 0.0995",0.5229502618312836
1,DMA attack,,0.32405850291252136,"0.2170, 0.2170, 0.2170, 0.1099, 0.2390",0.8823098167777061
1,tensor product,,0.32579562067985535,"0.2425, 0.2425, 0.2425, 0.2120, 0.0603",0.763838917016983
1,sequence labeling,,0.2928796708583832,"0.2402, 0.2402, 0.2402, 0.2064, 0.0730",0.8882548287510872
1,virtual technologies,,0.47784632444381714,"0.2467, 0.2467, 0.2467, 0.0966, 0.1632",0.526231586933136
1,function join,,0.36172839999198914,"0.2400, 0.2400, 0.2400, 0.1345, 0.1454",0.9729555305093527
1,main functions,,0.4420248568058014,"0.2373, 0.2373, 0.2373, 0.1714, 0.1168",0.8553065806627274
1,cholesky factorization,,0.4257293939590454,"0.2150, 0.2150, 0.2150, 0.2204, 0.1346",0.897040992975235
1,advanced encryption standard,,0.24042917788028717,"0.2319, 0.2319, 0.1426, 0.1893, 0.2044",0.790719747543335
1,heterogeneous environment,,0.47912487387657166,"0.2207, 0.2207, 0.2207, 0.2255, 0.1126",0.8822070509195328
1,global solutions,,0.31990110874176025,"0.2300, 0.2300, 0.2300, 0.1825, 0.1275",0.849904865026474
1,mathematical duality,,0.22660662233829498,"0.2158, 0.2158, 0.2158, 0.1648, 0.1878",0.8358010053634644
1,conditional dependence structure,,0.18696603178977966,"0.2273, 0.2273, 0.1066, 0.2058, 0.2331",0.8827521055936813
1,model sequences,,0.3975517153739929,"0.2405, 0.2405, 0.2405, 0.2297, 0.0487",0.7955507636070251
1,statistical properties,,0.4091707766056061,"0.2312, 0.2312, 0.2312, 0.1274, 0.1790",0.777836486697197
1,bernstein polynomials,,0.2150900810956955,"0.2179, 0.2179, 0.2179, 0.1665, 0.1799",0.9430446028709412
1,internet addressing structure,,0.07507288455963135,"0.2345, 0.2345, 0.0875, 0.2058, 0.2378",0.6658850610256195
1,abstract state machines,,0.4069269299507141,"0.2188, 0.2188, 0.1981, 0.2012, 0.1631",0.5920303165912628
1,algebraic theories,,0.2373448759317398,"0.2167, 0.2167, 0.2167, 0.1675, 0.1823",0.8604201078414917
1,model predictive control,,0.16648057103157043,"0.2447, 0.2447, 0.2427, 0.1418, 0.1262",0.8141402155160904
1,skew heaps,,0.39722034335136414,"0.2034, 0.2034, 0.2034, 0.2346, 0.1550",0.8803014904260635
1,transformation rules,,0.2761286199092865,"0.2194, 0.2194, 0.2194, 0.1931, 0.1486",0.8559868186712265
1,neuron clusters,,0.41677922010421753,"0.2044, 0.2044, 0.2044, 0.1945, 0.1924",0.7891392111778259
1,double-ended priority queue,,0.2654349207878113,"0.1786, 0.1786, 0.2356, 0.2128, 0.1943",0.9575669728219509
1,logspace reductions,,0.37218135595321655,"0.2162, 0.2162, 0.2162, 0.1571, 0.1943",0.885790728032589
1,sql systems,,0.44841864705085754,"0.2357, 0.2357, 0.2357, 0.1202, 0.1727",0.6873291730880737
1,table structure,,0.4317159652709961,"0.2080, 0.2080, 0.2080, 0.1496, 0.2264",0.875904493033886
1,analog signal,,0.4037538766860962,"0.2105, 0.2105, 0.2105, 0.2049, 0.1636",0.7286784648895264
