Phrase,Probablity,Attention
highly correlated,0.043060243129730225,"0.9979, 0.0020, 0.0001, 0.0000, 0.0000"
decimal computers,0.42549023032188416,"0.0552, 0.9305, 0.0112, 0.0024, 0.0008"
support vectors,0.2997118830680847,"0.0325, 0.0028, 0.5407, 0.2820, 0.1420"
algebraic theories,0.33056169748306274,"0.0760, 0.2267, 0.4478, 0.1644, 0.0850"
public key encryption models,0.04756903648376465,"0.6950, 0.3046, 0.0003, 0.0000, 0.0001"
fully connected layers,0.038246721029281616,"0.9953, 0.0014, 0.0027, 0.0005, 0.0001"
random indexing,0.36300140619277954,"0.0001, 0.0173, 0.5829, 0.2898, 0.1100"
digital transmission,0.4494003653526306,"0.3799, 0.4961, 0.0545, 0.0396, 0.0299"
main functions,0.4215058386325836,"0.1957, 0.0015, 0.4692, 0.2029, 0.1307"
distributed data stores,0.4279838502407074,"0.0006, 0.0083, 0.6662, 0.2086, 0.1163"
information interchange,0.3788530230522156,"0.0514, 0.3354, 0.2866, 0.1578, 0.1689"
loop body,0.3047548234462738,"0.0001, 0.8742, 0.0445, 0.0367, 0.0445"
abstract data types,0.2381996214389801,"0.0000, 0.0009, 0.9814, 0.0143, 0.0034"
python package,0.48670023679733276,"0.2223, 0.0483, 0.2562, 0.2285, 0.2447"
speech tagging,0.34774547815322876,"0.0057, 0.0129, 0.5661, 0.2746, 0.1407"
composition filters,0.499761164188385,"0.4977, 0.0171, 0.1606, 0.1559, 0.1686"
random access,0.42431044578552246,"0.0475, 0.1728, 0.3197, 0.2484, 0.2116"
adaptive filters,0.49019864201545715,"0.0008, 0.0054, 0.1896, 0.3629, 0.4413"
standard sigmoid functions,0.4120934009552002,"0.4055, 0.0015, 0.0008, 0.3759, 0.2163"
ecb mode,0.17665371298789978,"0.9894, 0.0079, 0.0017, 0.0007, 0.0003"
modulo scheduling,0.4941824674606323,"0.1772, 0.2998, 0.2318, 0.1606, 0.1305"
incidence matrix,0.26176613569259644,"0.9113, 0.0001, 0.0287, 0.0264, 0.0335"
factor approximations,0.42932000756263733,"0.6136, 0.1398, 0.1575, 0.0577, 0.0314"
attention mechanisms,0.017023563385009766,"0.8832, 0.0737, 0.0314, 0.0082, 0.0036"
eigenmode expansion,0.47283703088760376,"0.0504, 0.0266, 0.2933, 0.3172, 0.3125"
code points,0.1661185920238495,"0.0000, 0.8254, 0.0984, 0.0505, 0.0257"
rayleigh quotient,0.4029180705547333,"0.0118, 0.0181, 0.5219, 0.2689, 0.1793"
successive parabolic interpolation,0.43100738525390625,"0.0511, 0.0279, 0.0074, 0.5189, 0.3947"
file exchange protocol,0.19088613986968994,"0.9916, 0.0064, 0.0002, 0.0009, 0.0010"
comparison sorts,0.19921129941940308,"0.0968, 0.7722, 0.1137, 0.0138, 0.0035"
point distribution model,0.26378196477890015,"0.9749, 0.0180, 0.0022, 0.0033, 0.0016"
double-ended priority queue,0.05552583932876587,"0.7892, 0.0840, 0.0320, 0.0717, 0.0231"
mobile ad hoc networks,0.1099984347820282,"0.0212, 0.0579, 0.8946, 0.0152, 0.0111"
quantum mechanics,0.2089681327342987,"0.0032, 0.4292, 0.4180, 0.1180, 0.0315"
k nearest neighbors,0.059952497482299805,"0.2677, 0.6980, 0.0085, 0.0243, 0.0015"
typed lambda calculus,0.4091295599937439,"0.3616, 0.0001, 0.0054, 0.2931, 0.3398"
clock cycle,0.11167445778846741,"0.0411, 0.9190, 0.0355, 0.0037, 0.0007"
functional presence engines,0.15467795729637146,"0.0000, 0.0230, 0.9753, 0.0015, 0.0001"
operating systems,0.26204556226730347,"0.9964, 0.0001, 0.0009, 0.0010, 0.0015"
ip address,0.45912379026412964,"0.0393, 0.0749, 0.3047, 0.2783, 0.3028"
mathematical formula,0.12083303928375244,"0.0001, 0.9245, 0.0707, 0.0043, 0.0003"
image search tool,0.47035712003707886,"0.0011, 0.1997, 0.5079, 0.2291, 0.0622"
child nodes,0.4757128059864044,"0.0041, 0.0154, 0.6484, 0.2264, 0.1057"
speech signals,0.22426575422286987,"0.2933, 0.6103, 0.0654, 0.0201, 0.0109"
local regression,0.4631039500236511,"0.5657, 0.1293, 0.1207, 0.0845, 0.0997"
buffer overflowsruntime error detection tools,0.38966935873031616,"0.0221, 0.0052, 0.0001, 0.0061, 0.9666"
code modulation,0.4914194643497467,"0.0001, 0.0310, 0.1401, 0.3568, 0.4720"
data processing industry,0.48794272541999817,"0.0002, 0.0006, 0.9285, 0.0492, 0.0215"
tech mining,0.34436261653900146,"0.0034, 0.0137, 0.7249, 0.1984, 0.0596"
cut theorem,0.3962939381599426,"0.0491, 0.0097, 0.6343, 0.2112, 0.0957"
fitts's law,0.01002386212348938,"0.9985, 0.0002, 0.0012, 0.0001, 0.0000"
technology mining,0.4343005418777466,"0.0002, 0.0076, 0.6105, 0.2619, 0.1199"
tensor product,0.3966560959815979,"0.0034, 0.1967, 0.4623, 0.2073, 0.1303"
reverse indexes,0.302909255027771,"0.0005, 0.0931, 0.6530, 0.1953, 0.0580"
operating system,0.2205994427204132,"0.9988, 0.0002, 0.0002, 0.0003, 0.0005"
mathematical analysis,0.49928197264671326,"0.0226, 0.4698, 0.3821, 0.0880, 0.0375"
condition code register,0.2473042905330658,"0.9402, 0.0002, 0.0049, 0.0162, 0.0385"
single nearest neighbor,0.05896845459938049,"0.1103, 0.8526, 0.0083, 0.0271, 0.0017"
system level analysis,0.4671914577484131,"0.0014, 0.0720, 0.3551, 0.4360, 0.1355"
single core cpu,0.12849169969558716,"0.9683, 0.0309, 0.0008, 0.0001, 0.0000"
evidence toolkit,0.45245125889778137,"0.9421, 0.0003, 0.0104, 0.0148, 0.0324"
uninitialized pointer,0.018231630325317383,"0.9595, 0.0138, 0.0154, 0.0069, 0.0044"
truth value,0.3606452941894531,"0.0035, 0.4795, 0.2962, 0.1271, 0.0937"
cognitive science,0.4862307608127594,"0.0092, 0.5175, 0.3049, 0.1033, 0.0650"
heterogeneous environment,0.4984634220600128,"0.0040, 0.3150, 0.3482, 0.1830, 0.1498"
conventional dynamic memory allocation libraries,0.11310622096061707,"0.9482, 0.0003, 0.0002, 0.0001, 0.0511"
application crashing,0.42968663573265076,"0.4774, 0.2287, 0.0497, 0.0841, 0.1601"
ram usage,0.4094412922859192,"0.0008, 0.5204, 0.2235, 0.1228, 0.1326"
global view,0.43922194838523865,"0.0434, 0.0715, 0.3318, 0.2790, 0.2742"
bit manipulation,0.4541154205799103,"0.1094, 0.0118, 0.3763, 0.2665, 0.2359"
gap analysis,0.43720343708992004,"0.8761, 0.0627, 0.0401, 0.0120, 0.0091"
system performance,0.3668665885925293,"0.0136, 0.6874, 0.1453, 0.0830, 0.0707"
least square estimators,0.0157090425491333,"0.0193, 0.9621, 0.0186, 0.0001, 0.0000"
compute arithmetic operations,0.4650670886039734,"0.0036, 0.0201, 0.0668, 0.7078, 0.2018"
decision making problems,0.011828780174255371,"0.0004, 0.8967, 0.0512, 0.0368, 0.0149"
ux design,0.44415268301963806,"0.0696, 0.0587, 0.4070, 0.2539, 0.2107"
receive quality metric,0.34181180596351624,"0.0008, 0.0060, 0.9769, 0.0155, 0.0008"
meta learning,0.45094531774520874,"0.0847, 0.3178, 0.4077, 0.1190, 0.0709"
internet service providers,0.08311319351196289,"0.1562, 0.1265, 0.7140, 0.0019, 0.0013"
bounds checking,0.4534468948841095,"0.0002, 0.5761, 0.2958, 0.0933, 0.0347"
intelligent agents,0.4211834669113159,"0.0196, 0.1581, 0.3419, 0.2662, 0.2142"
amazon prime video,0.09597781300544739,"0.9725, 0.0261, 0.0002, 0.0004, 0.0008"
extended binary trees,0.45302504301071167,"0.8172, 0.0003, 0.0021, 0.0729, 0.1076"
algorithm design technique,0.45513737201690674,"0.0000, 0.0048, 0.4535, 0.3977, 0.1440"
scientific study,0.07465553283691406,"0.0497, 0.9470, 0.0030, 0.0002, 0.0000"
dma attacks,0.3760073184967041,"0.0956, 0.2880, 0.2584, 0.1976, 0.1604"
distributed application,0.4633316695690155,"0.5653, 0.0953, 0.0543, 0.0958, 0.1892"
distributed key generation,0.29420292377471924,"0.0177, 0.0717, 0.2384, 0.4833, 0.1890"
priority queues,0.1687532663345337,"0.4777, 0.2008, 0.2179, 0.0730, 0.0306"
lookup tables,0.468513548374176,"0.0370, 0.1765, 0.6537, 0.1021, 0.0307"
complex functions,0.43528157472610474,"0.0123, 0.0012, 0.5682, 0.2730, 0.1453"
main stack register,0.3350681960582733,"0.9880, 0.0007, 0.0010, 0.0029, 0.0074"
compressed suffix array,0.39345836639404297,"0.0003, 0.0022, 0.0045, 0.6773, 0.3157"
unrolled linked lists,0.48039278388023376,"0.0001, 0.0001, 0.0069, 0.6916, 0.3014"
random subset,0.4593700170516968,"0.0072, 0.2335, 0.3182, 0.2352, 0.2059"
exhaustive search,0.25235551595687866,"0.0673, 0.6305, 0.2694, 0.0272, 0.0056"
edge contraction,0.21037420630455017,"0.1038, 0.7225, 0.1415, 0.0263, 0.0058"
big data applications,0.17294171452522278,"0.4738, 0.4282, 0.0974, 0.0005, 0.0001"
recommendation systems,0.33295848965644836,"0.9507, 0.0010, 0.0102, 0.0143, 0.0239"
structure mining,0.41167396306991577,"0.0001, 0.0176, 0.7177, 0.1989, 0.0658"
serial manipulators,0.25338369607925415,"0.8636, 0.0008, 0.0424, 0.0411, 0.0521"
system usability scale,0.3437877297401428,"0.0006, 0.0002, 0.5211, 0.3405, 0.1376"
applied mathematics,0.07196936011314392,"0.2652, 0.2508, 0.4506, 0.0307, 0.0027"
text mining,0.48101842403411865,"0.0003, 0.0109, 0.6492, 0.2372, 0.1024"
block range index,0.12460517883300781,"0.0000, 0.0015, 0.3326, 0.6139, 0.0520"
ai control problem,0.42691317200660706,"0.0102, 0.0002, 0.0541, 0.5504, 0.3852"
division algorithms fall,0.2700609564781189,"0.0000, 0.0000, 0.8981, 0.0731, 0.0288"
batch learning techniques,0.32495084404945374,"0.0068, 0.0252, 0.9024, 0.0525, 0.0131"
child vertices,0.37140709161758423,"0.0051, 0.0364, 0.6201, 0.2314, 0.1070"
amd accelerated processing unit,0.41962748765945435,"0.0014, 0.0174, 0.0005, 0.1672, 0.8135"
category theory,0.23431706428527832,"0.5405, 0.0273, 0.2680, 0.0995, 0.0649"
hurwitz stable,0.10265779495239258,"0.3039, 0.5711, 0.0917, 0.0246, 0.0087"
speech activity detection,0.36924538016319275,"0.1327, 0.1516, 0.3849, 0.2501, 0.0806"
joint entropies,0.034100234508514404,"0.0028, 0.9798, 0.0140, 0.0027, 0.0007"
nonorthogonal problems,0.2020224630832672,"0.0413, 0.4122, 0.3347, 0.1321, 0.0797"
bernstein polynomials,0.30814099311828613,"0.2104, 0.3184, 0.3367, 0.1004, 0.0341"
human learning,0.30834120512008667,"0.1444, 0.4395, 0.3318, 0.0606, 0.0236"
division multiplexing,0.4341006278991699,"0.0757, 0.0710, 0.2586, 0.3055, 0.2892"
adaptive equalizers,0.4775821268558502,"0.0011, 0.2618, 0.2743, 0.2514, 0.2113"
randomized meldable priority queue,0.07818681001663208,"0.0006, 0.8386, 0.0502, 0.0270, 0.0837"
objective function,0.4976315200328827,"0.0055, 0.0007, 0.5734, 0.2627, 0.1578"
range queries,0.46646648645401,"0.1370, 0.0582, 0.4785, 0.2039, 0.1225"
negative transfer learning,0.16455987095832825,"0.7960, 0.0288, 0.0352, 0.0946, 0.0453"
abstract state machines,0.47986680269241333,"0.0004, 0.0007, 0.4452, 0.3760, 0.1777"
nearest neighbor problem,0.09226301312446594,"0.0493, 0.0014, 0.4096, 0.4827, 0.0569"
minimum message length,0.021145939826965332,"0.0662, 0.0074, 0.9163, 0.0099, 0.0003"
gibbs sampling,0.41308316588401794,"0.5466, 0.3794, 0.0381, 0.0186, 0.0173"
pattern matching,0.21992850303649902,"0.0000, 0.8082, 0.1559, 0.0275, 0.0085"
enhanced double hashing,0.0547637939453125,"0.3433, 0.5952, 0.0101, 0.0472, 0.0043"
finite graph,0.4453793168067932,"0.4773, 0.0099, 0.3444, 0.1107, 0.0577"
physical memory,0.08809679746627808,"0.9901, 0.0019, 0.0058, 0.0014, 0.0008"
octave scripting language,0.37151485681533813,"0.0671, 0.0035, 0.0040, 0.6497, 0.2758"
cholesky factor,0.3649151921272278,"0.0195, 0.6780, 0.1670, 0.0793, 0.0562"
eager learning,0.061707139015197754,"0.7940, 0.1373, 0.0600, 0.0070, 0.0017"
acoustic model,0.344462126493454,"0.9687, 0.0049, 0.0120, 0.0071, 0.0073"
web pages,0.48200997710227966,"0.0013, 0.7582, 0.0647, 0.0688, 0.1069"
basic function,0.42899930477142334,"0.0136, 0.0007, 0.5918, 0.2608, 0.1332"
special memory allocation libraries,0.025175541639328003,"0.9931, 0.0006, 0.0000, 0.0054, 0.0009"
fp discovery,0.40728500485420227,"0.0094, 0.4753, 0.3103, 0.1222, 0.0828"
term complex data type,0.39643189311027527,"0.0056, 0.0519, 0.1324, 0.7807, 0.0293"
transformation rules,0.2904546856880188,"0.0035, 0.0086, 0.6425, 0.2405, 0.1049"
displaying data,0.4378875195980072,"0.3165, 0.4275, 0.1970, 0.0407, 0.0183"
serial manipulator,0.3219473361968994,"0.8360, 0.0005, 0.0398, 0.0468, 0.0769"
flow diagram,0.30093997716903687,"0.9366, 0.0175, 0.0280, 0.0100, 0.0079"
single core processors,0.160755455493927,"0.9649, 0.0335, 0.0016, 0.0001, 0.0000"
portable distributed objects,0.1402745246887207,"0.3253, 0.0008, 0.0358, 0.5672, 0.0708"
computability logic homepage comprehensive survey,0.47688016295433044,"0.0000, 0.0001, 0.0003, 0.0592, 0.9404"
confidence score,0.26421964168548584,"0.5675, 0.4140, 0.0097, 0.0046, 0.0043"
cluster centers,0.07774093747138977,"0.0009, 0.9807, 0.0120, 0.0040, 0.0025"
private key set,0.37869396805763245,"0.0174, 0.1064, 0.2074, 0.3946, 0.2743"
source programs,0.0691339373588562,"0.9989, 0.0006, 0.0002, 0.0001, 0.0002"
continuous unimodal function,0.3556287884712219,"0.2053, 0.0359, 0.0005, 0.4817, 0.2766"
quantum information,0.2949119806289673,"0.0124, 0.5937, 0.2266, 0.0945, 0.0728"
monic polynomials,0.1821863353252411,"0.2648, 0.5260, 0.1796, 0.0250, 0.0047"
belief network,0.3837781250476837,"0.9882, 0.0022, 0.0018, 0.0024, 0.0054"
empty set,0.2917846143245697,"0.2049, 0.1861, 0.3266, 0.1723, 0.1100"
spice protocol,0.2245263159275055,"0.9375, 0.0018, 0.0125, 0.0175, 0.0307"
hidden layers,0.4998835623264313,"0.0028, 0.6105, 0.2567, 0.0899, 0.0401"
joint density,0.37027469277381897,"0.0003, 0.5569, 0.3107, 0.0918, 0.0403"
exact function,0.32305908203125,"0.3570, 0.0016, 0.4777, 0.1156, 0.0481"
world wide web,0.12048414349555969,"0.0015, 0.9958, 0.0012, 0.0013, 0.0002"
rnyi information dimension,0.19653856754302979,"0.7516, 0.0717, 0.0154, 0.0899, 0.0714"
synthetic consciousness,0.46965292096138,"0.0338, 0.3567, 0.1824, 0.1782, 0.2489"
left stochastic matrix,0.295565128326416,"0.9901, 0.0001, 0.0000, 0.0048, 0.0050"
computer skills,0.46283912658691406,"0.0166, 0.7185, 0.1331, 0.0740, 0.0578"
mathematical study,0.06014460325241089,"0.0004, 0.9957, 0.0037, 0.0003, 0.0000"
n log n comparisons,0.2202204465866089,"0.0004, 0.0000, 0.0150, 0.9800, 0.0047"
training time,0.24659019708633423,"0.4982, 0.1420, 0.3068, 0.0434, 0.0096"
Node Link,0.3879622519016266,"0.0001, 0.1267, 0.3655, 0.3079, 0.1998"
maximum likelihood,0.29591718316078186,"0.9697, 0.0302, 0.0001, 0.0000, 0.0000"
image file formats,0.24164584279060364,"0.1870, 0.7588, 0.0501, 0.0031, 0.0009"
complex event processing,0.35907161235809326,"0.0214, 0.0704, 0.0811, 0.7355, 0.0917"
vague set,0.06373769044876099,"0.8951, 0.0466, 0.0358, 0.0137, 0.0088"
technology information,0.3254908323287964,"0.1172, 0.4961, 0.1978, 0.0965, 0.0924"
optimal solution,0.11925694346427917,"0.0265, 0.2996, 0.5549, 0.0991, 0.0199"
classification performance,0.4791478216648102,"0.0024, 0.7945, 0.1133, 0.0511, 0.0386"
computing resources,0.26911985874176025,"0.0010, 0.9453, 0.0297, 0.0136, 0.0104"
conjunctive normal form,0.021416187286376953,"0.0529, 0.4684, 0.4669, 0.0092, 0.0024"
file overwrites,0.3226909637451172,"0.9995, 0.0000, 0.0001, 0.0001, 0.0003"
data flows,0.19779285788536072,"0.0001, 0.9987, 0.0010, 0.0001, 0.0001"
augmented reality,0.04166409373283386,"0.5123, 0.4160, 0.0438, 0.0160, 0.0119"
back end,0.008253484964370728,"0.5431, 0.4391, 0.0151, 0.0021, 0.0006"
dimensional optimization problem,0.4467470049858093,"0.0001, 0.0004, 0.1257, 0.6193, 0.2545"
backward euler method,0.39468395709991455,"0.1105, 0.1470, 0.0863, 0.4562, 0.1999"
proxy pattern,0.4389829635620117,"0.0052, 0.0041, 0.5004, 0.2863, 0.2040"
parsimonious reductions,0.16328567266464233,"0.0609, 0.5977, 0.2385, 0.0745, 0.0284"
common language runtime,0.30348098278045654,"0.0047, 0.0030, 0.9176, 0.0593, 0.0154"
sort keys,0.34651628136634827,"0.0008, 0.5262, 0.3315, 0.1041, 0.0374"
priority queue based data structure,0.2011348307132721,"0.1201, 0.0160, 0.1326, 0.0475, 0.6838"
natural language text,0.47475987672805786,"0.0005, 0.0005, 0.3045, 0.5086, 0.1859"
information security,0.2435261309146881,"0.6032, 0.0272, 0.1301, 0.1126, 0.1269"
frequent pattern discovery,0.07866781949996948,"0.0203, 0.0002, 0.8825, 0.0883, 0.0086"
bit string,0.33041635155677795,"0.0029, 0.0346, 0.6265, 0.2493, 0.0867"
optimization problems,0.456790566444397,"0.0007, 0.1960, 0.4054, 0.2378, 0.1602"
membership inference,0.1371529996395111,"0.9184, 0.0042, 0.0117, 0.0174, 0.0484"
audit trail records,0.27055490016937256,"0.0120, 0.4395, 0.5470, 0.0012, 0.0002"
analog recording,0.1616516411304474,"0.5149, 0.4841, 0.0007, 0.0002, 0.0001"
meldable heap implementation,0.15627437829971313,"0.6215, 0.0025, 0.1351, 0.1268, 0.1141"
scalar response,0.24396750330924988,"0.0050, 0.3112, 0.3863, 0.1872, 0.1103"
classification criteria,0.17942845821380615,"0.0007, 0.9588, 0.0276, 0.0082, 0.0048"
address pool,0.14307311177253723,"0.0539, 0.8772, 0.0445, 0.0155, 0.0089"
evolution strategies,0.1239689290523529,"0.0341, 0.7993, 0.1070, 0.0388, 0.0208"
test bits,0.1360471546649933,"0.9213, 0.0700, 0.0075, 0.0011, 0.0003"
runtime environment,0.2861550748348236,"0.1111, 0.4863, 0.2820, 0.0814, 0.0392"
abstract algebra,0.4650452136993408,"0.0007, 0.0062, 0.4859, 0.3120, 0.1953"
extensible encoding system,0.3880159258842468,"0.9756, 0.0103, 0.0026, 0.0048, 0.0066"
boundary singularity,0.4084591567516327,"0.0090, 0.5993, 0.1644, 0.1060, 0.1213"
statistical model comparison,0.21658971905708313,"0.0034, 0.0001, 0.9844, 0.0084, 0.0038"
linear combination,0.3153156638145447,"0.0009, 0.7823, 0.0592, 0.0586, 0.0991"
max-flow min-cut theorem,0.1971009373664856,"0.1639, 0.0875, 0.0190, 0.6454, 0.0842"
mobile software agent,0.4788401126861572,"0.9294, 0.0003, 0.0002, 0.0165, 0.0536"
quality metrics,0.4675443768501282,"0.0077, 0.9548, 0.0334, 0.0035, 0.0006"
weighted round robin,0.05437895655632019,"0.0018, 0.4786, 0.4978, 0.0204, 0.0014"
advanced computing environment,0.3175519108772278,"0.8222, 0.0039, 0.1304, 0.0355, 0.0080"
data type constrains,0.42153048515319824,"0.0495, 0.7688, 0.0106, 0.0864, 0.0847"
advanced encryption standard,0.010225564241409302,"0.9960, 0.0001, 0.0037, 0.0001, 0.0000"
disk hardware encryption,0.38966503739356995,"0.9591, 0.0402, 0.0001, 0.0002, 0.0005"
electronic signatures,0.04068613052368164,"0.4802, 0.5166, 0.0026, 0.0005, 0.0001"
spanning trees,0.4099791347980499,"0.5803, 0.0654, 0.2711, 0.0578, 0.0254"
reverse lookup,0.128129243850708,"0.0005, 0.8831, 0.0859, 0.0213, 0.0092"
javascript pseudorandom number generators,0.4385007619857788,"0.0000, 0.0000, 0.0083, 0.3202, 0.6715"
immutable objects,0.3256551921367645,"0.0001, 0.0105, 0.6820, 0.2244, 0.0830"
local minima,0.2738761901855469,"0.1493, 0.1518, 0.4264, 0.1784, 0.0940"
digital  web pages,0.40570151805877686,"0.0475, 0.0289, 0.0012, 0.8474, 0.0750"
sorting lists,0.46678808331489563,"0.0000, 0.0152, 0.7632, 0.1696, 0.0520"
finite automata theory,0.40120071172714233,"0.5581, 0.0000, 0.0126, 0.2589, 0.1704"
streaming media,0.2561953365802765,"0.8820, 0.1164, 0.0012, 0.0003, 0.0001"
mean shift algorithm,0.4585132598876953,"0.8394, 0.0067, 0.0009, 0.1201, 0.0328"
distributed object communication,0.4575097858905792,"0.0013, 0.0031, 0.1146, 0.5554, 0.3256"
delta encoding,0.21561193466186523,"0.9916, 0.0006, 0.0045, 0.0019, 0.0013"
mobile computing devices,0.19550159573554993,"0.0014, 0.0010, 0.9731, 0.0184, 0.0061"
entanglement measurement,0.15505969524383545,"0.0000, 0.9790, 0.0198, 0.0011, 0.0001"
classic ad hoc,0.010991990566253662,"0.1740, 0.0480, 0.6893, 0.0843, 0.0043"
meldable heap,0.3193654417991638,"0.6283, 0.0039, 0.0811, 0.1012, 0.1855"
known classes,0.013296782970428467,"0.9881, 0.0078, 0.0036, 0.0004, 0.0001"
minimum k-cut,0.08659973740577698,"0.3282, 0.6585, 0.0122, 0.0009, 0.0001"
sibling calls,0.195256769657135,"0.0717, 0.4112, 0.2879, 0.1356, 0.0935"
imperative features,0.044991493225097656,"0.0430, 0.8898, 0.0595, 0.0061, 0.0017"
mathematical constructors,0.19689279794692993,"0.0199, 0.0710, 0.6621, 0.1902, 0.0568"
accurate identification method,0.30851274728775024,"0.9669, 0.0168, 0.0040, 0.0088, 0.0036"
stochastic optimal control,0.46617409586906433,"0.0080, 0.5444, 0.0075, 0.1720, 0.2681"
runtime efficiency,0.34826406836509705,"0.2564, 0.4446, 0.2138, 0.0622, 0.0230"
time delays,0.4925384819507599,"0.0989, 0.2590, 0.3397, 0.1805, 0.1218"
polynomial expression,0.46003732085227966,"0.0010, 0.0787, 0.6867, 0.1752, 0.0585"
brute-force search,0.36954617500305176,"0.0000, 0.2138, 0.5814, 0.1571, 0.0477"
numerical method,0.49416297674179077,"0.0042, 0.0557, 0.4794, 0.2677, 0.1930"
math functions,0.32450181245803833,"0.0052, 0.0014, 0.6580, 0.2472, 0.0883"
managed code,0.37032175064086914,"0.4527, 0.0001, 0.0953, 0.1693, 0.2826"
functional presence engine,0.18827396631240845,"0.0001, 0.1862, 0.7754, 0.0327, 0.0055"
revision control software,0.1358177661895752,"0.9746, 0.0126, 0.0003, 0.0024, 0.0101"
proxy object,0.38189736008644104,"0.0076, 0.0060, 0.5158, 0.2802, 0.1905"
zero fields,0.0910423994064331,"0.0115, 0.6297, 0.3363, 0.0212, 0.0013"
scientific method,0.43996697664260864,"0.8157, 0.0283, 0.0975, 0.0360, 0.0226"
DMA attack,0.3040708303451538,"0.0109, 0.2162, 0.4179, 0.2272, 0.1278"
bernstein basis polynomials,0.37785351276397705,"0.1594, 0.0227, 0.4400, 0.2877, 0.0902"
euclidean division,0.47475865483283997,"0.0302, 0.1550, 0.3925, 0.2451, 0.1772"
neighbouring vertices,0.31924402713775635,"0.0332, 0.0541, 0.6565, 0.1887, 0.0675"
progressive networks,0.27188658714294434,"0.9157, 0.0081, 0.0272, 0.0222, 0.0268"
association rule learning,0.46105867624282837,"0.0000, 0.0000, 0.4201, 0.4617, 0.1181"
knapsack problem,0.3290373682975769,"0.0178, 0.1561, 0.5231, 0.1999, 0.1031"
probability density proportional,0.4664779603481293,"0.0006, 0.0697, 0.8041, 0.0750, 0.0507"
error message,0.4927200376987457,"0.0242, 0.2510, 0.2501, 0.2320, 0.2427"
message authentication codes,0.3250958323478699,"0.9775, 0.0009, 0.0000, 0.0055, 0.0161"
private key,0.495900422334671,"0.0375, 0.3878, 0.2074, 0.1737, 0.1936"
finite element methods,0.07825967669487,"0.0894, 0.0029, 0.7248, 0.1681, 0.0149"
ambient networks,0.47985726594924927,"0.9965, 0.0009, 0.0013, 0.0006, 0.0005"
data encryption standard,0.44553112983703613,"0.3766, 0.0094, 0.5403, 0.0483, 0.0254"
analog filters,0.33708420395851135,"0.3723, 0.0281, 0.3117, 0.1924, 0.0955"
physical qualities,0.01028507947921753,"0.0219, 0.9773, 0.0008, 0.0000, 0.0000"
amdahl's law,0.19796383380889893,"0.0305, 0.0250, 0.6321, 0.2237, 0.0887"
bit manipulations,0.44415709376335144,"0.1159, 0.0096, 0.3832, 0.2623, 0.2289"
gap analysis naturally flows,0.11082065105438232,"0.0019, 0.0003, 0.0061, 0.9912, 0.0004"
side channel attack,0.003933370113372803,"0.9985, 0.0006, 0.0006, 0.0002, 0.0000"
thus trees,0.0673888623714447,"0.9618, 0.0062, 0.0219, 0.0060, 0.0041"
bonferroni testing,0.46726539731025696,"0.0093, 0.9429, 0.0268, 0.0125, 0.0085"
complex vector spaces,0.46879249811172485,"0.0031, 0.0001, 0.2291, 0.5644, 0.2033"
background assumption,0.4283854067325592,"0.5837, 0.0360, 0.1272, 0.0955, 0.1576"
prune and search,0.06183984875679016,"0.0000, 0.1052, 0.7432, 0.1447, 0.0068"
adjacent vertices,0.03964582085609436,"0.6359, 0.0500, 0.2671, 0.0390, 0.0080"
adaptive equalizer,0.4552105963230133,"0.0008, 0.2862, 0.2839, 0.2450, 0.1842"
internet route objects,0.49665239453315735,"0.0002, 0.0001, 0.0103, 0.7038, 0.2856"
integrated computational materials engineering,0.13688918948173523,"0.0053, 0.0000, 0.0273, 0.7360, 0.2314"
structural induction,0.2952868342399597,"0.1532, 0.5065, 0.2039, 0.0850, 0.0515"
current databases,0.4854676127433777,"0.7000, 0.0089, 0.0962, 0.0857, 0.1092"
logical calculi,0.2524275481700897,"0.0400, 0.8636, 0.0490, 0.0248, 0.0225"
method call,0.44470542669296265,"0.0050, 0.1278, 0.3962, 0.2648, 0.2061"
inverse system,0.49038949608802795,"0.8780, 0.0134, 0.0259, 0.0317, 0.0510"
bit twiddling,0.3947642743587494,"0.1780, 0.0109, 0.2524, 0.2870, 0.2717"
descriptive statistics,0.23009318113327026,"0.0097, 0.9856, 0.0035, 0.0008, 0.0004"
labeled data,0.44543588161468506,"0.1855, 0.5580, 0.2042, 0.0369, 0.0153"
flowers method,0.20579195022583008,"0.7932, 0.0512, 0.1214, 0.0257, 0.0084"
connected wireless device,0.06635981798171997,"0.0720, 0.0523, 0.8648, 0.0099, 0.0010"
traditional computer networking,0.37892279028892517,"0.6805, 0.2452, 0.0048, 0.0237, 0.0458"
classical backpropagation rule,0.44453996419906616,"0.0029, 0.0029, 0.0006, 0.6816, 0.3120"
fortran basic linear algebra subprograms,0.3706279695034027,"0.0057, 0.9827, 0.0007, 0.0006, 0.0103"
proof method,0.4024643301963806,"0.6812, 0.0337, 0.1474, 0.0730, 0.0648"
digital signatures,0.06789490580558777,"0.0745, 0.9116, 0.0087, 0.0034, 0.0017"
value distribution,0.2913697361946106,"0.5980, 0.1307, 0.1648, 0.0657, 0.0407"
structural recursion,0.3993435502052307,"0.0093, 0.0057, 0.4195, 0.3199, 0.2456"
state machine operating,0.39920270442962646,"0.0007, 0.0820, 0.8979, 0.0092, 0.0102"
distributed search,0.4513170123100281,"0.0003, 0.2366, 0.5033, 0.1746, 0.0852"
semantic predicates,0.49224597215652466,"0.0005, 0.0628, 0.6167, 0.2004, 0.1197"
outer node,0.44740521907806396,"0.0091, 0.0013, 0.5292, 0.2983, 0.1621"
simple directed graphs,0.04798734188079834,"0.9908, 0.0010, 0.0010, 0.0050, 0.0022"
spatial relations,0.3718028664588928,"0.0111, 0.0186, 0.6939, 0.1899, 0.0864"
electronic signature,0.04761379957199097,"0.4369, 0.5264, 0.0285, 0.0061, 0.0021"
traditional convolutional layers,0.4095269441604614,"0.0000, 0.0012, 0.8094, 0.1496, 0.0398"
amd accelerated processing units,0.42297056317329407,"0.0003, 0.0068, 0.0003, 0.7904, 0.2022"
computationally intractable,0.16918209195137024,"0.0001, 0.9979, 0.0013, 0.0004, 0.0002"
primitive recursive,0.49013325572013855,"0.0025, 0.0098, 0.4185, 0.3091, 0.2601"
distance metric,0.45469459891319275,"0.0004, 0.9554, 0.0415, 0.0026, 0.0002"
industrial design,0.3273129463195801,"0.0300, 0.1810, 0.4911, 0.1894, 0.1086"
recursively dividing,0.45187437534332275,"0.0001, 0.3559, 0.3926, 0.1602, 0.0911"
flow analysis,0.3716040253639221,"0.9390, 0.0327, 0.0190, 0.0054, 0.0039"
graph exploration,0.47375017404556274,"0.0000, 0.6974, 0.1719, 0.0756, 0.0551"
global solutions,0.13440930843353271,"0.0015, 0.2738, 0.5712, 0.1251, 0.0284"
streaming text,0.44970864057540894,"0.7619, 0.0611, 0.1121, 0.0427, 0.0221"
fast fourier transform,0.13692757487297058,"0.8281, 0.0906, 0.0781, 0.0031, 0.0002"
encryption keys,0.4430510401725769,"0.0154, 0.2698, 0.3379, 0.2226, 0.1543"
industrial protocol,0.32976335287094116,"0.8371, 0.0109, 0.0467, 0.0466, 0.0588"
input operands,0.21649077534675598,"0.4301, 0.4505, 0.0625, 0.0325, 0.0244"
design problem,0.4274201989173889,"0.0022, 0.1281, 0.5272, 0.2190, 0.1235"
compressed sensing,0.4783160388469696,"0.0003, 0.9615, 0.0275, 0.0077, 0.0031"
primitive data types,0.20917096734046936,"0.0000, 0.0011, 0.9838, 0.0126, 0.0025"
least linear,0.26209700107574463,"0.9974, 0.0003, 0.0011, 0.0006, 0.0007"
signal generation,0.2975388169288635,"0.0827, 0.2794, 0.4643, 0.1278, 0.0459"
conceptual design discipline,0.49107295274734497,"0.0367, 0.0105, 0.0045, 0.6105, 0.3378"
random vectors,0.42106908559799194,"0.0001, 0.0012, 0.4300, 0.3467, 0.2220"
local minimum,0.13198259472846985,"0.0219, 0.9657, 0.0113, 0.0010, 0.0001"
computational resources,0.31057751178741455,"0.0001, 0.9235, 0.0407, 0.0205, 0.0151"
medical imaging,0.04920196533203125,"0.8605, 0.1394, 0.0001, 0.0000, 0.0000"
bounded flat surface,0.11627578735351562,"0.0004, 0.0033, 0.5242, 0.4119, 0.0602"
online information,0.15130385756492615,"0.8876, 0.0635, 0.0232, 0.0121, 0.0137"
schwartzian transform,0.4457567632198334,"0.0172, 0.4370, 0.2703, 0.1584, 0.1172"
multiplexing technique,0.2344481348991394,"0.0052, 0.3425, 0.4299, 0.1515, 0.0709"
star network,0.3334925174713135,"0.9980, 0.0011, 0.0004, 0.0003, 0.0003"
ipv6 address pool,0.3111587166786194,"0.0011, 0.0112, 0.7255, 0.1393, 0.1229"
memory sharing,0.4341411590576172,"0.0075, 0.5493, 0.0941, 0.1159, 0.2332"
error monitoring,0.4176216125488281,"0.0002, 0.9824, 0.0128, 0.0034, 0.0013"
lookahead carry unit,0.1410866379737854,"0.0041, 0.0525, 0.3518, 0.5472, 0.0444"
gated recurrent units,0.48037949204444885,"0.0017, 0.0315, 0.5312, 0.3397, 0.0958"
dma attack,0.3040708303451538,"0.0109, 0.2162, 0.4179, 0.2272, 0.1278"
statistical properties,0.44522732496261597,"0.0406, 0.0401, 0.5648, 0.2239, 0.1307"
embedded systems,0.4382048547267914,"0.6761, 0.0087, 0.0789, 0.0970, 0.1393"
complex hermitian matrices,0.41858717799186707,"0.0329, 0.0004, 0.0109, 0.6403, 0.3155"
symbolic artificial intelligence,0.3352428674697876,"0.8084, 0.0086, 0.0059, 0.1022, 0.0749"
computational materials science,0.335837721824646,"0.0000, 0.0067, 0.6377, 0.2985, 0.0570"
compound logic gates,0.34458041191101074,"0.0018, 0.0002, 0.5668, 0.3211, 0.1101"
biologically inspired computing,0.16497734189033508,"0.1494, 0.8477, 0.0004, 0.0017, 0.0009"
global minimum,0.2426600456237793,"0.0050, 0.9675, 0.0231, 0.0038, 0.0006"
noise ratio,0.38149788975715637,"0.5243, 0.2511, 0.1463, 0.0530, 0.0253"
squared euclidean distances,0.24553197622299194,"0.0125, 0.0011, 0.9541, 0.0301, 0.0021"
numerical operations,0.22739240527153015,"0.0030, 0.0456, 0.6985, 0.1914, 0.0615"
data transfer,0.4695676267147064,"0.3364, 0.5731, 0.0326, 0.0248, 0.0331"
first-order reduction,0.3131311535835266,"0.0128, 0.2347, 0.4592, 0.1949, 0.0984"
reduction systems,0.3225419521331787,"0.7643, 0.0191, 0.0995, 0.0654, 0.0518"
arbitrary data structures,0.38449010252952576,"0.0011, 0.0125, 0.1011, 0.7691, 0.1162"
data differencing,0.40648341178894043,"0.0052, 0.8355, 0.0921, 0.0366, 0.0306"
fully recurrent neural networks,0.3764878511428833,"0.9999, 0.0001, 0.0000, 0.0000, 0.0000"
inverse direction,0.4841371476650238,"0.0252, 0.1303, 0.4137, 0.2421, 0.1886"
analog signal,0.4153359532356262,"0.2230, 0.5590, 0.1672, 0.0395, 0.0113"
output label,0.4723447263240814,"0.0216, 0.0166, 0.6603, 0.2089, 0.0927"
cost allocation,0.3277338743209839,"0.3941, 0.0020, 0.2588, 0.1966, 0.1485"
compiler correctness,0.49821245670318604,"0.0000, 0.2959, 0.2191, 0.2082, 0.2767"
soft decision viterbi decoders,0.05120176076889038,"0.7214, 0.2553, 0.0034, 0.0004, 0.0194"
training set,0.3016290068626404,"0.8467, 0.0935, 0.0470, 0.0098, 0.0029"
database indexing technique,0.4725313186645508,"0.0000, 0.0005, 0.4769, 0.3847, 0.1380"
advanced message queuing protocol,0.01981368660926819,"0.9943, 0.0053, 0.0004, 0.0000, 0.0000"
finite state machines,0.10295814275741577,"0.1522, 0.0027, 0.7106, 0.1210, 0.0134"
copyright investigation,0.3752674162387848,"0.0193, 0.5081, 0.2214, 0.1309, 0.1203"
learning state,0.3594341278076172,"0.3361, 0.2097, 0.2167, 0.1194, 0.1181"
de morgan's law,0.00035390257835388184,"0.9534, 0.0446, 0.0001, 0.0015, 0.0004"
big data,0.17146006226539612,"0.6198, 0.3297, 0.0463, 0.0036, 0.0007"
logical security boundaries,0.4785756468772888,"0.0726, 0.0024, 0.1675, 0.5262, 0.2313"
spatial multiplexing,0.4731464087963104,"0.2742, 0.1443, 0.2452, 0.1886, 0.1476"
universal approximation theorem,0.3619149625301361,"0.0269, 0.0149, 0.0088, 0.7071, 0.2423"
abstract machines,0.4589202404022217,"0.0003, 0.4918, 0.3190, 0.1196, 0.0692"
character sets,0.49657145142555237,"0.0010, 0.0212, 0.5743, 0.2527, 0.1507"
logical expressions,0.47961530089378357,"0.0003, 0.0296, 0.6895, 0.1977, 0.0829"
labeled training data,0.3105286955833435,"0.2334, 0.6597, 0.0946, 0.0114, 0.0010"
discrete mathematics,0.2801356315612793,"0.0036, 0.1283, 0.7030, 0.1362, 0.0288"
fibonacci search technique,0.12212353944778442,"0.0000, 0.0247, 0.7338, 0.2112, 0.0303"
right stochastic matrix,0.2908753752708435,"0.9932, 0.0000, 0.0000, 0.0030, 0.0037"
mathematical duality,0.22962364554405212,"0.0273, 0.3428, 0.4860, 0.1090, 0.0348"
boosting methods,0.43128037452697754,"0.8932, 0.0633, 0.0319, 0.0086, 0.0031"
time complexity,0.40004369616508484,"0.0010, 0.0916, 0.6604, 0.1804, 0.0666"
statistical mechanics,0.3916132152080536,"0.5314, 0.2001, 0.1617, 0.0685, 0.0383"
combinatorial explosion,0.08334839344024658,"0.0000, 0.9934, 0.0052, 0.0010, 0.0004"
graph minor theory,0.1003747284412384,"0.0002, 0.9421, 0.0038, 0.0379, 0.0161"
grading sentiment analysis,0.34888142347335815,"0.1180, 0.5731, 0.1189, 0.1376, 0.0523"
mathematical framework,0.4811646342277527,"0.3962, 0.1954, 0.2323, 0.1017, 0.0744"
hardware links,0.37337711453437805,"0.4463, 0.2751, 0.1432, 0.0831, 0.0522"
phase distinction,0.005842298269271851,"0.0002, 0.9809, 0.0176, 0.0011, 0.0002"
environmental prediction,0.3069552481174469,"0.9885, 0.0025, 0.0026, 0.0024, 0.0040"
artificial intelligent agents,0.4920714199542999,"0.0014, 0.0110, 0.1408, 0.4245, 0.4223"
real numbers,0.24833866953849792,"0.0619, 0.1211, 0.5954, 0.1636, 0.0580"
active networking,0.4683827757835388,"0.9619, 0.0114, 0.0149, 0.0074, 0.0045"
information system,0.21134766936302185,"0.9460, 0.0043, 0.0089, 0.0128, 0.0281"
temporal coupling,0.3585939407348633,"0.0469, 0.2018, 0.3789, 0.2111, 0.1613"
unified modelling language,0.39917314052581787,"0.2510, 0.0020, 0.0041, 0.5290, 0.2139"
functional arguments,0.35218364000320435,"0.0036, 0.0529, 0.6219, 0.2298, 0.0918"
imperative quantum programming languages,0.4234732985496521,"0.2060, 0.0003, 0.0000, 0.0128, 0.7809"
bit bashing,0.43750977516174316,"0.0496, 0.0210, 0.3960, 0.3042, 0.2293"
function join,0.07490721344947815,"0.0000, 0.9901, 0.0069, 0.0021, 0.0010"
static  pure spatial patterns,0.41985130310058594,"0.0000, 0.0007, 0.9759, 0.0118, 0.0116"
internet addressing structure,0.240044504404068,"0.0001, 0.0024, 0.0925, 0.7848, 0.1202"
modern deep learning models,0.28532591462135315,"0.0494, 0.7906, 0.1536, 0.0035, 0.0029"
radial functions,0.30675193667411804,"0.0092, 0.0010, 0.5959, 0.2742, 0.1197"
significant digits,0.0053660571575164795,"0.9941, 0.0056, 0.0003, 0.0000, 0.0000"
software requirements analysis,0.47497913241386414,"0.0045, 0.3376, 0.0908, 0.3288, 0.2384"
software engineering body,0.22925937175750732,"0.0000, 0.0024, 0.9366, 0.0367, 0.0243"
intelligent agent paradigm,0.44428691267967224,"0.0222, 0.0097, 0.3170, 0.3680, 0.2832"
run time,0.047173112630844116,"0.9920, 0.0041, 0.0037, 0.0003, 0.0000"
systems engineering,0.42251595854759216,"0.0007, 0.1959, 0.4456, 0.2182, 0.1396"
ordered sets,0.2005349099636078,"0.0008, 0.0794, 0.7650, 0.1263, 0.0286"
user experience design,0.03789094090461731,"0.0122, 0.9407, 0.0126, 0.0249, 0.0097"
multi layer perceptron,0.11413830518722534,"0.3845, 0.0895, 0.4901, 0.0303, 0.0055"
computational fluid dynamics,0.17874789237976074,"0.0000, 0.9993, 0.0001, 0.0004, 0.0003"
ip address pool,0.16482305526733398,"0.0062, 0.0337, 0.8398, 0.0781, 0.0423"
combinatorial optimization problems,0.4971650540828705,"0.0001, 0.0012, 0.2224, 0.4828, 0.2935"
pseudorandom number generators,0.4722459316253662,"0.0000, 0.0058, 0.2190, 0.5165, 0.2586"
optimality problem,0.44331419467926025,"0.0005, 0.0934, 0.5296, 0.2426, 0.1339"
original data,0.13429024815559387,"0.7695, 0.0709, 0.0869, 0.0363, 0.0363"
moravec's paradox,0.43438562750816345,"0.0039, 0.4983, 0.1586, 0.1368, 0.2025"
multimedia communication,0.28008294105529785,"0.5556, 0.0412, 0.1730, 0.1203, 0.1099"
join trees,0.21182841062545776,"0.8768, 0.0079, 0.0597, 0.0280, 0.0276"
input sentence,0.11160537600517273,"0.0065, 0.5295, 0.3702, 0.0698, 0.0239"
priority queue,0.20359307527542114,"0.2313, 0.1633, 0.4086, 0.1392, 0.0576"
lazy learning systems,0.49284985661506653,"0.0116, 0.8586, 0.0098, 0.0617, 0.0583"
distance metric learning,0.21463194489479065,"0.0004, 0.4031, 0.5233, 0.0706, 0.0026"
object recognition  technical report icg,0.2845643162727356,"0.0000, 0.0018, 0.0125, 0.0089, 0.9767"
unreversed indexes,0.29057711362838745,"0.0127, 0.1309, 0.6538, 0.1594, 0.0433"
extensible text framework,0.26198330521583557,"0.5502, 0.2655, 0.0546, 0.0835, 0.0463"
data center,0.2851845324039459,"0.0133, 0.9590, 0.0185, 0.0056, 0.0036"
first order logic,0.4154052436351776,"0.0029, 0.0000, 0.0162, 0.8251, 0.1558"
